-3.390163e+00 9.513605e+00
-1.519492e-01 2.730752e+00
-2.435437e-02 1.955348e+00
-9.744296e-01 1.397699e+00
-5.834977e-01 8.810743e-01
-4.050644e-01 6.455270e-01
-4.207749e-01 5.177736e-01
-2.421096e-01 3.745957e-01
-2.334427e-01 3.135454e-01
-2.097963e-01 2.772047e-01
-1.450674e-01 2.941411e-01
-1.742426e-01 1.820951e-01
+1.391323e+01 1.621411e+01
-2.090099e-04 3.921155e-01
+4.557977e-04 1.250933e-01
+1.199280e-04 8.377507e-02
+2.535366e-04 7.082012e-02
+2.700321e-04 4.565684e-02
+2.804152e-04 3.123234e-02
+1.077264e-04 2.563179e-02
-3.834978e-05 2.129740e-02
+4.567489e-05 1.760850e-02
+6.929104e-05 1.558603e-02
-1.998426e-05 1.457493e-02
-6.459125e-06 1.101578e-02
-5.352975e-04 5.370548e-01
-6.073033e-06 5.834233e-02
+7.599382e-06 2.131068e-02
+4.914339e-06 1.349022e-02
+6.414631e-07 1.174923e-02
-3.828232e-06 7.827738e-03
-2.677178e-06 5.649698e-03
-4.668143e-08 4.567774e-03
-5.739652e-07 3.911782e-03
+1.458195e-07 3.202144e-03
+3.259106e-06 2.830846e-03
+1.780035e-06 2.632011e-03
+1.347717e-06 2.034599e-03
+4.961104e-07 8.387741e-02
-3.390379e+00 9.514723e+00
-1.514774e-01 2.730446e+00
-2.423411e-02 1.955304e+00
-9.741796e-01 1.398095e+00
-5.832385e-01 8.813223e-01
-4.047944e-01 6.456127e-01
-4.206697e-01 5.178397e-01
-2.421514e-01 3.745613e-01
-2.333951e-01 3.135529e-01
-2.097183e-01 2.772140e-01
-1.450831e-01 2.941326e-01
-1.742419e-01 1.820940e-01
+1.391271e+01 1.621865e+01
-2.127535e-04 3.921216e-01
+4.646914e-04 1.250946e-01
+1.248799e-04 8.377602e-02
+2.549998e-04 7.081903e-02
+2.661275e-04 4.565599e-02
+2.768126e-04 3.123098e-02
+1.071496e-04 2.563053e-02
-3.950736e-05 2.129608e-02
+4.534931e-05 1.760719e-02
+7.203192e-05 1.558489e-02
-1.853615e-05 1.457415e-02
-4.970429e-06 1.101463e-02
-5.345712e-04 5.370434e-01
-6.449736e-06 5.834990e-02
+8.160367e-06 2.131446e-02
+4.602567e-06 1.349321e-02
+8.818367e-07 1.175158e-02
-3.732215e-06 7.829849e-03
-3.029169e-06 5.651675e-03
-1.299798e-07 4.569556e-03
-9.020841e-07 3.913421e-03
+3.253156e-07 3.203625e-03
+3.105089e-06 2.832183e-03
+1.015996e-06 2.633249e-03
+1.198438e-06 2.035642e-03
+1.354201e-06 8.388214e-02
-3.390598e+00 9.515865e+00
-1.510000e-01 2.730143e+00
-2.410731e-02 1.955256e+00
-9.739259e-01 1.398498e+00
-5.829825e-01 8.815632e-01
-4.045248e-01 6.456920e-01
-4.205637e-01 5.179060e-01
-2.421946e-01 3.745267e-01
-2.333500e-01 3.135595e-01
-2.096419e-01 2.772235e-01
-1.450978e-01 2.941252e-01
-1.742417e-01 1.820916e-01
+1.391218e+01 1.622323e+01
-2.170763e-04 3.921265e-01
+4.730582e-04 1.250947e-01
+1.301983e-04 8.377679e-02
+2.567470e-04 7.081777e-02
+2.629005e-04 4.565504e-02
+2.733591e-04 3.122971e-02
+1.054133e-04 2.562923e-02
-4.128130e-05 2.129463e-02
+4.621423e-05 1.760578e-02
+7.460605e-05 1.558369e-02
-1.839147e-05 1.457334e-02
-3.624420e-06 1.101342e-02
-5.329164e-04 5.370317e-01
-6.686645e-06 5.835769e-02
+9.460564e-06 2.131873e-02
+3.906580e-06 1.349649e-02
+1.235748e-06 1.175419e-02
-2.972895e-06 7.832204e-03
-3.380835e-06 5.653879e-03
+2.838365e-07 4.571588e-03
-9.156657e-07 3.915320e-03
+7.055509e-07 3.205341e-03
+2.734441e-06 2.833722e-03
+1.578578e-07 2.634667e-03
+1.116926e-06 2.036849e-03
+1.411146e-06 8.388690e-02
-3.390822e+00 9.517025e+00
-1.505180e-01 2.729837e+00
-2.397246e-02 1.955208e+00
-9.736686e-01 1.398904e+00
-5.827270e-01 8.818048e-01
-4.042580e-01 6.457725e-01
-4.204610e-01 5.179668e-01
-2.422378e-01 3.744917e-01
-2.333039e-01 3.135663e-01
-2.095636e-01 2.772323e-01
-1.451165e-01 2.941138e-01
-1.742425e-01 1.820889e-01
+1.391166e+01 1.622779e+01
-2.228893e-04 3.921308e-01
+4.850108e-04 1.250962e-01
+1.343440e-04 8.377752e-02
+2.590495e-04 7.081615e-02
+2.610559e-04 4.565372e-02
+2.693477e-04 3.122836e-02
+1.056296e-04 2.562782e-02
-4.244082e-05 2.129323e-02
+4.702657e-05 1.760440e-02
+7.641554e-05 1.558255e-02
-1.908342e-05 1.457246e-02
-2.633253e-06 1.101219e-02
-5.324377e-04 5.370175e-01
-6.382691e-06 5.836430e-02
+1.074690e-05 2.132258e-02
+2.532360e-06 1.349955e-02
+1.269137e-06 1.175668e-02
-1.973938e-06 7.834515e-03
-3.490330e-06 5.656025e-03
+1.010214e-06 4.573571e-03
-8.303272e-07 3.917135e-03
+9.349581e-07 3.206993e-03
+2.232071e-06 2.835226e-03
-1.623136e-07 2.636055e-03
+1.219906e-06 2.038032e-03
+7.641705e-07 8.389098e-02
-3.391045e+00 9.518181e+00
-1.500291e-01 2.729537e+00
-2.383313e-02 1.955155e+00
-9.734093e-01 1.399317e+00
-5.824692e-01 8.820505e-01
-4.039927e-01 6.458509e-01
-4.203604e-01 5.180270e-01
-2.422818e-01 3.744555e-01
-2.332544e-01 3.135743e-01
-2.094846e-01 2.772399e-01
-1.451359e-01 2.941029e-01
-1.742440e-01 1.820860e-01
+1.391113e+01 1.623241e+01
-2.286664e-04 3.921395e-01
+4.977336e-04 1.251024e-01
+1.359039e-04 8.378178e-02
+2.605594e-04 7.081792e-02
+2.601267e-04 4.565563e-02
+2.654070e-04 3.123011e-02
+1.072300e-04 2.562952e-02
-4.317893e-05 2.129473e-02
+4.819628e-05 1.760570e-02
+7.832435e-05 1.558381e-02
-1.959731e-05 1.457369e-02
-1.311639e-06 1.101293e-02
-5.326255e-04 5.370065e-01
-5.724432e-06 5.836832e-02
+1.161899e-05 2.132503e-02
+9.964843e-07 1.350162e-02
+1.098019e-06 1.175838e-02
-1.261167e-06 7.836116e-03
-3.502147e-06 5.657509e-03
+1.858365e-06 4.574947e-03
-6.752715e-07 3.918371e-03
+8.782566e-07 3.208128e-03
+1.794190e-06 2.836280e-03
-5.245146e-08 2.637041e-03
+1.413388e-06 2.038857e-03
+3.011224e-08 8.389304e-02
-3.391280e+00 9.519291e+00
-1.495167e-01 2.729131e+00
-2.369853e-02 1.955077e+00
-9.731470e-01 1.399727e+00
-5.822090e-01 8.822934e-01
-4.037304e-01 6.459200e-01
-4.202476e-01 5.180883e-01
-2.423246e-01 3.744187e-01
-2.332054e-01 3.135827e-01
-2.094058e-01 2.772482e-01
-1.451554e-01 2.940903e-01
-1.742441e-01 1.820807e-01
+1.391059e+01 1.623710e+01
-2.335489e-04 3.921348e-01
+5.088458e-04 1.251026e-01
+1.354075e-04 8.378207e-02
+2.611476e-04 7.081697e-02
+2.590732e-04 4.565543e-02
+2.621834e-04 3.122981e-02
+1.096817e-04 2.562942e-02
-4.383817e-05 2.129443e-02
+4.883332e-05 1.760547e-02
+7.977991e-05 1.558384e-02
-1.925435e-05 1.457383e-02
+2.747789e-07 1.101273e-02
-5.330031e-04 5.369861e-01
-4.771711e-06 5.836799e-02
+1.169689e-05 2.132490e-02
-4.627455e-08 1.350164e-02
+8.951033e-07 1.175832e-02
-9.164061e-07 7.836102e-03
-3.409457e-06 5.657491e-03
+2.177564e-06 4.574932e-03
-6.852417e-07 3.918347e-03
+7.963345e-07 3.208108e-03
+1.499304e-06 2.836286e-03
+2.069314e-07 2.637063e-03
+1.644794e-06 2.038841e-03
-4.020668e-07 8.389160e-02
-3.391514e+00 9.520401e+00
-1.490043e-01 2.728725e+00
-2.356393e-02 1.954999e+00
-9.728847e-01 1.400137e+00
-5.819488e-01 8.825361e-01
-4.034680e-01 6.459889e-01
-4.201349e-01 5.181495e-01
-2.423674e-01 3.743820e-01
-2.331563e-01 3.135910e-01
-2.093270e-01 2.772564e-01
-1.451749e-01 2.940776e-01
-1.742442e-01 1.820754e-01
+1.391006e+01 1.624179e+01
-2.384314e-04 3.921302e-01
+5.199580e-04 1.251028e-01
+1.349112e-04 8.378235e-02
+2.617358e-04 7.081601e-02
+2.580198e-04 4.565523e-02
+2.589598e-04 3.122952e-02
+1.121334e-04 2.562931e-02
-4.449741e-05 2.129412e-02
+4.947036e-05 1.760523e-02
+8.123546e-05 1.558387e-02
-1.891140e-05 1.457398e-02
+1.861196e-06 1.101254e-02
-5.333808e-04 5.369657e-01
-3.818990e-06 5.836766e-02
+1.177478e-05 2.132477e-02
-1.089033e-06 1.350165e-02
+6.921877e-07 1.175827e-02
-5.716449e-07 7.836089e-03
-3.316766e-06 5.657473e-03
+2.496763e-06 4.574918e-03
-6.952119e-07 3.918323e-03
+7.144124e-07 3.208087e-03
+1.204419e-06 2.836292e-03
+4.663143e-07 2.637085e-03
+1.876199e-06 2.038825e-03
-8.342459e-07 8.389017e-02
-3.391755e+00 9.521519e+00
-1.484861e-01 2.728308e+00
-2.343002e-02 1.954923e+00
-9.726251e-01 1.400543e+00
-5.816919e-01 8.827752e-01
-4.032095e-01 6.460539e-01
-4.200253e-01 5.182078e-01
-2.424142e-01 3.743429e-01
-2.331088e-01 3.135986e-01
-2.092435e-01 2.772659e-01
-1.451932e-01 2.940647e-01
-1.742409e-01 1.820708e-01
+1.390953e+01 1.624645e+01
-2.418653e-04 3.921113e-01
+5.323830e-04 1.250954e-01
+1.346090e-04 8.377855e-02
+2.629368e-04 7.081206e-02
+2.575273e-04 4.565253e-02
+2.555240e-04 3.122667e-02
+1.140658e-04 2.562725e-02
-4.520779e-05 2.129225e-02
+5.037120e-05 1.760358e-02
+8.245650e-05 1.558267e-02
-1.839172e-05 1.457296e-02
+4.004297e-06 1.101145e-02
-5.340704e-04 5.369257e-01
-2.608654e-06 5.836283e-02
+1.163093e-05 2.132204e-02
-2.118896e-06 1.349969e-02
+4.005698e-07 1.175638e-02
-6.993794e-09 7.834488e-03
-3.042808e-06 5.655948e-03
+2.910323e-06 4.573525e-03
-7.000982e-07 3.917010e-03
+5.937504e-07 3.206887e-03
+6.336294e-07 2.835260e-03
+5.141705e-07 2.636179e-03
+1.836253e-06 2.037963e-03
-1.343933e-06 8.388369e-02
-3.391995e+00 9.522657e+00
-1.479632e-01 2.727896e+00
-2.329494e-02 1.954848e+00
-9.723650e-01 1.400946e+00
-5.814412e-01 8.830094e-01
-4.029555e-01 6.461151e-01
-4.199148e-01 5.182658e-01
-2.424593e-01 3.743072e-01
-2.330586e-01 3.136065e-01
-2.091601e-01 2.772741e-01
-1.452107e-01 2.940519e-01
-1.742362e-01 1.820648e-01
+1.390900e+01 1.625107e+01
-2.440863e-04 3.920962e-01
+5.448740e-04 1.250912e-01
+1.344720e-04 8.377841e-02
+2.643792e-04 7.081166e-02
+2.571881e-04 4.565315e-02
+2.517236e-04 3.122718e-02
+1.157122e-04 2.562818e-02
-4.643103e-05 2.129331e-02
+5.090836e-05 1.760465e-02
+8.313545e-05 1.558389e-02
-1.830354e-05 1.457415e-02
+5.741749e-06 1.101240e-02
-5.355017e-04 5.368880e-01
-1.269337e-06 5.835546e-02
+1.111494e-05 2.131799e-02
-3.222752e-06 1.349678e-02
-1.025546e-07 1.175363e-02
+5.657556e-07 7.832175e-03
-2.689238e-06 5.653754e-03
+3.355942e-06 4.571538e-03
-7.138071e-07 3.915159e-03
+1.993672e-07 3.205183e-03
-1.133158e-07 2.833776e-03
+4.426925e-07 2.634867e-03
+1.590273e-06 2.036762e-03
-1.908294e-06 8.387413e-02
-3.392227e+00 9.523749e+00
-1.474361e-01 2.727465e+00
-2.315948e-02 1.954770e+00
-9.721021e-01 1.401356e+00
-5.811846e-01 8.832483e-01
-4.027003e-01 6.461758e-01
-4.198073e-01 5.183199e-01
-2.425055e-01 3.742707e-01
-2.330083e-01 3.136157e-01
-2.090778e-01 2.772832e-01
-1.452277e-01 2.940390e-01
-1.742293e-01 1.820597e-01
+1.390847e+01 1.625573e+01
-2.456257e-04 3.920840e-01
+5.562233e-04 1.250880e-01
+1.343169e-04 8.377860e-02
+2.652573e-04 7.081110e-02
+2.578718e-04 4.565398e-02
+2.490118e-04 3.122790e-02
+1.179733e-04 2.562933e-02
-4.737241e-05 2.129427e-02
+5.143366e-05 1.760571e-02
+8.270592e-05 1.558522e-02
-1.905725e-05 1.457548e-02
+6.325264e-06 1.101342e-02
-5.369497e-04 5.368549e-01
-2.097627e-07 5.834690e-02
+1.010084e-05 2.131342e-02
-4.267684e-06 1.349361e-02
-9.255437e-07 1.175075e-02
+5.657608e-07 7.829748e-03
-2.629284e-06 5.651423e-03
+3.913569e-06 4.569473e-03
-5.290054e-07 3.913297e-03
-4.410526e-07 3.203476e-03
-7.817727e-07 2.832262e-03
+4.723672e-07 2.633522e-03
+1.116984e-06 2.035541e-03
-1.694923e-06 8.386281e-02
-3.392461e+00 9.524845e+00
-1.469078e-01 2.727036e+00
-2.302373e-02 1.954690e+00
-9.718407e-01 1.401759e+00
-5.809318e-01 8.834811e-01
-4.024494e-01 6.462377e-01
-4.197014e-01 5.183745e-01
-2.425557e-01 3.742319e-01
-2.329607e-01 3.136249e-01
-2.089954e-01 2.772894e-01
-1.452465e-01 2.940252e-01
-1.742239e-01 1.820556e-01
+1.390794e+01 1.626039e+01
-2.461366e-04 3.920726e-01
+5.669391e-04 1.250853e-01
+1.338980e-04 8.377901e-02
+2.656664e-04 7.081047e-02
+2.583650e-04 4.565489e-02
+2.460477e-04 3.122878e-02
+1.198277e-04 2.563059e-02
-4.852441e-05 2.129539e-02
+5.072818e-05 1.760683e-02
+8.183260e-05 1.558642e-02
-1.989832e-05 1.457675e-02
+6.733922e-06 1.101453e-02
-5.388188e-04 5.368234e-01
+6.639926e-07 5.833889e-02
+8.798179e-06 2.130927e-02
-5.295871e-06 1.349074e-02
-1.946525e-06 1.174819e-02
+1.839044e-07 7.827614e-03
-2.890586e-06 5.649392e-03
+4.401045e-06 4.567660e-03
-2.022918e-08 3.911685e-03
-1.052783e-06 3.202011e-03
-1.163738e-06 2.830964e-03
+8.941554e-07 2.632376e-03
+8.266756e-07 2.034482e-03
-7.869374e-07 8.385193e-02
