-1.468531e+00 3.081755e+01
+3.394714e+00 2.337205e+01
-5.706554e-01 4.300395e+01
-7.399384e-02 3.746863e+01
-1.830772e+00 3.249048e+01
+3.628742e-01 2.844538e+01
-4.453067e-01 3.034442e+01
+9.347643e-01 2.665688e+01
-3.384357e-01 2.943757e+01
+5.638806e-01 2.913473e+01
+9.868748e-01 2.467962e+01
-1.123114e-01 1.921948e+01
+1.682540e+01 1.023207e+01
+2.060136e-04 9.986567e-01
+2.314529e-04 7.709021e-01
+1.985515e-04 1.265074e+00
-4.971684e-04 1.732603e+00
-6.618466e-04 1.546740e+00
+2.308418e-04 1.517903e+00
+6.010909e-04 1.686625e+00
-2.174634e-04 1.687512e+00
+1.452016e-04 1.718858e+00
-8.917970e-04 1.624122e+00
+4.352064e-05 1.528918e+00
-9.569055e-05 1.291002e+00
+1.829588e-04 1.133708e-01
-7.384992e-05 1.444166e-01
-1.136540e-05 1.268118e-01
+4.616366e-06 1.975717e-01
+6.292326e-06 2.795269e-01
+1.302399e-04 2.685805e-01
-6.784523e-05 2.743452e-01
-2.373058e-04 3.090289e-01
-1.151077e-04 3.122722e-01
-1.330649e-04 3.178496e-01
+3.019949e-04 3.036095e-01
+1.744423e-04 2.891307e-01
+9.346924e-05 2.452666e-01
-1.486530e-05 1.360103e-02
-1.468513e+00 3.081712e+01
+3.394868e+00 2.337217e+01
-5.704267e-01 4.300262e+01
-7.418707e-02 3.746872e+01
-1.831046e+00 3.249160e+01
+3.628832e-01 2.844595e+01
-4.454207e-01 3.034692e+01
+9.341562e-01 2.665848e+01
-3.386794e-01 2.944009e+01
+5.633974e-01 2.913312e+01
+9.868130e-01 2.468166e+01
-1.125081e-01 1.922043e+01
+1.682554e+01 1.023134e+01
+1.406340e-04 9.986244e-01
+1.879677e-04 7.707706e-01
+1.697301e-04 1.264839e+00
-5.038321e-04 1.732259e+00
-6.379315e-04 1.546314e+00
+2.418179e-04 1.517331e+00
+4.786032e-04 1.686019e+00
-3.080760e-04 1.687041e+00
+1.008783e-04 1.718288e+00
-6.751806e-04 1.623516e+00
+1.136656e-04 1.528332e+00
+3.312125e-05 1.290487e+00
+1.657362e-04 1.134111e-01
-7.588874e-05 1.444565e-01
-3.562686e-05 1.268965e-01
-1.075301e-05 1.977113e-01
-9.647245e-07 2.797670e-01
+1.087248e-04 2.688673e-01
-4.628112e-05 2.746860e-01
-2.023934e-04 3.094528e-01
-1.035482e-04 3.127881e-01
-1.230269e-04 3.183560e-01
+3.139594e-04 3.041081e-01
+1.666705e-04 2.895887e-01
+1.112090e-04 2.457333e-01
-2.458752e-05 1.361371e-02
-1.468527e+00 3.081687e+01
+3.394933e+00 2.337287e+01
-5.701126e-01 4.300121e+01
-7.466419e-02 3.746824e+01
-1.831596e+00 3.249238e+01
+3.631395e-01 2.844489e+01
-4.451547e-01 3.034907e+01
+9.335852e-01 2.665880e+01
-3.386752e-01 2.944340e+01
+5.633844e-01 2.913496e+01
+9.870346e-01 2.468471e+01
-1.122452e-01 1.922161e+01
+1.682567e+01 1.023079e+01
+6.986269e-05 9.986003e-01
+1.086024e-04 7.706917e-01
+1.354077e-04 1.264568e+00
-4.932594e-04 1.732004e+00
-6.073507e-04 1.545941e+00
+2.561339e-04 1.516839e+00
+3.657027e-04 1.685486e+00
-4.000735e-04 1.686639e+00
+2.770755e-06 1.717716e+00
-4.545985e-04 1.622748e+00
+2.136567e-04 1.527462e+00
+1.673274e-04 1.289899e+00
+1.334604e-04 1.134493e-01
-7.085818e-05 1.444997e-01
-4.663928e-05 1.269883e-01
-2.727690e-05 1.978752e-01
+1.050607e-05 2.800333e-01
+1.109738e-04 2.692114e-01
-5.760273e-05 2.750844e-01
-1.976293e-04 3.099381e-01
-7.476452e-05 3.133612e-01
-1.185348e-04 3.189484e-01
+2.887996e-04 3.047300e-01
+1.436571e-04 2.901761e-01
+5.445734e-05 2.462753e-01
-3.084065e-05 1.362661e-02
-1.468610e+00 3.081684e+01
+3.394949e+00 2.337289e+01
-5.702286e-01 4.300165e+01
-7.524699e-02 3.746806e+01
-1.832213e+00 3.249251e+01
+3.632918e-01 2.844455e+01
-4.451540e-01 3.034996e+01
+9.330294e-01 2.665965e+01
-3.387644e-01 2.944504e+01
+5.634432e-01 2.913656e+01
+9.874048e-01 2.468589e+01
-1.119389e-01 1.922217e+01
+1.682577e+01 1.023034e+01
+1.555021e-05 9.985568e-01
+5.359791e-05 7.705961e-01
+8.199773e-05 1.264321e+00
-5.076719e-04 1.731767e+00
-5.313210e-04 1.545694e+00
+2.047541e-04 1.516235e+00
+2.174439e-04 1.684907e+00
-3.971709e-04 1.686366e+00
-3.216002e-05 1.717541e+00
-2.098323e-04 1.622086e+00
+3.325322e-04 1.526759e+00
+1.553578e-04 1.289352e+00
+9.628500e-05 1.134846e-01
-5.457325e-05 1.445443e-01
-3.643742e-05 1.270790e-01
-1.504917e-05 1.980397e-01
+2.144384e-05 2.802821e-01
+1.197262e-04 2.695476e-01
-6.963149e-05 2.755035e-01
-1.875502e-04 3.104137e-01
-3.885316e-05 3.139091e-01
-9.534697e-05 3.194973e-01
+2.333011e-04 3.053526e-01
+1.108707e-04 2.907446e-01
-2.725871e-05 2.468020e-01
-3.143802e-05 1.363657e-02
-1.468674e+00 3.081693e+01
+3.394900e+00 2.337364e+01
-5.701761e-01 4.300060e+01
-7.562509e-02 3.746956e+01
-1.832522e+00 3.249396e+01
+3.633222e-01 2.844366e+01
-4.452648e-01 3.034982e+01
+9.325907e-01 2.665904e+01
-3.389007e-01 2.944573e+01
+5.634631e-01 2.913538e+01
+9.877047e-01 2.468514e+01
-1.117853e-01 1.922049e+01
+1.682582e+01 1.023017e+01
-2.128811e-05 9.985774e-01
+3.094520e-05 7.706658e-01
+6.003772e-05 1.264411e+00
-4.691126e-04 1.731875e+00
-3.983693e-04 1.546016e+00
+1.187476e-04 1.516251e+00
+2.685907e-05 1.685101e+00
-3.943660e-04 1.686868e+00
-1.051820e-04 1.718214e+00
-6.693472e-05 1.622600e+00
+3.910228e-04 1.527249e+00
+2.274331e-05 1.289765e+00
+6.615978e-05 1.135155e-01
-3.766677e-05 1.445750e-01
-1.986106e-05 1.271492e-01
+7.104164e-06 1.981518e-01
+3.149945e-05 2.804602e-01
+1.208717e-04 2.697885e-01
-7.246135e-05 2.758061e-01
-1.694309e-04 3.107505e-01
-1.363003e-05 3.143059e-01
-6.537923e-05 3.198795e-01
+1.735433e-04 3.058011e-01
+6.795878e-05 2.911231e-01
-9.477821e-05 2.471722e-01
-2.756565e-05 1.364206e-02
-1.468697e+00 3.081686e+01
+3.394948e+00 2.337321e+01
-5.700683e-01 4.299968e+01
-7.614696e-02 3.746923e+01
-1.832879e+00 3.249544e+01
+3.633968e-01 2.844238e+01
-4.453043e-01 3.034959e+01
+9.322405e-01 2.665790e+01
-3.390155e-01 2.944716e+01
+5.634764e-01 2.913491e+01
+9.881164e-01 2.468503e+01
-1.118757e-01 1.922026e+01
+1.682587e+01 1.023000e+01
-4.623573e-05 9.985505e-01
+2.463822e-05 7.706496e-01
+1.072440e-04 1.264356e+00
-4.298872e-04 1.731773e+00
-2.827071e-04 1.546088e+00
+6.571422e-05 1.516088e+00
-9.950802e-05 1.684823e+00
-4.063134e-04 1.686968e+00
-1.547965e-04 1.718420e+00
+6.548552e-05 1.622716e+00
+4.268343e-04 1.527216e+00
-1.032926e-04 1.289742e+00
+4.572608e-05 1.135182e-01
-2.579947e-05 1.445725e-01
-1.139205e-05 1.271501e-01
+2.993002e-05 1.981453e-01
+4.125492e-05 2.804597e-01
+1.072351e-04 2.697893e-01
-5.868938e-05 2.757929e-01
-1.400073e-04 3.107399e-01
-7.377159e-06 3.143187e-01
-4.423771e-05 3.198726e-01
+1.191355e-04 3.058260e-01
+2.730843e-05 2.911158e-01
-1.209981e-04 2.471770e-01
-2.341837e-05 1.364209e-02
-1.468719e+00 3.081680e+01
+3.394996e+00 2.337278e+01
-5.699605e-01 4.299876e+01
-7.666882e-02 3.746890e+01
-1.833236e+00 3.249692e+01
+3.634714e-01 2.844111e+01
-4.453439e-01 3.034937e+01
+9.318904e-01 2.665675e+01
-3.391303e-01 2.944859e+01
+5.634897e-01 2.913444e+01
+9.885281e-01 2.468491e+01
-1.119660e-01 1.922003e+01
+1.682592e+01 1.022983e+01
-7.118336e-05 9.985236e-01
+1.833124e-05 7.706333e-01
+1.544504e-04 1.264301e+00
-3.906619e-04 1.731670e+00
-1.670448e-04 1.546159e+00
+1.268079e-05 1.515925e+00
-2.258751e-04 1.684545e+00
-4.182608e-04 1.687069e+00
-2.044109e-04 1.718626e+00
+1.979058e-04 1.622833e+00
+4.626458e-04 1.527182e+00
-2.293286e-04 1.289720e+00
+2.529239e-05 1.135210e-01
-1.393218e-05 1.445700e-01
-2.923037e-06 1.271510e-01
+5.275588e-05 1.981389e-01
+5.101040e-05 2.804592e-01
+9.359861e-05 2.697902e-01
-4.491741e-05 2.757797e-01
-1.105837e-04 3.107294e-01
-1.124284e-06 3.143315e-01
-2.309620e-05 3.198657e-01
+6.472777e-05 3.058509e-01
-1.334191e-05 2.911086e-01
-1.472179e-04 2.471818e-01
-1.927109e-05 1.364213e-02
-1.468819e+00 3.081725e+01
+3.395024e+00 2.337169e+01
-5.698002e-01 4.299733e+01
-7.687457e-02 3.746915e+01
-1.833269e+00 3.249655e+01
+3.635458e-01 2.843936e+01
-4.456120e-01 3.034679e+01
+9.313480e-01 2.665262e+01
-3.394236e-01 2.944679e+01
+5.637574e-01 2.913593e+01
+9.891273e-01 2.468395e+01
-1.123650e-01 1.922019e+01
+1.682595e+01 1.022971e+01
-8.849946e-05 9.984193e-01
+2.944678e-06 7.705375e-01
+1.844416e-04 1.264064e+00
-3.406224e-04 1.731370e+00
-1.108076e-04 1.546109e+00
-3.565945e-05 1.515432e+00
-3.562256e-04 1.683928e+00
-4.221093e-04 1.686761e+00
-2.037342e-04 1.718544e+00
+2.534253e-04 1.622623e+00
+4.332630e-04 1.526758e+00
-3.235966e-04 1.289491e+00
-3.731587e-07 1.134973e-01
+6.993264e-06 1.445348e-01
+1.155763e-05 1.270797e-01
+8.609683e-05 1.980114e-01
+5.805165e-05 2.802723e-01
+7.350983e-05 2.695377e-01
-2.373948e-05 2.754468e-01
-6.015508e-05 3.103398e-01
+2.103139e-05 3.139544e-01
-2.039947e-06 3.194463e-01
-1.410555e-05 3.054609e-01
-6.120245e-05 2.907018e-01
-1.747929e-04 2.468217e-01
-1.129115e-05 1.363709e-02
-1.469009e+00 3.081808e+01
+3.394970e+00 2.337062e+01
-5.697340e-01 4.299639e+01
-7.734742e-02 3.746889e+01
-1.833446e+00 3.249574e+01
+3.634109e-01 2.843911e+01
-4.461645e-01 3.034384e+01
+9.307844e-01 2.665054e+01
-3.396824e-01 2.944593e+01
+5.643544e-01 2.913780e+01
+9.895268e-01 2.468392e+01
-1.124125e-01 1.921970e+01
+1.682596e+01 1.022973e+01
-9.323659e-05 9.983766e-01
-1.334779e-05 7.705876e-01
+2.191853e-04 1.264156e+00
-3.119976e-04 1.731548e+00
-6.460328e-05 1.546656e+00
-3.701248e-05 1.515780e+00
-3.874837e-04 1.684217e+00
-3.846156e-04 1.687384e+00
-1.698068e-04 1.719322e+00
+2.698417e-04 1.623496e+00
+3.928235e-04 1.527327e+00
-4.858387e-04 1.290158e+00
-1.904201e-05 1.134671e-01
+3.819782e-05 1.444823e-01
+3.952833e-05 1.269810e-01
+1.291526e-04 1.978282e-01
+7.003996e-05 2.799962e-01
+7.490961e-05 2.691940e-01
+1.613209e-07 2.749909e-01
+5.691194e-06 3.098210e-01
+5.429321e-05 3.134262e-01
+1.162798e-05 3.188903e-01
-1.055657e-04 3.048807e-01
-9.968516e-05 2.901371e-01
-2.097322e-04 2.463229e-01
+1.937987e-06 1.362818e-02
-1.469115e+00 3.081840e+01
+3.394912e+00 2.336978e+01
-5.697069e-01 4.299584e+01
-7.763265e-02 3.746879e+01
-1.833848e+00 3.249670e+01
+3.634042e-01 2.843728e+01
-4.465947e-01 3.034101e+01
+9.302718e-01 2.664705e+01
-3.397070e-01 2.944542e+01
+5.644023e-01 2.913879e+01
+9.897003e-01 2.468341e+01
-1.124769e-01 1.922016e+01
+1.682595e+01 1.022988e+01
-5.897243e-05 9.983677e-01
+8.709735e-07 7.706254e-01
+3.041282e-04 1.264346e+00
-2.862366e-04 1.731766e+00
-4.564383e-05 1.547029e+00
-2.482929e-05 1.516102e+00
-3.632625e-04 1.684333e+00
-2.882791e-04 1.687929e+00
-1.529310e-04 1.719898e+00
+1.836820e-04 1.624442e+00
+3.218613e-04 1.527968e+00
-6.208698e-04 1.290844e+00
-2.204590e-05 1.134355e-01
+7.265098e-05 1.444187e-01
+7.609896e-05 1.268795e-01
+1.680214e-04 1.976343e-01
+6.948142e-05 2.797162e-01
+8.232741e-05 2.688699e-01
+7.918540e-06 2.745227e-01
+6.464972e-05 3.093024e-01
+8.174560e-05 3.128826e-01
-6.742757e-06 3.183552e-01
-1.773862e-04 3.043179e-01
-1.232041e-04 2.895715e-01
-2.269312e-04 2.458445e-01
+1.649085e-05 1.361622e-02
-1.469239e+00 3.081840e+01
+3.394841e+00 2.336899e+01
-5.696103e-01 4.299515e+01
-7.796071e-02 3.746926e+01
-1.834026e+00 3.249821e+01
+3.635683e-01 2.843627e+01
-4.467049e-01 3.033880e+01
+9.298444e-01 2.664492e+01
-3.397717e-01 2.944502e+01
+5.646564e-01 2.913835e+01
+9.900252e-01 2.468158e+01
-1.130271e-01 1.921946e+01
+1.682598e+01 1.022986e+01
+1.100241e-05 9.983470e-01
+6.274452e-05 7.706853e-01
+4.039380e-04 1.264518e+00
-2.289014e-04 1.731898e+00
+6.466843e-05 1.547403e+00
-3.453300e-06 1.516500e+00
-2.916846e-04 1.684622e+00
-1.617839e-04 1.688350e+00
-1.393254e-04 1.720484e+00
+4.722594e-05 1.625118e+00
+2.804525e-04 1.528707e+00
-7.904434e-04 1.291412e+00
-9.252214e-06 1.134042e-01
+9.842597e-05 1.443620e-01
+1.043839e-04 1.267897e-01
+1.823940e-04 1.974767e-01
+6.310871e-05 2.794909e-01
+8.275763e-05 2.685764e-01
+7.872320e-06 2.741402e-01
+9.350762e-05 3.088524e-01
+7.874627e-05 3.123990e-01
-2.596611e-05 3.178618e-01
-2.203681e-04 3.038518e-01
-1.376767e-04 2.891097e-01
-2.041634e-04 2.454396e-01
+2.447917e-05 1.360339e-02
