+3.669813e+00 7.185799e+00
+4.695443e+00 8.286099e+00
-1.795328e+00 1.189437e+01
-2.180033e+00 1.361535e+01
-3.845769e+00 1.351982e+01
-2.006661e+00 1.496856e+01
-2.261368e-02 1.549403e+01
-3.318330e-03 1.551782e+01
-1.579702e+00 1.519204e+01
-7.942659e-01 1.540748e+01
-8.006834e-01 1.309647e+01
-6.812389e-01 1.142712e+01
+2.323724e+01 1.294193e+00
+1.864087e-04 3.379041e-01
-2.470513e-04 4.797191e-01
+3.827709e-04 6.627532e-01
+1.692595e-04 9.140764e-01
-6.665974e-04 9.900285e-01
-1.223795e-03 1.175245e+00
-2.640913e-04 1.330424e+00
+4.225556e-04 1.481361e+00
-1.805209e-04 1.440179e+00
-3.220762e-04 1.421707e+00
-4.396988e-05 1.219905e+00
+2.884293e-04 1.125097e+00
+1.417732e-05 6.951856e-02
-1.157363e-05 5.503723e-02
+8.731346e-05 8.327274e-02
-1.430892e-04 1.177024e-01
-1.139623e-04 1.667880e-01
-1.744287e-05 1.882664e-01
+1.585855e-04 2.274237e-01
-6.434709e-05 2.610966e-01
+1.191556e-05 2.947124e-01
+2.306358e-04 2.846996e-01
+1.098363e-04 2.825233e-01
+1.423017e-04 2.413266e-01
+4.986896e-05 2.229581e-01
+7.731701e-06 1.431887e-02
+3.669918e+00 7.185646e+00
+4.695249e+00 8.285957e+00
-1.795214e+00 1.189492e+01
-2.180175e+00 1.361504e+01
-3.846251e+00 1.351916e+01
-2.007261e+00 1.497011e+01
-2.275900e-02 1.549354e+01
-3.252334e-03 1.551805e+01
-1.579631e+00 1.518902e+01
-7.945234e-01 1.540649e+01
-8.010656e-01 1.309589e+01
-6.812232e-01 1.142660e+01
+2.323722e+01 1.294088e+00
+1.841560e-04 3.378577e-01
-1.896424e-04 4.796539e-01
+3.390137e-04 6.626561e-01
+8.520464e-05 9.136847e-01
-6.577166e-04 9.895945e-01
-1.036449e-03 1.174728e+00
-2.778761e-04 1.330023e+00
+3.619345e-04 1.480918e+00
-2.098582e-05 1.439327e+00
-1.790262e-04 1.420864e+00
+4.148081e-06 1.219463e+00
+2.556334e-04 1.124328e+00
+6.362707e-06 6.961454e-02
-1.416905e-05 5.509531e-02
+8.217853e-05 8.339643e-02
-1.023287e-04 1.178681e-01
-8.473637e-05 1.670339e-01
+2.006145e-05 1.886008e-01
+1.824925e-04 2.278783e-01
-4.119631e-05 2.616154e-01
+1.872628e-05 2.953133e-01
+2.030748e-04 2.852543e-01
+6.609904e-05 2.831232e-01
+1.436469e-04 2.418034e-01
+3.434485e-05 2.234390e-01
+1.278656e-05 1.436246e-02
+3.670169e+00 7.185620e+00
+4.695200e+00 8.285443e+00
-1.795149e+00 1.189499e+01
-2.180082e+00 1.361523e+01
-3.846817e+00 1.351884e+01
-2.007697e+00 1.497097e+01
-2.305214e-02 1.549400e+01
-2.947566e-03 1.551860e+01
-1.579402e+00 1.518616e+01
-7.941894e-01 1.540471e+01
-8.008144e-01 1.309524e+01
-6.812353e-01 1.142466e+01
+2.323721e+01 1.293936e+00
+1.625972e-04 3.378216e-01
-1.525131e-04 4.795763e-01
+3.257577e-04 6.625541e-01
+3.654170e-05 9.133050e-01
-5.743253e-04 9.891608e-01
-8.340960e-04 1.174321e+00
-2.650763e-04 1.329589e+00
+3.600385e-04 1.480212e+00
+1.303501e-04 1.438530e+00
-1.365319e-04 1.420258e+00
+6.949007e-05 1.219028e+00
+2.248357e-04 1.123531e+00
+1.196533e-05 6.971521e-02
-1.306306e-05 5.515997e-02
+6.943469e-05 8.354299e-02
-7.385454e-05 1.180691e-01
-6.118584e-05 1.673170e-01
+5.411878e-05 1.889866e-01
+1.916948e-04 2.283843e-01
-6.444717e-06 2.622225e-01
+3.678722e-05 2.960574e-01
+1.361457e-04 2.858884e-01
-1.888396e-05 2.837895e-01
+1.132443e-04 2.423479e-01
+1.307732e-05 2.239927e-01
+1.473981e-05 1.440373e-02
+3.670336e+00 7.185450e+00
+4.695173e+00 8.285069e+00
-1.794912e+00 1.189508e+01
-2.180248e+00 1.361475e+01
-3.847263e+00 1.351761e+01
-2.008135e+00 1.497124e+01
-2.329597e-02 1.549539e+01
-2.723562e-03 1.551982e+01
-1.578961e+00 1.518418e+01
-7.940833e-01 1.540151e+01
-8.005383e-01 1.309424e+01
-6.809990e-01 1.142321e+01
+2.323719e+01 1.293677e+00
+1.644492e-04 3.377772e-01
-1.039842e-04 4.795140e-01
+2.948737e-04 6.624713e-01
+2.076881e-05 9.129430e-01
-5.018277e-04 9.886538e-01
-6.409347e-04 1.173880e+00
-2.223731e-04 1.328978e+00
+4.123036e-04 1.479639e+00
+1.427032e-04 1.437519e+00
-2.218319e-04 1.419697e+00
+1.488361e-04 1.218639e+00
+1.999084e-04 1.122893e+00
+2.448626e-05 6.980768e-02
-2.174302e-06 5.522158e-02
+5.564061e-05 8.368353e-02
-6.784936e-05 1.182683e-01
-3.037245e-05 1.675944e-01
+6.324613e-05 1.893564e-01
+1.804064e-04 2.288529e-01
+1.649270e-05 2.628317e-01
+4.688766e-05 2.967734e-01
+4.084858e-05 2.865601e-01
-8.802819e-05 2.844303e-01
+6.899532e-05 2.428663e-01
-2.619311e-05 2.245067e-01
+1.451588e-05 1.443644e-02
+3.670384e+00 7.185184e+00
+4.695003e+00 8.284872e+00
-1.794685e+00 1.189531e+01
-2.180320e+00 1.361490e+01
-3.847609e+00 1.351669e+01
-2.008494e+00 1.497228e+01
-2.331645e-02 1.549475e+01
-2.406149e-03 1.551927e+01
-1.578845e+00 1.518206e+01
-7.945453e-01 1.540061e+01
-8.006235e-01 1.309465e+01
-6.807527e-01 1.142221e+01
+2.323724e+01 1.293249e+00
+1.626326e-04 3.378208e-01
-7.398243e-05 4.796671e-01
+2.524194e-04 6.626916e-01
-2.743281e-06 9.131128e-01
-4.310289e-04 9.887933e-01
-4.868262e-04 1.174130e+00
-1.661165e-04 1.329478e+00
+4.475235e-04 1.480465e+00
+8.196262e-05 1.437610e+00
-4.080856e-04 1.420038e+00
+1.234077e-04 1.219135e+00
+1.315244e-04 1.123117e+00
+3.434099e-05 6.989001e-02
+1.310527e-05 5.526429e-02
+4.574720e-05 8.377905e-02
-6.953312e-05 1.184072e-01
-5.697143e-06 1.677909e-01
+5.517873e-05 1.896196e-01
+1.662876e-04 2.291779e-01
+2.790303e-05 2.632676e-01
+4.050815e-05 2.972480e-01
-3.990729e-05 2.870428e-01
-1.140423e-04 2.849068e-01
+2.301628e-05 2.432333e-01
-7.151811e-05 2.248650e-01
+1.055847e-05 1.445619e-02
+3.670604e+00 7.184913e+00
+4.694960e+00 8.284624e+00
-1.794501e+00 1.189555e+01
-2.180260e+00 1.361446e+01
-3.848019e+00 1.351555e+01
-2.008917e+00 1.497198e+01
-2.344772e-02 1.549464e+01
-1.862407e-03 1.552137e+01
-1.578933e+00 1.518019e+01
-7.950616e-01 1.539899e+01
-8.004647e-01 1.309486e+01
-6.807480e-01 1.142170e+01
+2.323727e+01 1.292872e+00
+1.895229e-04 3.377927e-01
-3.413349e-05 4.796484e-01
+1.764500e-04 6.627358e-01
+1.603766e-05 9.129929e-01
-3.940503e-04 9.886085e-01
-3.401984e-04 1.173868e+00
-1.420581e-04 1.329529e+00
+4.895553e-04 1.480575e+00
+1.125393e-05 1.437354e+00
-4.919442e-04 1.419833e+00
+1.291312e-04 1.219058e+00
+1.246157e-05 1.122864e+00
+4.061368e-05 6.988419e-02
+2.406957e-05 5.526318e-02
+3.542659e-05 8.378061e-02
-6.653425e-05 1.184079e-01
+1.317408e-05 1.677866e-01
+4.945994e-05 1.896194e-01
+1.579126e-04 2.291658e-01
+3.197734e-05 2.632744e-01
+2.500093e-05 2.972479e-01
-8.555722e-05 2.870475e-01
-1.044022e-04 2.849251e-01
-1.528612e-05 2.432205e-01
-1.136715e-04 2.248552e-01
+5.484025e-06 1.445669e-02
+3.670824e+00 7.184643e+00
+4.694917e+00 8.284376e+00
-1.794317e+00 1.189580e+01
-2.180200e+00 1.361403e+01
-3.848429e+00 1.351441e+01
-2.009341e+00 1.497167e+01
-2.357899e-02 1.549452e+01
-1.318664e-03 1.552348e+01
-1.579020e+00 1.517832e+01
-7.955779e-01 1.539737e+01
-8.003059e-01 1.309507e+01
-6.807434e-01 1.142120e+01
+2.323731e+01 1.292495e+00
+2.164131e-04 3.377645e-01
+5.715445e-06 4.796296e-01
+1.004806e-04 6.627799e-01
+3.481860e-05 9.128730e-01
-3.570717e-04 9.884236e-01
-1.935705e-04 1.173606e+00
-1.179998e-04 1.329579e+00
+5.315872e-04 1.480686e+00
-5.945476e-05 1.437097e+00
-5.758027e-04 1.419629e+00
+1.348548e-04 1.218980e+00
-1.066013e-04 1.122612e+00
+4.688638e-05 6.987836e-02
+3.503386e-05 5.526206e-02
+2.510597e-05 8.378218e-02
-6.353538e-05 1.184087e-01
+3.204530e-05 1.677822e-01
+4.374115e-05 1.896193e-01
+1.495375e-04 2.291537e-01
+3.605164e-05 2.632812e-01
+9.493706e-06 2.972478e-01
-1.312071e-04 2.870523e-01
-9.476212e-05 2.849435e-01
-5.358853e-05 2.432078e-01
-1.558249e-04 2.248454e-01
+4.095781e-07 1.445719e-02
+3.671063e+00 7.184322e+00
+4.695045e+00 8.284530e+00
-1.794214e+00 1.189624e+01
-2.180228e+00 1.361455e+01
-3.848824e+00 1.351393e+01
-2.009412e+00 1.497081e+01
-2.387498e-02 1.549473e+01
-8.195288e-04 1.552773e+01
-1.578817e+00 1.517967e+01
-7.960267e-01 1.539712e+01
-8.000515e-01 1.309480e+01
-6.809413e-01 1.142026e+01
+2.323736e+01 1.292087e+00
+2.579068e-04 3.376547e-01
+3.329996e-05 4.794569e-01
+3.817182e-05 6.626057e-01
+6.785832e-05 9.125420e-01
-2.915069e-04 9.879586e-01
+2.000175e-06 1.172954e+00
-8.654468e-05 1.329156e+00
+4.952764e-04 1.479984e+00
-2.143740e-04 1.436420e+00
-6.599844e-04 1.418794e+00
+6.668210e-05 1.218317e+00
-2.493863e-04 1.121973e+00
+4.563373e-05 6.978135e-02
+4.628133e-05 5.521602e-02
+8.070674e-06 8.369110e-02
-5.055935e-05 1.182725e-01
+5.479369e-05 1.675674e-01
+2.992811e-05 1.893410e-01
+1.055976e-04 2.287833e-01
+5.660892e-05 2.628677e-01
+1.943902e-05 2.967852e-01
-1.754034e-04 2.865860e-01
-9.625766e-05 2.845113e-01
-8.680192e-05 2.428119e-01
-1.908511e-04 2.244533e-01
-3.440672e-06 1.443896e-02
+3.671269e+00 7.184237e+00
+4.695068e+00 8.284552e+00
-1.794295e+00 1.189659e+01
-2.180323e+00 1.361396e+01
-3.849061e+00 1.351259e+01
-2.009261e+00 1.496804e+01
-2.386076e-02 1.549501e+01
-4.762266e-04 1.552928e+01
-1.578773e+00 1.517837e+01
-7.963465e-01 1.539833e+01
-7.999166e-01 1.309566e+01
-6.810781e-01 1.142049e+01
+2.323737e+01 1.291716e+00
+2.929251e-04 3.376379e-01
+3.143443e-05 4.795013e-01
+3.220941e-05 6.627355e-01
+1.181656e-04 9.127424e-01
-2.449862e-04 9.882843e-01
+1.325550e-04 1.173079e+00
-1.106922e-05 1.329649e+00
+5.057708e-04 1.480438e+00
-3.831812e-04 1.436854e+00
-7.481199e-04 1.419167e+00
-2.411174e-05 1.218354e+00
-4.478801e-04 1.122304e+00
+3.833611e-05 6.968318e-02
+5.385608e-05 5.514924e-02
-1.048294e-05 8.355163e-02
-4.815909e-05 1.180760e-01
+7.631389e-05 1.672554e-01
+9.993821e-06 1.889433e-01
+2.464633e-05 2.282595e-01
+7.139673e-05 2.622769e-01
+6.468469e-05 2.960552e-01
-2.054852e-04 2.858740e-01
-1.016200e-04 2.838596e-01
-8.913606e-05 2.422618e-01
-2.003246e-04 2.239127e-01
-1.668263e-06 1.440595e-02
+3.671565e+00 7.183858e+00
+4.695083e+00 8.284218e+00
-1.794216e+00 1.189644e+01
-2.180312e+00 1.361387e+01
-3.849234e+00 1.351216e+01
-2.008976e+00 1.496807e+01
-2.396466e-02 1.549507e+01
-4.467212e-04 1.552991e+01
-1.579070e+00 1.517947e+01
-7.967324e-01 1.539978e+01
-8.000914e-01 1.309602e+01
-6.813641e-01 1.142129e+01
+2.323736e+01 1.291333e+00
+3.325969e-04 3.376300e-01
+1.072050e-05 4.795786e-01
+4.795964e-05 6.628455e-01
+1.792250e-04 9.130020e-01
-2.294147e-04 9.885140e-01
+1.177935e-04 1.173258e+00
+1.248109e-04 1.330143e+00
+6.201252e-04 1.481170e+00
-5.377759e-04 1.437406e+00
-8.899567e-04 1.419864e+00
-7.814997e-05 1.218586e+00
-5.828834e-04 1.122894e+00
+4.018195e-05 6.958851e-02
+6.173114e-05 5.507541e-02
-1.962215e-05 8.340171e-02
-7.274688e-05 1.178754e-01
+8.033137e-05 1.669340e-01
-1.372618e-05 1.885565e-01
-6.175349e-05 2.277322e-01
+6.493295e-05 2.616606e-01
+1.230727e-04 2.952717e-01
-1.942843e-04 2.851449e-01
-9.295477e-05 2.831776e-01
-5.382467e-05 2.416656e-01
-1.859400e-04 2.233429e-01
+4.447185e-06 1.436344e-02
+3.671793e+00 7.183484e+00
+4.695040e+00 8.283886e+00
-1.793975e+00 1.189632e+01
-2.180312e+00 1.361385e+01
-3.849527e+00 1.351368e+01
-2.008908e+00 1.496656e+01
-2.387176e-02 1.549460e+01
-4.859544e-05 1.553090e+01
-1.579121e+00 1.517965e+01
-7.970713e-01 1.539975e+01
-8.001766e-01 1.309563e+01
-6.819554e-01 1.142068e+01
+2.323733e+01 1.290985e+00
+3.588801e-04 3.376253e-01
-1.429304e-05 4.796230e-01
+6.804997e-06 6.629900e-01
+2.358967e-04 9.131446e-01
-2.146818e-04 9.886569e-01
+1.510511e-05 1.173476e+00
+2.053398e-04 1.330714e+00
+8.198801e-04 1.481577e+00
-6.710103e-04 1.437751e+00
-1.024438e-03 1.420432e+00
-3.311776e-05 1.218925e+00
-6.337298e-04 1.123565e+00
+6.180669e-05 6.948391e-02
+7.680297e-05 5.501031e-02
-8.412211e-06 8.327578e-02
-1.135068e-04 1.176978e-01
+8.001889e-05 1.666690e-01
-2.953049e-05 1.882443e-01
-1.140204e-04 2.272777e-01
+1.451742e-05 2.611262e-01
+1.359524e-04 2.946121e-01
-1.863128e-04 2.845333e-01
-6.562110e-05 2.826218e-01
-2.029791e-05 2.411251e-01
-1.617517e-04 2.228476e-01
+8.694675e-06 1.432364e-02
