-5.616216e+00 8.272496e+00
+4.323257e+00 1.197880e+01
-1.856357e+00 1.771669e+01
-8.472747e+00 1.665322e+01
+7.562306e-01 1.634270e+01
-2.637297e+00 2.117391e+01
-2.228860e+00 2.420473e+01
-4.535045e+00 2.114204e+01
-1.926724e+00 2.711133e+01
+5.089705e-01 2.347045e+01
-1.274153e-01 2.479882e+01
+1.894440e+00 2.792571e+01
+2.338019e+01 6.884761e-01
-3.136914e-04 4.774712e-01
-4.029756e-04 5.244109e-01
-2.647203e-04 8.857406e-01
+7.354472e-04 9.606083e-01
+9.553766e-04 1.102727e+00
-2.220539e-04 1.411356e+00
+7.380143e-04 1.576286e+00
+3.522049e-04 1.533919e+00
+1.368735e-04 1.780933e+00
+4.535246e-04 1.665460e+00
+4.890108e-04 1.673144e+00
+1.308486e-04 1.623603e+00
+4.025991e-05 3.607728e-02
-4.145167e-05 8.260802e-02
-4.995742e-05 9.057123e-02
-3.373610e-05 1.555801e-01
-4.086877e-05 1.788686e-01
-7.109049e-06 2.126496e-01
+1.846515e-04 2.728088e-01
-8.463789e-05 3.000003e-01
-9.591108e-05 3.015659e-01
-3.490423e-05 3.448060e-01
+5.916646e-06 3.216824e-01
-1.527781e-04 3.201959e-01
+1.655940e-04 3.180802e-01
-2.766843e-05 7.480827e-03
-5.616564e+00 8.272059e+00
+4.322899e+00 1.197932e+01
-1.856743e+00 1.771652e+01
-8.472223e+00 1.665455e+01
+7.567829e-01 1.634409e+01
-2.637357e+00 2.117275e+01
-2.228334e+00 2.420730e+01
-4.535063e+00 2.114085e+01
-1.926462e+00 2.711005e+01
+5.096630e-01 2.346620e+01
-1.274028e-01 2.479407e+01
+1.894523e+00 2.792888e+01
+2.338016e+01 6.884100e-01
-3.489627e-04 4.782406e-01
-4.219759e-04 5.250136e-01
-2.855143e-04 8.867660e-01
+5.980522e-04 9.612689e-01
+8.706719e-04 1.103668e+00
-1.373762e-04 1.412317e+00
+7.494656e-04 1.577210e+00
+3.182826e-04 1.534746e+00
+1.324623e-04 1.782549e+00
+4.772524e-04 1.666481e+00
+4.350705e-04 1.674365e+00
+2.478131e-04 1.625043e+00
+1.268315e-05 3.612056e-02
-1.986583e-05 8.284541e-02
-3.391391e-05 9.080405e-02
-2.192842e-05 1.560120e-01
-3.840341e-05 1.793395e-01
-7.818985e-06 2.131994e-01
+1.662789e-04 2.735685e-01
-9.941247e-05 3.008065e-01
-8.449104e-05 3.023669e-01
-4.413895e-05 3.457084e-01
-1.034715e-05 3.225153e-01
-9.513893e-05 3.210158e-01
+1.118720e-04 3.188657e-01
-2.903809e-05 7.503463e-03
-5.616861e+00 8.271576e+00
+4.322475e+00 1.197932e+01
-1.857041e+00 1.771554e+01
-8.471910e+00 1.665417e+01
+7.575059e-01 1.634333e+01
-2.637294e+00 2.116994e+01
-2.227689e+00 2.420976e+01
-4.534730e+00 2.113925e+01
-1.926243e+00 2.711297e+01
+5.102142e-01 2.346318e+01
-1.271934e-01 2.479200e+01
+1.894965e+00 2.793059e+01
+2.338012e+01 6.883539e-01
-3.616753e-04 4.789450e-01
-4.175644e-04 5.256372e-01
-3.144818e-04 8.878316e-01
+5.096000e-04 9.620987e-01
+7.889136e-04 1.104624e+00
-9.062646e-05 1.413184e+00
+6.968248e-04 1.578400e+00
+2.586168e-04 1.535813e+00
+8.674087e-05 1.783944e+00
+4.880278e-04 1.667491e+00
+4.097349e-04 1.675580e+00
+2.821168e-04 1.626474e+00
-1.757038e-05 3.616758e-02
-6.858465e-06 8.307251e-02
-1.418634e-05 9.104030e-02
-3.384732e-05 1.564279e-01
-7.884771e-06 1.797832e-01
-2.311764e-05 2.137644e-01
+1.238303e-04 2.743517e-01
-1.334251e-04 3.015783e-01
-9.415697e-05 3.031731e-01
-4.055194e-05 3.466611e-01
-4.559745e-05 3.233800e-01
-6.971168e-05 3.218963e-01
+1.459504e-05 3.196822e-01
-2.711103e-05 7.525300e-03
-5.617205e+00 8.271179e+00
+4.321976e+00 1.198011e+01
-1.857363e+00 1.771336e+01
-8.471679e+00 1.665100e+01
+7.579969e-01 1.634397e+01
-2.637193e+00 2.116767e+01
-2.227136e+00 2.421077e+01
-4.534442e+00 2.113675e+01
-1.926220e+00 2.711517e+01
+5.106686e-01 2.346179e+01
-1.267833e-01 2.479078e+01
+1.895352e+00 2.793536e+01
+2.338005e+01 6.882979e-01
-3.593752e-04 4.796815e-01
-4.107337e-04 5.263491e-01
-3.747339e-04 8.888409e-01
+4.928711e-04 9.629791e-01
+7.257169e-04 1.105516e+00
-4.988920e-05 1.414232e+00
+5.580915e-04 1.579535e+00
+1.907110e-04 1.536645e+00
+7.290269e-05 1.785044e+00
+4.055066e-04 1.668414e+00
+3.951169e-04 1.676567e+00
+1.986410e-04 1.627769e+00
-3.922607e-05 3.620935e-02
+1.648368e-06 8.323154e-02
+9.147220e-06 9.122846e-02
-4.852417e-05 1.567488e-01
+3.103232e-05 1.801464e-01
-2.214066e-05 2.142442e-01
+8.093775e-05 2.749594e-01
-1.590256e-04 3.022439e-01
-1.011313e-04 3.038735e-01
-9.391490e-06 3.475209e-01
-6.694433e-05 3.241476e-01
-6.587578e-05 3.226642e-01
-6.939846e-05 3.204257e-01
-2.054992e-05 7.542882e-03
-5.617575e+00 8.271258e+00
+4.321591e+00 1.198097e+01
-1.857875e+00 1.771178e+01
-8.471242e+00 1.665009e+01
+7.584870e-01 1.634509e+01
-2.637261e+00 2.116529e+01
-2.226701e+00 2.421380e+01
-4.534547e+00 2.113656e+01
-1.926224e+00 2.711355e+01
+5.111518e-01 2.345808e+01
-1.265871e-01 2.478749e+01
+1.895412e+00 2.793911e+01
+2.337999e+01 6.882119e-01
-3.618997e-04 4.802559e-01
-3.766485e-04 5.270268e-01
-4.482596e-04 8.897246e-01
+5.537699e-04 9.638375e-01
+6.763395e-04 1.106571e+00
-3.340407e-05 1.415338e+00
+3.867777e-04 1.580895e+00
+6.889245e-05 1.537746e+00
+1.073172e-04 1.786573e+00
+3.359794e-04 1.669735e+00
+3.368370e-04 1.678100e+00
+3.085538e-05 1.629495e+00
-5.258386e-05 3.625141e-02
+5.327390e-06 8.331536e-02
+2.791347e-05 9.134133e-02
-5.604599e-05 1.569467e-01
+5.257189e-05 1.803877e-01
-1.896012e-05 2.145560e-01
+4.716126e-05 2.753287e-01
-1.601751e-04 3.026938e-01
-9.730792e-05 3.043497e-01
+3.102883e-05 3.480640e-01
-7.472331e-05 3.246443e-01
-7.070777e-05 3.231740e-01
-1.207174e-04 3.209085e-01
-1.374052e-05 7.553871e-03
-5.617940e+00 8.270712e+00
+4.321270e+00 1.198114e+01
-1.858366e+00 1.771030e+01
-8.470535e+00 1.664805e+01
+7.592247e-01 1.634490e+01
-2.637289e+00 2.116313e+01
-2.226446e+00 2.421947e+01
-4.534532e+00 2.113470e+01
-1.926026e+00 2.711208e+01
+5.113855e-01 2.345501e+01
-1.262329e-01 2.478555e+01
+1.895295e+00 2.794680e+01
+2.337993e+01 6.881457e-01
-3.525723e-04 4.802560e-01
-3.389936e-04 5.271289e-01
-4.978664e-04 8.896273e-01
+6.105024e-04 9.637969e-01
+6.734523e-04 1.106686e+00
-7.626494e-06 1.415101e+00
+2.456976e-04 1.580913e+00
-4.675906e-06 1.537669e+00
+1.835933e-04 1.786545e+00
+2.829296e-04 1.669717e+00
+2.598051e-04 1.678082e+00
-9.328532e-05 1.629957e+00
-6.021436e-05 3.624910e-02
+6.486335e-06 8.331147e-02
+4.347043e-05 9.133993e-02
-5.598354e-05 1.569504e-01
+5.200405e-05 1.803920e-01
-2.087382e-05 2.145575e-01
+1.701248e-05 2.753252e-01
-1.408481e-04 3.026926e-01
-8.644527e-05 3.043578e-01
+6.024724e-05 3.480665e-01
-6.514238e-05 3.246503e-01
-7.331707e-05 3.231913e-01
-1.400494e-04 3.209125e-01
-9.480473e-06 7.554319e-03
-5.618306e+00 8.270167e+00
+4.320949e+00 1.198131e+01
-1.858857e+00 1.770881e+01
-8.469827e+00 1.664601e+01
+7.599623e-01 1.634470e+01
-2.637318e+00 2.116096e+01
-2.226190e+00 2.422514e+01
-4.534517e+00 2.113284e+01
-1.925828e+00 2.711061e+01
+5.116191e-01 2.345194e+01
-1.258788e-01 2.478361e+01
+1.895177e+00 2.795449e+01
+2.337987e+01 6.880795e-01
-3.432449e-04 4.802560e-01
-3.013387e-04 5.272310e-01
-5.474733e-04 8.895299e-01
+6.672350e-04 9.637562e-01
+6.705652e-04 1.106801e+00
+1.815108e-05 1.414864e+00
+1.046175e-04 1.580930e+00
-7.824426e-05 1.537593e+00
+2.598694e-04 1.786518e+00
+2.298799e-04 1.669699e+00
+1.827732e-04 1.678065e+00
-2.174260e-04 1.630418e+00
-6.784487e-05 3.624679e-02
+7.645280e-06 8.330757e-02
+5.902740e-05 9.133853e-02
-5.592109e-05 1.569540e-01
+5.143621e-05 1.803962e-01
-2.278752e-05 2.145590e-01
-1.313630e-05 2.753217e-01
-1.215210e-04 3.026914e-01
-7.558261e-05 3.043659e-01
+8.946565e-05 3.480691e-01
-5.556144e-05 3.246564e-01
-7.592638e-05 3.232085e-01
-1.593814e-04 3.209165e-01
-5.220427e-06 7.554768e-03
-5.618603e+00 8.270134e+00
+4.320601e+00 1.198177e+01
-1.859362e+00 1.770843e+01
-8.469335e+00 1.664418e+01
+7.606265e-01 1.634319e+01
-2.637203e+00 2.116088e+01
-2.226163e+00 2.423300e+01
-4.534480e+00 2.113188e+01
-1.925500e+00 2.710676e+01
+5.118496e-01 2.344654e+01
-1.258384e-01 2.478528e+01
+1.895003e+00 2.795961e+01
+2.337981e+01 6.879658e-01
-3.362709e-04 4.796709e-01
-2.310364e-04 5.267821e-01
-6.050447e-04 8.884555e-01
+6.961590e-04 9.628873e-01
+6.242348e-04 1.106051e+00
+9.395406e-06 1.413339e+00
-5.068584e-06 1.579386e+00
-1.679469e-04 1.536155e+00
+2.978629e-04 1.784855e+00
+1.328444e-04 1.667976e+00
+1.055634e-04 1.676542e+00
-3.774654e-04 1.629323e+00
-7.899796e-05 3.619855e-02
+6.873238e-06 8.321043e-02
+7.523244e-05 9.121919e-02
-5.080365e-05 1.567600e-01
+6.212709e-05 1.801540e-01
-2.918856e-05 2.142413e-01
-6.836495e-05 2.749245e-01
-9.948367e-05 3.022608e-01
-4.516604e-05 3.039354e-01
+1.351466e-04 3.475468e-01
-2.968122e-05 3.241822e-01
-4.956243e-05 3.227656e-01
-1.835767e-04 3.204866e-01
+2.179978e-06 7.545145e-03
-5.618936e+00 8.270108e+00
+4.320272e+00 1.198341e+01
-1.859936e+00 1.770724e+01
-8.468848e+00 1.664338e+01
+7.610160e-01 1.634079e+01
-2.637064e+00 2.116018e+01
-2.226112e+00 2.423860e+01
-4.534630e+00 2.113216e+01
-1.925261e+00 2.710338e+01
+5.121651e-01 2.344096e+01
-1.257356e-01 2.478121e+01
+1.894887e+00 2.796429e+01
+2.337970e+01 6.878041e-01
-3.329254e-04 4.788944e-01
-1.645295e-04 5.261911e-01
-6.729616e-04 8.872463e-01
+6.925782e-04 9.620912e-01
+5.499461e-04 1.105423e+00
-8.799083e-05 1.412131e+00
-7.798045e-05 1.578128e+00
-1.975973e-04 1.535126e+00
+4.283273e-04 1.783584e+00
+1.119820e-04 1.666678e+00
+8.736376e-05 1.675334e+00
-5.614745e-04 1.628144e+00
-8.045577e-05 3.615605e-02
+2.329132e-06 8.303936e-02
+9.279408e-05 9.102572e-02
-3.863454e-05 1.564298e-01
+8.217269e-05 1.797536e-01
-2.633360e-05 2.137408e-01
-1.255472e-04 2.742731e-01
-9.661871e-05 3.015983e-01
-9.045441e-06 3.032676e-01
+1.899429e-04 3.467223e-01
-6.012508e-06 3.234134e-01
-2.268221e-05 3.220586e-01
-2.008537e-04 3.198166e-01
+1.261960e-05 7.527448e-03
-5.619264e+00 8.270454e+00
+4.320097e+00 1.198509e+01
-1.860515e+00 1.770461e+01
-8.468498e+00 1.664120e+01
+7.613256e-01 1.633954e+01
-2.637110e+00 2.115967e+01
-2.225915e+00 2.424353e+01
-4.534768e+00 2.112977e+01
-1.925169e+00 2.710137e+01
+5.122182e-01 2.343590e+01
-1.256648e-01 2.478167e+01
+1.894563e+00 2.796978e+01
+2.337959e+01 6.876769e-01
-3.374205e-04 4.781014e-01
-9.288447e-05 5.255374e-01
-7.104308e-04 8.860559e-01
+7.615435e-04 9.612350e-01
+4.671998e-04 1.104530e+00
-2.664611e-04 1.411049e+00
-1.557281e-04 1.577005e+00
-1.595042e-04 1.534243e+00
+5.948687e-04 1.782214e+00
+1.345295e-04 1.665622e+00
+1.845253e-04 1.674222e+00
-7.578151e-04 1.626755e+00
-7.105943e-05 3.611847e-02
-1.134113e-05 8.280966e-02
+1.092746e-04 9.078754e-02
-3.033913e-05 1.560053e-01
+1.187819e-04 1.792789e-01
-3.701837e-07 2.131805e-01
-1.472743e-04 2.735190e-01
-1.222712e-04 3.008039e-01
-3.473221e-06 3.024902e-01
+2.372129e-04 3.457716e-01
-8.912603e-07 3.224990e-01
-9.474976e-06 3.212005e-01
-2.006306e-04 3.189842e-01
+2.372260e-05 7.504770e-03
-5.619578e+00 8.270989e+00
+4.319812e+00 1.198589e+01
-1.861150e+00 1.770396e+01
-8.468349e+00 1.663881e+01
+7.614987e-01 1.633799e+01
-2.637436e+00 2.115800e+01
-2.225722e+00 2.424825e+01
-4.534600e+00 2.112813e+01
-1.924476e+00 2.710236e+01
+5.127817e-01 2.343337e+01
-1.254398e-01 2.477819e+01
+1.894194e+00 2.797143e+01
+2.337952e+01 6.875406e-01
-3.580323e-04 4.772724e-01
-7.018065e-07 5.249054e-01
-7.318478e-04 8.848554e-01
+8.271050e-04 9.602858e-01
+4.132408e-04 1.103568e+00
-4.314239e-04 1.409876e+00
-3.112226e-04 1.576065e+00
-1.348299e-04 1.533388e+00
+7.698075e-04 1.780749e+00
+1.023216e-04 1.664466e+00
+2.264986e-04 1.672920e+00
-9.313476e-04 1.625553e+00
-5.365538e-05 3.607110e-02
-3.587982e-05 8.256299e-02
+1.407976e-04 9.053781e-02
-2.703063e-05 1.555721e-01
+1.545370e-04 1.788211e-01
+5.508025e-05 2.126459e-01
-1.234120e-04 2.727962e-01
-1.500958e-04 3.000162e-01
-6.584043e-05 3.017524e-01
+2.277826e-04 3.448606e-01
-4.960759e-05 3.216789e-01
-2.678029e-05 3.203340e-01
-1.914334e-04 3.180879e-01
+2.966142e-05 7.484045e-03
