-8.406441e+00 1.020418e+01
+6.559662e+00 1.357614e+01
-2.275198e+00 2.141351e+01
-5.066667e+00 1.991074e+01
+1.043098e+00 1.745766e+01
-4.288041e+00 2.530557e+01
-2.751532e+00 3.290728e+01
-7.714213e+00 2.502464e+01
-2.390240e+00 2.337110e+01
-1.655988e+00 2.358763e+01
-4.518127e-01 2.405810e+01
+2.319113e+00 2.198353e+01
+2.326708e+01 8.067674e-01
-8.820600e-05 4.849116e-01
+1.033757e-03 5.980146e-01
-7.476865e-04 9.769466e-01
+2.622904e-04 1.176190e+00
-3.110367e-04 1.312017e+00
+9.811143e-04 1.509163e+00
-5.223837e-04 1.653575e+00
-1.992058e-03 1.679002e+00
+5.611761e-04 1.776734e+00
-1.038719e-03 1.767139e+00
-1.395827e-03 1.604596e+00
-5.848618e-05 1.531601e+00
+1.897804e-04 3.877759e-02
+4.504780e-05 7.920995e-02
-1.553670e-05 1.056401e-01
+1.376066e-04 1.779742e-01
+7.477244e-05 2.051880e-01
+5.443413e-05 2.444596e-01
-3.181702e-06 2.773722e-01
+1.945271e-04 3.138370e-01
+1.589894e-04 3.221114e-01
-1.067348e-04 3.445184e-01
+7.079282e-05 3.421004e-01
+9.911066e-05 3.147939e-01
-3.139707e-04 2.981926e-01
+1.038104e-05 7.539598e-03
-8.406541e+00 1.020460e+01
+6.560506e+00 1.357722e+01
-2.275771e+00 2.141765e+01
-5.066304e+00 1.991245e+01
+1.042966e+00 1.745350e+01
-4.287216e+00 2.531011e+01
-2.751602e+00 3.290779e+01
-7.715396e+00 2.502715e+01
-2.390430e+00 2.336934e+01
-1.657069e+00 2.358691e+01
-4.530777e-01 2.405710e+01
+2.318397e+00 2.198493e+01
+2.326730e+01 8.066687e-01
-3.800412e-05 4.855938e-01
+1.006581e-03 5.986802e-01
-6.544384e-04 9.777796e-01
+2.728342e-04 1.177283e+00
-2.719365e-04 1.313227e+00
+8.675386e-04 1.510728e+00
-4.038086e-04 1.655028e+00
-1.734534e-03 1.680332e+00
+4.222781e-04 1.777950e+00
-9.434196e-04 1.768617e+00
-1.237452e-03 1.606037e+00
-1.789067e-04 1.532581e+00
+2.006271e-04 3.884236e-02
+4.417910e-05 7.941900e-02
-5.179980e-05 1.059028e-01
+1.243510e-04 1.784360e-01
+1.767963e-05 2.056850e-01
+8.358842e-05 2.450787e-01
-9.712147e-05 2.781211e-01
+1.829132e-04 3.146148e-01
+2.269575e-04 3.229220e-01
-1.244182e-04 3.454219e-01
+9.506481e-05 3.430010e-01
+8.485041e-05 3.155703e-01
-2.600102e-04 2.989550e-01
-1.085569e-06 7.563414e-03
-8.406669e+00 1.020533e+01
+6.561474e+00 1.357810e+01
-2.276285e+00 2.141983e+01
-5.065961e+00 1.991431e+01
+1.042911e+00 1.744936e+01
-4.286359e+00 2.531446e+01
-2.751648e+00 3.291175e+01
-7.716839e+00 2.503139e+01
-2.390609e+00 2.336665e+01
-1.657986e+00 2.358612e+01
-4.542395e-01 2.405848e+01
+2.317891e+00 2.198391e+01
+2.326750e+01 8.066297e-01
-2.594240e-06 4.862818e-01
+9.307949e-04 5.992780e-01
-5.428087e-04 9.787449e-01
+2.512652e-04 1.178319e+00
-1.877841e-04 1.314374e+00
+6.702126e-04 1.512097e+00
-2.702322e-04 1.656170e+00
-1.435109e-03 1.681381e+00
+3.115993e-04 1.779238e+00
-8.074342e-04 1.770018e+00
-1.166471e-03 1.607172e+00
-3.206737e-04 1.533473e+00
+1.951162e-04 3.890913e-02
+4.119250e-05 7.962012e-02
-9.192276e-05 1.061794e-01
+1.066389e-04 1.788727e-01
-2.452085e-05 2.061983e-01
+1.026441e-04 2.456878e-01
-1.634324e-04 2.788817e-01
+1.340524e-04 3.154560e-01
+2.747981e-04 3.237944e-01
-1.409169e-04 3.463419e-01
+1.010337e-04 3.439374e-01
+5.028008e-05 3.164067e-01
-2.207957e-04 2.997719e-01
-8.229064e-06 7.585861e-03
-8.406658e+00 1.020628e+01
+6.562187e+00 1.357839e+01
-2.276707e+00 2.142440e+01
-5.065651e+00 1.991647e+01
+1.042957e+00 1.744603e+01
-4.285968e+00 2.531814e+01
-2.751563e+00 3.291546e+01
-7.717621e+00 2.503528e+01
-2.390706e+00 2.336134e+01
-1.658656e+00 2.358387e+01
-4.552813e-01 2.406231e+01
+2.317339e+00 2.198400e+01
+2.326769e+01 8.066486e-01
+3.384214e-05 4.870188e-01
+8.061171e-04 5.998860e-01
-4.473389e-04 9.796482e-01
+1.883386e-04 1.179401e+00
-6.936004e-05 1.315566e+00
+4.591740e-04 1.513534e+00
-2.580115e-04 1.657237e+00
-1.126178e-03 1.682347e+00
+1.742168e-04 1.780769e+00
-7.063223e-04 1.771411e+00
-1.142245e-03 1.607927e+00
-4.426730e-04 1.534395e+00
+1.846520e-04 3.897531e-02
+3.332144e-05 7.976245e-02
-1.074189e-04 1.064001e-01
+8.522344e-05 1.792254e-01
-4.645994e-05 2.065970e-01
+1.107992e-04 2.461945e-01
-1.610123e-04 2.794719e-01
+7.328458e-05 3.161701e-01
+2.665475e-04 3.245463e-01
-1.600303e-04 3.470811e-01
+6.820608e-05 3.446968e-01
+1.606515e-05 3.171333e-01
-1.818380e-04 3.004606e-01
-8.897246e-06 7.602500e-03
-8.406660e+00 1.020712e+01
+6.562869e+00 1.358008e+01
-2.277008e+00 2.143034e+01
-5.065467e+00 1.991975e+01
+1.042950e+00 1.744386e+01
-4.285714e+00 2.532100e+01
-2.751847e+00 3.292131e+01
-7.718375e+00 2.503806e+01
-2.390629e+00 2.335660e+01
-1.659265e+00 2.358175e+01
-4.565332e-01 2.406430e+01
+2.316547e+00 2.198478e+01
+2.326786e+01 8.066845e-01
+7.416687e-05 4.875865e-01
+6.736081e-04 6.004259e-01
-3.816849e-04 9.804847e-01
+1.187187e-04 1.180543e+00
+3.504057e-05 1.316712e+00
+2.809583e-04 1.514905e+00
-2.672145e-04 1.658579e+00
-8.232004e-04 1.683622e+00
+1.580202e-06 1.782526e+00
-6.686747e-04 1.773214e+00
-1.134595e-03 1.609105e+00
-5.773383e-04 1.535821e+00
+1.795270e-04 3.902795e-02
+2.565093e-05 7.984154e-02
-1.028939e-04 1.065330e-01
+5.869826e-05 1.794442e-01
-5.592555e-05 2.068284e-01
+1.050257e-04 2.465043e-01
-1.297746e-04 2.798254e-01
+2.271104e-05 3.166132e-01
+2.354761e-04 3.250068e-01
-1.855222e-04 3.475464e-01
+2.519777e-05 3.451759e-01
+3.706322e-06 3.175810e-01
-1.372724e-04 3.008876e-01
-5.401655e-06 7.611742e-03
-8.406539e+00 1.020800e+01
+6.563468e+00 1.358181e+01
-2.277396e+00 2.143488e+01
-5.065422e+00 1.992277e+01
+1.043058e+00 1.744291e+01
-4.285533e+00 2.532535e+01
-2.752164e+00 3.292543e+01
-7.719049e+00 2.504034e+01
-2.390799e+00 2.335389e+01
-1.659933e+00 2.357737e+01
-4.576246e-01 2.406432e+01
+2.316001e+00 2.198942e+01
+2.326804e+01 8.067035e-01
+8.793950e-05 4.876150e-01
+5.952004e-04 6.003955e-01
-3.465250e-04 9.803650e-01
+6.825043e-05 1.180567e+00
+1.245303e-04 1.316721e+00
+2.097053e-04 1.514771e+00
-2.658278e-04 1.658467e+00
-6.551236e-04 1.683578e+00
-2.051063e-04 1.782683e+00
-6.863366e-04 1.773330e+00
-1.129927e-03 1.609052e+00
-6.788490e-04 1.535846e+00
+1.783713e-04 3.902523e-02
+1.738628e-05 7.983912e-02
-8.780732e-05 1.065309e-01
+3.838663e-05 1.794390e-01
-5.645032e-05 2.068155e-01
+9.380009e-05 2.465050e-01
-9.907663e-05 2.798208e-01
-1.449000e-06 3.166118e-01
+2.030987e-04 3.250024e-01
-2.021480e-04 3.475320e-01
-4.489413e-06 3.451704e-01
+2.356099e-06 3.175694e-01
-9.539370e-05 3.008789e-01
-1.449308e-06 7.611805e-03
-8.406418e+00 1.020888e+01
+6.564066e+00 1.358353e+01
-2.277784e+00 2.143943e+01
-5.065378e+00 1.992580e+01
+1.043166e+00 1.744196e+01
-4.285353e+00 2.532970e+01
-2.752482e+00 3.292955e+01
-7.719723e+00 2.504261e+01
-2.390970e+00 2.335118e+01
-1.660600e+00 2.357299e+01
-4.587161e-01 2.406435e+01
+2.315455e+00 2.199407e+01
+2.326823e+01 8.067224e-01
+1.017121e-04 4.876435e-01
+5.167927e-04 6.003651e-01
-3.113652e-04 9.802453e-01
+1.778217e-05 1.180591e+00
+2.140201e-04 1.316730e+00
+1.384522e-04 1.514637e+00
-2.644411e-04 1.658356e+00
-4.870469e-04 1.683534e+00
-4.117927e-04 1.782839e+00
-7.039985e-04 1.773445e+00
-1.125260e-03 1.608999e+00
-7.803598e-04 1.535871e+00
+1.772156e-04 3.902251e-02
+9.121629e-06 7.983670e-02
-7.272076e-05 1.065288e-01
+1.807500e-05 1.794337e-01
-5.697509e-05 2.068027e-01
+8.257452e-05 2.465058e-01
-6.837869e-05 2.798163e-01
-2.560904e-05 3.166104e-01
+1.707214e-04 3.249981e-01
-2.187738e-04 3.475175e-01
-3.417660e-05 3.451650e-01
+1.005877e-06 3.175579e-01
-5.351501e-05 3.008701e-01
+2.503039e-06 7.611869e-03
-8.406339e+00 1.021068e+01
+6.564564e+00 1.358594e+01
-2.278051e+00 2.144545e+01
-5.065354e+00 1.992964e+01
+1.043472e+00 1.744316e+01
-4.285100e+00 2.533423e+01
-2.752574e+00 3.292897e+01
-7.720223e+00 2.504071e+01
-2.391561e+00 2.334719e+01
-1.661420e+00 2.357001e+01
-4.598395e-01 2.406372e+01
+2.314491e+00 2.199782e+01
+2.326840e+01 8.067343e-01
+1.070009e-04 4.871338e-01
+4.454881e-04 5.997841e-01
-2.905656e-04 9.792502e-01
-4.344487e-05 1.179649e+00
+3.101508e-04 1.315452e+00
+3.504393e-05 1.512980e+00
-2.666433e-04 1.656956e+00
-2.787612e-04 1.682099e+00
-6.298368e-04 1.781406e+00
-7.111076e-04 1.772133e+00
-1.135132e-03 1.607608e+00
-8.181308e-04 1.534676e+00
+1.785612e-04 3.895726e-02
+2.672987e-06 7.974693e-02
-5.575937e-05 1.063841e-01
-1.118970e-05 1.791802e-01
-6.186338e-05 2.065266e-01
+5.832167e-05 2.461972e-01
-2.716289e-05 2.794344e-01
-7.222313e-05 3.161448e-01
+1.234690e-04 3.245128e-01
-2.019864e-04 3.470122e-01
-6.390427e-05 3.446591e-01
-1.825797e-06 3.170950e-01
+1.133138e-05 3.004150e-01
+6.755934e-06 7.603196e-03
-8.406299e+00 1.021248e+01
+6.564977e+00 1.358823e+01
-2.278314e+00 2.144852e+01
-5.065216e+00 1.993274e+01
+1.043809e+00 1.744539e+01
-4.285065e+00 2.533975e+01
-2.752577e+00 3.292752e+01
-7.720292e+00 2.503692e+01
-2.392357e+00 2.334431e+01
-1.662073e+00 2.357019e+01
-4.609223e-01 2.406101e+01
+2.313518e+00 2.199868e+01
+2.326858e+01 8.066914e-01
+1.196320e-04 4.863963e-01
+3.656409e-04 5.990915e-01
-2.742268e-04 9.782766e-01
-1.131917e-04 1.178621e+00
+3.765820e-04 1.314285e+00
-5.990868e-05 1.511358e+00
-3.787232e-04 1.655638e+00
-8.437110e-05 1.681061e+00
-8.276444e-04 1.780200e+00
-7.360532e-04 1.770969e+00
-1.108896e-03 1.606477e+00
-7.791838e-04 1.534002e+00
+1.846234e-04 3.888243e-02
-6.317046e-07 7.958865e-02
-3.390842e-05 1.061626e-01
-4.317842e-05 1.787818e-01
-5.670590e-05 2.060937e-01
+2.567591e-05 2.456726e-01
+4.039618e-05 2.788385e-01
-1.321742e-04 3.154402e-01
+3.717158e-05 3.237402e-01
-1.618052e-04 3.462469e-01
-8.299061e-05 3.439154e-01
-9.094158e-06 3.163621e-01
+7.456177e-05 2.996945e-01
+1.074107e-05 7.586068e-03
-8.406282e+00 1.021448e+01
+6.565468e+00 1.359143e+01
-2.278651e+00 2.145187e+01
-5.065189e+00 1.993590e+01
+1.044164e+00 1.744738e+01
-4.285081e+00 2.534371e+01
-2.752643e+00 3.292940e+01
-7.720375e+00 2.503580e+01
-2.393106e+00 2.334113e+01
-1.662757e+00 2.356974e+01
-4.620981e-01 2.406135e+01
+2.312867e+00 2.200037e+01
+2.326877e+01 8.066078e-01
+1.376720e-04 4.855930e-01
+2.994391e-04 5.983149e-01
-3.004229e-04 9.770441e-01
-2.004962e-04 1.177465e+00
+3.927265e-04 1.313167e+00
-1.064999e-04 1.509834e+00
-5.481346e-04 1.654052e+00
+4.259170e-05 1.679866e+00
-8.685049e-04 1.778959e+00
-7.522830e-04 1.769521e+00
-1.108121e-03 1.605313e+00
-6.637573e-04 1.533114e+00
+1.898300e-04 3.881786e-02
-1.608630e-07 7.939405e-02
-4.095096e-06 1.059073e-01
-5.871886e-05 1.783361e-01
-2.404645e-05 2.056005e-01
-9.149007e-06 2.450043e-01
+1.181217e-04 2.781001e-01
-1.800468e-04 3.146415e-01
-7.968920e-05 3.228424e-01
-1.305155e-04 3.453084e-01
-1.099729e-04 3.430765e-01
-1.761270e-05 3.155120e-01
+1.057551e-04 2.988806e-01
+1.082939e-05 7.561010e-03
-8.406237e+00 1.021627e+01
+6.565827e+00 1.359506e+01
-2.278913e+00 2.145570e+01
-5.065160e+00 1.994084e+01
+1.044461e+00 1.745188e+01
-4.284994e+00 2.534649e+01
-2.753114e+00 3.292976e+01
-7.720434e+00 2.503811e+01
-2.393988e+00 2.333689e+01
-1.663590e+00 2.356830e+01
-4.630628e-01 2.406219e+01
+2.312230e+00 2.200503e+01
+2.326897e+01 8.065398e-01
+1.644853e-04 4.847525e-01
+2.544140e-04 5.976369e-01
-3.261517e-04 9.759099e-01
-2.341725e-04 1.176185e+00
+3.953703e-04 1.311962e+00
-6.163302e-05 1.508543e+00
-7.573596e-04 1.652661e+00
+2.814774e-05 1.678399e+00
-8.765481e-04 1.777821e+00
-7.143877e-04 1.768309e+00
-1.124069e-03 1.604067e+00
-5.627807e-04 1.531980e+00
+1.953763e-04 3.875033e-02
+6.821738e-07 7.920094e-02
+3.162462e-05 1.056388e-01
-5.520720e-05 1.778935e-01
+2.495834e-05 2.051211e-01
-4.503882e-05 2.443784e-01
+1.719936e-04 2.773595e-01
-2.089392e-04 3.138434e-01
-1.763888e-04 3.220351e-01
-1.085398e-04 3.443830e-01
-1.419566e-04 3.422139e-01
-3.820742e-05 3.147206e-01
+1.005835e-04 2.981480e-01
+7.530163e-06 7.536251e-03
