-4.345500e-01 1.107037e+01
+3.413261e+00 9.901803e+00
-1.619504e+00 1.719282e+01
-2.205761e-01 1.764875e+01
-1.156450e+00 1.597309e+01
-5.248415e-01 1.608968e+01
-2.373055e-02 1.737882e+01
-5.616973e-01 1.657639e+01
-1.564186e+00 1.695444e+01
-1.219285e+00 1.678635e+01
-1.807693e+00 1.605306e+01
-1.930395e+00 1.286606e+01
+2.332889e+01 1.086945e+00
+4.819642e-04 4.767603e-01
+3.694851e-04 5.390864e-01
+6.480635e-04 8.331252e-01
+1.746970e-04 1.141458e+00
-3.565517e-04 1.153137e+00
+3.854642e-04 1.200952e+00
-1.586762e-04 1.356680e+00
-1.757435e-04 1.427543e+00
+3.958018e-04 1.455019e+00
-2.189667e-04 1.380682e+00
-4.856894e-05 1.282502e+00
-9.306566e-04 1.127143e+00
+7.539376e-05 6.491448e-02
-6.822950e-05 7.420982e-02
-1.136958e-04 9.380202e-02
-2.757742e-05 1.423147e-01
-5.629294e-05 1.966243e-01
-1.565234e-04 2.142470e-01
-1.700945e-04 2.282108e-01
-3.650402e-06 2.585479e-01
+1.497468e-04 2.772686e-01
+1.343267e-04 2.812516e-01
+1.380187e-04 2.689151e-01
+2.451169e-04 2.495779e-01
+7.904162e-05 2.209701e-01
+3.041860e-05 1.290079e-02
-4.342394e-01 1.106950e+01
+3.413369e+00 9.902302e+00
-1.619077e+00 1.719288e+01
-2.204373e-01 1.764756e+01
-1.157086e+00 1.597453e+01
-5.249393e-01 1.608906e+01
-2.393537e-02 1.737771e+01
-5.615370e-01 1.657601e+01
-1.563771e+00 1.695388e+01
-1.219321e+00 1.678379e+01
-1.807457e+00 1.605292e+01
-1.930842e+00 1.286406e+01
+2.332900e+01 1.086702e+00
+4.127867e-04 4.768368e-01
+3.235128e-04 5.391027e-01
+6.119154e-04 8.330077e-01
+1.505005e-04 1.141140e+00
-4.221344e-04 1.152830e+00
+3.170994e-04 1.200574e+00
-1.292628e-04 1.356182e+00
-2.716727e-05 1.427178e+00
+5.287035e-04 1.454323e+00
-1.326629e-04 1.380188e+00
+2.695932e-05 1.281798e+00
-8.103572e-04 1.126595e+00
+9.280797e-05 6.502200e-02
-7.127512e-05 7.428493e-02
-1.115701e-04 9.396008e-02
-6.813380e-05 1.425185e-01
-5.273905e-05 1.968808e-01
-1.058281e-04 2.146195e-01
-1.339651e-04 2.286192e-01
+6.337018e-06 2.589822e-01
+1.483716e-04 2.778192e-01
+9.291747e-05 2.817894e-01
+1.114765e-04 2.694090e-01
+2.158497e-04 2.500666e-01
+7.077753e-05 2.214255e-01
+2.132407e-05 1.293840e-02
-4.339765e-01 1.106864e+01
+3.413452e+00 9.902164e+00
-1.618631e+00 1.719212e+01
-2.203290e-01 1.764776e+01
-1.157573e+00 1.597526e+01
-5.249562e-01 1.608859e+01
-2.399479e-02 1.737818e+01
-5.613747e-01 1.657554e+01
-1.563055e+00 1.695318e+01
-1.219221e+00 1.678102e+01
-1.807371e+00 1.605200e+01
-1.931108e+00 1.286251e+01
+2.332913e+01 1.086546e+00
+3.553446e-04 4.768864e-01
+2.610364e-04 5.391640e-01
+5.089193e-04 8.329544e-01
+1.047292e-04 1.140829e+00
-4.459770e-04 1.152537e+00
+2.077702e-04 1.200139e+00
-1.284679e-04 1.355665e+00
+6.473377e-05 1.426823e+00
+5.591012e-04 1.453737e+00
-3.238604e-05 1.379684e+00
+1.172739e-04 1.281200e+00
-7.538128e-04 1.125978e+00
+1.046004e-04 6.512700e-02
-6.256679e-05 7.436962e-02
-1.180497e-04 9.412431e-02
-9.959455e-05 1.427336e-01
-3.725477e-05 1.971833e-01
-6.648551e-05 2.150497e-01
-9.891615e-05 2.291067e-01
+3.096636e-05 2.595189e-01
+1.319914e-04 2.784601e-01
+1.402374e-05 2.824195e-01
+6.918818e-05 2.700028e-01
+1.858779e-04 2.506294e-01
+5.738863e-05 2.219865e-01
+1.285892e-05 1.297749e-02
-4.337950e-01 1.106789e+01
+3.413517e+00 9.902364e+00
-1.618387e+00 1.719174e+01
-2.202883e-01 1.764680e+01
-1.158006e+00 1.597566e+01
-5.246491e-01 1.608813e+01
-2.396646e-02 1.737792e+01
-5.610574e-01 1.657582e+01
-1.562132e+00 1.695196e+01
-1.218986e+00 1.677998e+01
-1.806978e+00 1.605322e+01
-1.931754e+00 1.286124e+01
+2.332923e+01 1.086483e+00
+3.061281e-04 4.769046e-01
+1.508516e-04 5.391980e-01
+3.774561e-04 8.328702e-01
+9.242057e-05 1.140502e+00
-4.485869e-04 1.152319e+00
+1.708583e-04 1.199843e+00
-1.293866e-05 1.355179e+00
+1.573981e-04 1.426441e+00
+4.807460e-04 1.453336e+00
+1.335739e-06 1.379054e+00
+2.107807e-04 1.280572e+00
-6.757441e-04 1.125550e+00
+1.086386e-04 6.522790e-02
-4.838668e-05 7.445343e-02
-1.263452e-04 9.428019e-02
-1.044151e-04 1.429384e-01
-7.992831e-06 1.974784e-01
-4.638118e-05 2.154427e-01
-9.019569e-05 2.295778e-01
+6.635993e-05 2.600351e-01
+1.132458e-04 2.790527e-01
-7.001771e-05 2.830103e-01
+2.326913e-05 2.706295e-01
+1.472494e-04 2.512002e-01
+8.008896e-05 2.225084e-01
+8.279718e-06 1.300883e-02
-4.334996e-01 1.106659e+01
+3.413598e+00 9.902376e+00
-1.618206e+00 1.719133e+01
-2.203132e-01 1.764569e+01
-1.158576e+00 1.597577e+01
-5.247414e-01 1.608767e+01
-2.401873e-02 1.737969e+01
-5.609441e-01 1.657608e+01
-1.561885e+00 1.695174e+01
-1.218909e+00 1.677826e+01
-1.806703e+00 1.605387e+01
-1.932293e+00 1.285932e+01
+2.332934e+01 1.086333e+00
+2.718963e-04 4.770065e-01
+3.051681e-05 5.394237e-01
+2.729033e-04 8.330437e-01
+1.173538e-04 1.140666e+00
-4.784937e-04 1.152652e+00
+1.059604e-04 1.200343e+00
+9.434579e-05 1.355692e+00
+2.639432e-04 1.427018e+00
+3.247769e-04 1.453952e+00
-2.367150e-05 1.379541e+00
+3.168247e-04 1.280748e+00
-5.849066e-04 1.126155e+00
+1.110356e-04 6.531926e-02
-3.688832e-05 7.450755e-02
-1.263727e-04 9.438679e-02
-8.832762e-05 1.430857e-01
+2.424489e-05 1.976902e-01
-3.647240e-05 2.157026e-01
-8.301073e-05 2.298901e-01
+9.505473e-05 2.603872e-01
+1.047000e-04 2.794530e-01
-1.200769e-04 2.834204e-01
-1.990376e-05 2.710766e-01
+1.003944e-04 2.516169e-01
+1.199125e-04 2.228726e-01
+6.047956e-06 1.302695e-02
-4.332313e-01 1.106553e+01
+3.413508e+00 9.902398e+00
-1.617920e+00 1.719135e+01
-2.200941e-01 1.764491e+01
-1.159067e+00 1.597481e+01
-5.246279e-01 1.608719e+01
-2.377491e-02 1.737927e+01
-5.605330e-01 1.657491e+01
-1.561606e+00 1.695241e+01
-1.219012e+00 1.677641e+01
-1.806294e+00 1.605364e+01
-1.932723e+00 1.285934e+01
+2.332945e+01 1.085970e+00
+2.425433e-04 4.770085e-01
-8.785550e-05 5.394804e-01
+2.152688e-04 8.330394e-01
+1.623580e-04 1.140628e+00
-5.056428e-04 1.152485e+00
+1.619596e-05 1.200364e+00
+1.921397e-04 1.355545e+00
+3.599002e-04 1.426837e+00
+1.948691e-04 1.453994e+00
-5.982598e-05 1.379698e+00
+3.733687e-04 1.280660e+00
-4.288224e-04 1.126330e+00
+1.179093e-04 6.532349e-02
-2.853353e-05 7.450870e-02
-1.158436e-04 9.439037e-02
-6.923771e-05 1.430869e-01
+4.606591e-05 1.976943e-01
-2.808047e-05 2.156972e-01
-8.751062e-05 2.298755e-01
+1.016271e-04 2.603807e-01
+9.461356e-05 2.794459e-01
-1.406242e-04 2.834080e-01
-4.389272e-05 2.710826e-01
+5.164732e-05 2.516200e-01
+1.541544e-04 2.228752e-01
+5.531165e-06 1.302728e-02
-4.329629e-01 1.106448e+01
+3.413418e+00 9.902420e+00
-1.617633e+00 1.719136e+01
-2.198751e-01 1.764414e+01
-1.159558e+00 1.597385e+01
-5.245143e-01 1.608672e+01
-2.353109e-02 1.737884e+01
-5.601220e-01 1.657374e+01
-1.561327e+00 1.695308e+01
-1.219116e+00 1.677456e+01
-1.805885e+00 1.605341e+01
-1.933152e+00 1.285935e+01
+2.332956e+01 1.085608e+00
+2.131904e-04 4.770105e-01
-2.062278e-04 5.395371e-01
+1.576342e-04 8.330351e-01
+2.073621e-04 1.140589e+00
-5.327919e-04 1.152318e+00
-7.356848e-05 1.200386e+00
+2.899337e-04 1.355398e+00
+4.558573e-04 1.426656e+00
+6.496136e-05 1.454036e+00
-9.598046e-05 1.379855e+00
+4.299127e-04 1.280573e+00
-2.727381e-04 1.126506e+00
+1.247829e-04 6.532772e-02
-2.017875e-05 7.450986e-02
-1.053144e-04 9.439396e-02
-5.014780e-05 1.430882e-01
+6.788693e-05 1.976984e-01
-1.968854e-05 2.156919e-01
-9.201052e-05 2.298608e-01
+1.081996e-04 2.603743e-01
+8.452709e-05 2.794388e-01
-1.611714e-04 2.833956e-01
-6.788168e-05 2.710887e-01
+2.900209e-06 2.516231e-01
+1.883962e-04 2.228778e-01
+5.014374e-06 1.302761e-02
-4.328507e-01 1.106347e+01
+3.413168e+00 9.903143e+00
-1.617597e+00 1.719203e+01
-2.196956e-01 1.764420e+01
-1.160043e+00 1.597304e+01
-5.246816e-01 1.608516e+01
-2.324958e-02 1.737850e+01
-5.596690e-01 1.657209e+01
-1.561437e+00 1.695571e+01
-1.219181e+00 1.677534e+01
-1.805520e+00 1.605406e+01
-1.933469e+00 1.286048e+01
+2.332970e+01 1.085147e+00
+1.928134e-04 4.768988e-01
-3.099939e-04 5.393784e-01
+8.890200e-05 8.328706e-01
+2.777461e-04 1.140274e+00
-5.618402e-04 1.151857e+00
-1.769303e-04 1.200001e+00
+3.974030e-04 1.354728e+00
+5.345089e-04 1.425770e+00
-9.246706e-05 1.453710e+00
-1.819735e-04 1.379527e+00
+4.124733e-04 1.280196e+00
-6.105644e-05 1.126336e+00
+1.294208e-04 6.524316e-02
-6.680296e-06 7.446466e-02
-7.313430e-05 9.430267e-02
-1.495215e-05 1.429421e-01
+9.158455e-05 1.974974e-01
+4.127353e-06 2.154103e-01
-7.927177e-05 2.295122e-01
+1.083826e-04 2.599934e-01
+5.990540e-05 2.790065e-01
-1.880984e-04 2.829531e-01
-8.636424e-05 2.706744e-01
-4.088417e-05 2.512139e-01
+2.137845e-04 2.225315e-01
+2.433234e-06 1.301101e-02
-4.327243e-01 1.106279e+01
+3.412807e+00 9.903887e+00
-1.617569e+00 1.719269e+01
-2.195320e-01 1.764467e+01
-1.160654e+00 1.597242e+01
-5.247858e-01 1.608503e+01
-2.289917e-02 1.737901e+01
-5.590418e-01 1.657267e+01
-1.560985e+00 1.695708e+01
-1.219056e+00 1.677429e+01
-1.804890e+00 1.605309e+01
-1.933446e+00 1.286141e+01
+2.332982e+01 1.084679e+00
+1.784433e-04 4.768658e-01
-3.758174e-04 5.394106e-01
+3.497808e-05 8.329849e-01
+3.518172e-04 1.140487e+00
-5.229197e-04 1.152030e+00
-2.171097e-04 1.200323e+00
+5.457018e-04 1.355001e+00
+5.906876e-04 1.425935e+00
-2.728288e-04 1.454211e+00
-2.377036e-04 1.380124e+00
+3.239862e-04 1.280771e+00
+1.277993e-04 1.126904e+00
+1.297545e-04 6.515047e-02
+6.464302e-06 7.439360e-02
-3.572710e-05 9.416040e-02
+2.950602e-05 1.427409e-01
+1.061724e-04 1.972119e-01
+4.624959e-05 2.150168e-01
-5.966737e-05 2.290443e-01
+9.978239e-05 2.594496e-01
+1.904496e-05 2.783917e-01
-2.210237e-04 2.823502e-01
-1.079953e-04 2.700816e-01
-6.832681e-05 2.506489e-01
+2.218856e-04 2.220502e-01
+2.394058e-07 1.298115e-02
-4.325602e-01 1.106297e+01
+3.412574e+00 9.904061e+00
-1.617593e+00 1.719407e+01
-2.192336e-01 1.764478e+01
-1.161212e+00 1.597210e+01
-5.249896e-01 1.608456e+01
-2.253483e-02 1.737818e+01
-5.585882e-01 1.657005e+01
-1.560951e+00 1.695838e+01
-1.219275e+00 1.677423e+01
-1.804762e+00 1.605444e+01
-1.933314e+00 1.286252e+01
+2.332994e+01 1.084204e+00
+1.867882e-04 4.768663e-01
-3.523573e-04 5.394586e-01
+5.417872e-05 8.330404e-01
+4.334277e-04 1.140719e+00
-4.408637e-04 1.152245e+00
-2.026871e-04 1.200726e+00
+6.416390e-04 1.355323e+00
+5.854267e-04 1.426159e+00
-4.736228e-04 1.454763e+00
-2.810331e-04 1.380800e+00
+2.958366e-04 1.281425e+00
+2.838005e-04 1.127670e+00
+1.219186e-04 6.505570e-02
+1.940314e-05 7.431055e-02
-1.401899e-05 9.399990e-02
+7.901810e-05 1.425326e-01
+1.047760e-04 1.969152e-01
+8.371583e-05 2.146126e-01
-5.233680e-05 2.285647e-01
+7.104541e-05 2.588975e-01
-3.308115e-06 2.777283e-01
-2.288341e-04 2.817380e-01
-1.324654e-04 2.694678e-01
-5.207990e-05 2.500640e-01
+2.117160e-04 2.215423e-01
-2.189779e-06 1.294106e-02
-4.324630e-01 1.106362e+01
+3.412386e+00 9.904056e+00
-1.617642e+00 1.719450e+01
-2.190039e-01 1.764491e+01
-1.161453e+00 1.597078e+01
-5.249680e-01 1.608438e+01
-2.195446e-02 1.737758e+01
-5.581392e-01 1.656822e+01
-1.561018e+00 1.695717e+01
-1.219151e+00 1.677297e+01
-1.804760e+00 1.605394e+01
-1.933295e+00 1.286250e+01
+2.333005e+01 1.083886e+00
+1.864943e-04 4.768391e-01
-3.401004e-04 5.394860e-01
+7.758077e-05 8.331703e-01
+4.784097e-04 1.140965e+00
-2.897934e-04 1.152482e+00
-1.880359e-04 1.201255e+00
+7.246786e-04 1.355608e+00
+5.210391e-04 1.426482e+00
-7.079523e-04 1.455433e+00
-3.712250e-04 1.381451e+00
+2.822353e-04 1.282066e+00
+3.975916e-04 1.128528e+00
+1.189862e-04 6.495464e-02
+4.049277e-05 7.424040e-02
-1.890874e-05 9.386077e-02
+1.128499e-04 1.423333e-01
+9.295954e-05 1.966524e-01
+7.995913e-05 2.142381e-01
-6.486811e-05 2.281437e-01
+3.394875e-05 2.584279e-01
-7.876078e-07 2.771522e-01
-2.074072e-04 2.811711e-01
-1.716844e-04 2.689061e-01
-2.989201e-05 2.495452e-01
+2.002858e-04 2.210891e-01
-3.918199e-06 1.290199e-02
