-5.763487e+00 7.828060e+00
+4.207369e+00 1.168160e+01
-2.009597e+00 1.718897e+01
-8.683233e+00 1.574521e+01
+6.981230e-01 1.582360e+01
-2.742500e+00 2.104575e+01
-2.306039e+00 2.409270e+01
-4.635678e+00 2.076884e+01
-1.949604e+00 2.707889e+01
+5.189743e-01 2.339682e+01
-1.100843e-01 2.476949e+01
+1.947081e+00 2.817075e+01
+2.356137e+01 5.961330e-01
-3.141322e-04 4.610725e-01
-4.011121e-04 5.051211e-01
-2.647338e-04 8.579943e-01
+7.305221e-04 9.151528e-01
+9.549717e-04 1.070529e+00
-2.187024e-04 1.398004e+00
+7.482840e-04 1.557971e+00
+3.630214e-04 1.506908e+00
+1.452700e-04 1.761975e+00
+4.562083e-04 1.647791e+00
+4.823407e-04 1.659038e+00
+1.247575e-04 1.614463e+00
+4.030454e-05 3.696698e-02
-4.231098e-05 8.054806e-02
-5.146022e-05 8.788473e-02
-3.423432e-05 1.517471e-01
-4.022142e-05 1.723685e-01
-9.769617e-06 2.079339e-01
+1.824812e-04 2.711653e-01
-8.513939e-05 2.970572e-01
-9.373498e-05 2.974233e-01
-3.498268e-05 3.421353e-01
+6.142805e-06 3.190185e-01
-1.532254e-04 3.178546e-01
+1.654118e-04 3.169963e-01
-2.794111e-05 7.679128e-03
-5.763835e+00 7.827513e+00
+4.207013e+00 1.168207e+01
-2.009985e+00 1.718866e+01
-8.682713e+00 1.574682e+01
+6.986742e-01 1.582503e+01
-2.742557e+00 2.104473e+01
-2.305509e+00 2.409538e+01
-4.635690e+00 2.076769e+01
-1.949334e+00 2.707762e+01
+5.196691e-01 2.339254e+01
-1.100822e-01 2.476487e+01
+1.947154e+00 2.817390e+01
+2.356135e+01 5.960375e-01
-3.496171e-04 4.618431e-01
-4.203619e-04 5.057256e-01
-2.862912e-04 8.590208e-01
+5.938627e-04 9.158130e-01
+8.688730e-04 1.071480e+00
-1.348488e-04 1.398967e+00
+7.575805e-04 1.558889e+00
+3.290950e-04 1.507732e+00
+1.423293e-04 1.763597e+00
+4.815248e-04 1.648816e+00
+4.270680e-04 1.660270e+00
+2.410952e-04 1.615912e+00
+1.264975e-05 3.701017e-02
-2.042920e-05 8.078561e-02
-3.518258e-05 8.811810e-02
-2.251176e-05 1.521793e-01
-3.812288e-05 1.728402e-01
-1.025381e-05 2.084835e-01
+1.645984e-04 2.719258e-01
-9.991258e-05 2.978644e-01
-8.311518e-05 2.982254e-01
-4.454852e-05 3.430390e-01
-1.018762e-05 3.198520e-01
-9.528053e-05 3.186761e-01
+1.121945e-04 3.177814e-01
-2.924677e-05 7.701767e-03
-5.764133e+00 7.826938e+00
+4.206591e+00 1.168201e+01
-2.010282e+00 1.718758e+01
-8.682401e+00 1.574660e+01
+6.993981e-01 1.582436e+01
-2.742490e+00 2.104198e+01
-2.304856e+00 2.409802e+01
-4.635348e+00 2.076613e+01
-1.949104e+00 2.708042e+01
+5.202290e-01 2.338945e+01
-1.098767e-01 2.476290e+01
+1.947591e+00 2.817557e+01
+2.356131e+01 5.959459e-01
-3.624193e-04 4.625483e-01
-4.163828e-04 5.063514e-01
-3.155579e-04 8.600860e-01
+5.046720e-04 9.166468e-01
+7.851919e-04 1.072444e+00
-8.843027e-05 1.399835e+00
+7.036288e-04 1.560072e+00
+2.688643e-04 1.508796e+00
+9.544787e-05 1.764996e+00
+4.928823e-04 1.649835e+00
+4.022532e-04 1.661493e+00
+2.756527e-04 1.617346e+00
-1.765720e-05 3.705720e-02
-7.235188e-06 8.101284e-02
-1.537029e-05 8.835476e-02
-3.461426e-05 1.525951e-01
-8.258192e-06 1.732837e-01
-2.505601e-05 2.090481e-01
+1.225406e-04 2.727099e-01
-1.342541e-04 2.986370e-01
-9.441190e-05 2.990324e-01
-4.187978e-05 3.439926e-01
-4.656941e-05 3.207182e-01
-6.952918e-05 3.195575e-01
+1.555935e-05 3.185985e-01
-2.725951e-05 7.723605e-03
-5.764478e+00 7.826439e+00
+4.206090e+00 1.168273e+01
-2.010607e+00 1.718529e+01
-8.682173e+00 1.574355e+01
+6.998814e-01 1.582511e+01
-2.742393e+00 2.103977e+01
-2.304301e+00 2.409907e+01
-4.635051e+00 2.076368e+01
-1.949072e+00 2.708250e+01
+5.206886e-01 2.338802e+01
-1.094737e-01 2.476182e+01
+1.947977e+00 2.818022e+01
+2.356123e+01 5.958589e-01
-3.602313e-04 4.632848e-01
-4.104295e-04 5.070678e-01
-3.767447e-04 8.610967e-01
+4.871892e-04 9.175330e-01
+7.214559e-04 1.073343e+00
-4.785779e-05 1.400891e+00
+5.632637e-04 1.561213e+00
+1.982172e-04 1.509627e+00
+7.895545e-05 1.766098e+00
+4.078203e-04 1.650762e+00
+3.885563e-04 1.662495e+00
+1.940653e-04 1.618645e+00
-3.934565e-05 3.709906e-02
+1.377800e-06 8.117199e-02
+8.189086e-06 8.854306e-02
-4.924012e-05 1.529160e-01
+3.061160e-05 1.736463e-01
-2.281888e-05 2.095273e-01
+8.055374e-05 2.733178e-01
-1.597883e-04 2.993033e-01
-1.028338e-04 2.997333e-01
-1.152806e-05 3.448533e-01
-6.925502e-05 3.214876e-01
-6.555820e-05 3.203257e-01
-6.828493e-05 3.193428e-01
-2.068283e-05 7.741168e-03
-5.764849e+00 7.826411e+00
+4.205706e+00 1.168355e+01
-2.011121e+00 1.718353e+01
-8.681745e+00 1.574285e+01
+7.003663e-01 1.582633e+01
-2.742458e+00 2.103747e+01
-2.303863e+00 2.410223e+01
-4.635152e+00 2.076344e+01
-1.949076e+00 2.708084e+01
+5.211710e-01 2.338430e+01
-1.092821e-01 2.475859e+01
+1.948033e+00 2.818390e+01
+2.356117e+01 5.957447e-01
-3.629948e-04 4.638590e-01
-3.770907e-04 5.077493e-01
-4.512127e-04 8.619811e-01
+5.474610e-04 9.183926e-01
+6.724217e-04 1.074400e+00
-3.109478e-05 1.402008e+00
+3.903558e-04 1.562580e+00
+7.273323e-05 1.510725e+00
+1.104722e-04 1.767620e+00
+3.344178e-04 1.652087e+00
+3.298983e-04 1.664037e+00
+2.719937e-05 1.620383e+00
-5.279425e-05 3.714116e-02
+5.150404e-06 8.125590e-02
+2.730873e-05 8.865598e-02
-5.668569e-05 1.531136e-01
+5.250580e-05 1.738874e-01
-1.826428e-05 2.098387e-01
+4.766867e-05 2.736869e-01
-1.608912e-04 2.997534e-01
-1.000655e-04 3.002096e-01
+2.888766e-05 3.453967e-01
-7.772938e-05 3.219860e-01
-7.062540e-05 3.208354e-01
-1.198461e-04 3.198255e-01
-1.387134e-05 7.752147e-03
-5.765215e+00 7.825757e+00
+4.205384e+00 1.168368e+01
-2.011615e+00 1.718187e+01
-8.681042e+00 1.574113e+01
+7.011031e-01 1.582626e+01
-2.742482e+00 2.103539e+01
-2.303604e+00 2.410808e+01
-4.635137e+00 2.076152e+01
-1.948876e+00 2.707929e+01
+5.213999e-01 2.338113e+01
-1.089359e-01 2.475671e+01
+1.947911e+00 2.819160e+01
+2.356111e+01 5.956289e-01
-3.538064e-04 4.638590e-01
-3.397172e-04 5.078537e-01
-5.012164e-04 8.618822e-01
+6.046223e-04 9.183535e-01
+6.713424e-04 1.074517e+00
-4.030097e-06 1.401779e+00
+2.488514e-04 1.562607e+00
-3.873556e-06 1.510643e+00
+1.851367e-04 1.767585e+00
+2.787900e-04 1.652074e+00
+2.528920e-04 1.664028e+00
-9.654084e-05 1.620852e+00
-6.058067e-05 3.713882e-02
+6.420121e-06 8.125204e-02
+4.329501e-05 8.865462e-02
-5.641909e-05 1.531172e-01
+5.228298e-05 1.738916e-01
-1.916890e-05 2.098400e-01
+1.833376e-05 2.736832e-01
-1.414572e-04 2.997522e-01
-8.973021e-05 3.002176e-01
+5.842467e-05 3.453995e-01
-6.808580e-05 3.219926e-01
-7.342005e-05 3.208528e-01
-1.396504e-04 3.198289e-01
-9.607542e-06 7.752595e-03
-5.765582e+00 7.825104e+00
+4.205063e+00 1.168382e+01
-2.012109e+00 1.718021e+01
-8.680339e+00 1.573942e+01
+7.018398e-01 1.582618e+01
-2.742506e+00 2.103332e+01
-2.303345e+00 2.411394e+01
-4.635123e+00 2.075960e+01
-1.948676e+00 2.707773e+01
+5.216288e-01 2.337796e+01
-1.085896e-01 2.475482e+01
+1.947789e+00 2.819930e+01
+2.356106e+01 5.955131e-01
-3.446181e-04 4.638589e-01
-3.023436e-04 5.079581e-01
-5.512201e-04 8.617833e-01
+6.617836e-04 9.183144e-01
+6.702630e-04 1.074635e+00
+2.303459e-05 1.401549e+00
+1.073470e-04 1.562634e+00
-8.048034e-05 1.510562e+00
+2.598011e-04 1.767551e+00
+2.231622e-04 1.652061e+00
+1.758858e-04 1.664019e+00
-2.202810e-04 1.621321e+00
-6.836708e-05 3.713649e-02
+7.689838e-06 8.124818e-02
+5.928129e-05 8.865326e-02
-5.615250e-05 1.531207e-01
+5.206016e-05 1.738959e-01
-2.007351e-05 2.098413e-01
-1.100116e-05 2.736795e-01
-1.220231e-04 2.997510e-01
-7.939493e-05 3.002257e-01
+8.796168e-05 3.454024e-01
-5.844223e-05 3.219991e-01
-7.621470e-05 3.208702e-01
-1.594548e-04 3.198323e-01
-5.343741e-06 7.753043e-03
-5.765881e+00 7.824991e+00
+4.204713e+00 1.168422e+01
-2.012618e+00 1.717964e+01
-8.679853e+00 1.573784e+01
+7.025013e-01 1.582475e+01
-2.742389e+00 2.103331e+01
-2.303316e+00 2.412198e+01
-4.635085e+00 2.075865e+01
-1.948346e+00 2.707386e+01
+5.218536e-01 2.337249e+01
-1.085555e-01 2.475638e+01
+1.947616e+00 2.820439e+01
+2.356099e+01 5.953870e-01
-3.373190e-04 4.632728e-01
-2.313280e-04 5.075115e-01
-6.088366e-04 8.607067e-01
+6.914428e-04 9.174450e-01
+6.266908e-04 1.073886e+00
+1.674626e-05 1.400031e+00
-2.517554e-06 1.561097e+00
-1.738273e-04 1.509115e+00
+2.964143e-04 1.765875e+00
+1.230191e-04 1.650341e+00
+9.846220e-05 1.662501e+00
-3.804468e-04 1.620231e+00
-7.959694e-05 3.708822e-02
+6.994712e-06 8.115112e-02
+7.596467e-05 8.853394e-02
-5.073322e-05 1.529266e-01
+6.321234e-05 1.736536e-01
-2.522036e-05 2.095239e-01
-6.510121e-05 2.732826e-01
-9.966619e-05 2.993204e-01
-4.954898e-05 2.997956e-01
+1.340558e-04 3.448804e-01
-3.230367e-05 3.215256e-01
-5.020984e-05 3.204273e-01
-1.844453e-04 3.194012e-01
+2.069434e-06 7.743418e-03
-5.766215e+00 7.824879e+00
+4.204382e+00 1.168579e+01
-2.013196e+00 1.717824e+01
-8.679369e+00 1.573726e+01
+7.028909e-01 1.582243e+01
-2.742247e+00 2.103266e+01
-2.303265e+00 2.412773e+01
-4.635241e+00 2.075892e+01
-1.948107e+00 2.707051e+01
+5.221639e-01 2.336691e+01
-1.084588e-01 2.475229e+01
+1.947498e+00 2.820899e+01
+2.356088e+01 5.952436e-01
-3.338137e-04 4.624946e-01
-1.642818e-04 5.069223e-01
-6.771162e-04 8.594947e-01
+6.881521e-04 9.166474e-01
+5.557007e-04 1.073254e+00
-7.783015e-05 1.398824e+00
-7.723397e-05 1.559848e+00
-2.088665e-04 1.508077e+00
+4.250587e-04 1.764598e+00
+9.954525e-05 1.649045e+00
+8.017478e-05 1.661295e+00
-5.644060e-04 1.619055e+00
-8.107576e-05 3.704564e-02
+2.389580e-06 8.098016e-02
+9.372637e-05 8.834043e-02
-3.835862e-05 1.525964e-01
+8.370618e-05 1.732530e-01
-2.145533e-05 2.090244e-01
-1.215298e-04 2.726316e-01
-9.654905e-05 2.986579e-01
-1.348530e-05 2.991284e-01
+1.895588e-04 3.440560e-01
-8.264986e-06 3.207575e-01
-2.400447e-05 3.197202e-01
-2.026370e-04 3.187306e-01
+1.250323e-05 7.725719e-03
-5.766542e+00 7.825138e+00
+4.204210e+00 1.168744e+01
-2.013777e+00 1.717542e+01
-8.679021e+00 1.573523e+01
+7.032040e-01 1.582115e+01
-2.742284e+00 2.103219e+01
-2.303067e+00 2.413282e+01
-4.635383e+00 2.075647e+01
-1.948013e+00 2.706836e+01
+5.222089e-01 2.336182e+01
-1.083955e-01 2.475267e+01
+1.947170e+00 2.821442e+01
+2.356077e+01 5.951339e-01
-3.382357e-04 4.617009e-01
-9.176532e-05 5.062699e-01
-7.143008e-04 8.583036e-01
+7.582114e-04 9.157882e-01
+4.772084e-04 1.072355e+00
-2.520882e-04 1.397744e+00
-1.549103e-04 1.558736e+00
-1.755062e-04 1.507191e+00
+5.904729e-04 1.763227e+00
+1.202117e-04 1.647992e+00
+1.763168e-04 1.660179e+00
-7.623993e-04 1.617663e+00
-7.168323e-05 3.700795e-02
-1.155519e-05 8.075044e-02
+1.099854e-04 8.810219e-02
-2.994386e-05 1.521716e-01
+1.208936e-04 1.727781e-01
+4.578828e-06 2.084643e-01
-1.432760e-04 2.718766e-01
-1.218764e-04 2.978634e-01
-7.256584e-06 2.983506e-01
+2.373510e-04 3.431037e-01
-2.646176e-06 3.198433e-01
-1.137965e-05 3.188612e-01
-2.033292e-04 3.178968e-01
+2.354102e-05 7.703038e-03
-5.766857e+00 7.825587e+00
+4.203924e+00 1.168818e+01
-2.014417e+00 1.717455e+01
-8.678879e+00 1.573293e+01
+7.033807e-01 1.581965e+01
-2.742603e+00 2.103051e+01
-2.302881e+00 2.413778e+01
-4.635229e+00 2.075493e+01
-1.947322e+00 2.706931e+01
+5.227678e-01 2.335922e+01
-1.081759e-01 2.474914e+01
+1.946803e+00 2.821609e+01
+2.356070e+01 5.950387e-01
-3.591887e-04 4.608723e-01
+2.287111e-07 5.056382e-01
-7.360628e-04 8.571024e-01
+8.245529e-04 9.148357e-01
+4.257802e-04 1.071391e+00
-4.148245e-04 1.396572e+00
-3.114855e-04 1.557805e+00
-1.536272e-04 1.506339e+00
+7.655215e-04 1.761757e+00
+8.605105e-05 1.646840e+00
+2.160380e-04 1.658873e+00
-9.375943e-04 1.616462e+00
-5.434497e-05 3.696049e-02
-3.626421e-05 8.050363e-02
+1.412758e-04 8.785262e-02
-2.651858e-05 1.517375e-01
+1.573329e-04 1.723201e-01
+5.955731e-05 2.079295e-01
-1.200286e-04 2.711529e-01
-1.490390e-04 2.970754e-01
-6.842469e-05 2.976117e-01
+2.283412e-04 3.421923e-01
-5.101432e-05 3.190238e-01
-2.902806e-05 3.179945e-01
-1.949541e-04 3.169986e-01
+2.938780e-05 7.682302e-03
