-8.862927e+00 8.346190e+00
+6.326514e+00 1.255872e+01
-2.659284e+00 1.964890e+01
-5.421186e+00 1.718041e+01
+9.262663e-01 1.576621e+01
-4.582239e+00 2.497664e+01
-3.064281e+00 3.285632e+01
-8.147643e+00 2.367677e+01
-2.592734e+00 2.251186e+01
-1.807573e+00 2.304097e+01
-5.060609e-01 2.395947e+01
+2.434416e+00 2.175183e+01
+2.367642e+01 5.065301e-01
-8.515944e-05 4.223577e-01
+1.041445e-03 5.500631e-01
-7.258542e-04 8.871942e-01
+2.634514e-04 1.041243e+00
-2.756409e-04 1.219511e+00
+1.000851e-03 1.466487e+00
-5.225993e-04 1.592682e+00
-1.992528e-03 1.609590e+00
+5.625139e-04 1.723552e+00
-1.069144e-03 1.729542e+00
-1.438731e-03 1.563165e+00
-6.024744e-05 1.493805e+00
+1.892423e-04 4.045305e-02
+4.334093e-05 7.092970e-02
-1.281408e-05 9.917413e-02
+1.376783e-04 1.663936e-01
+6.646440e-05 1.859667e-01
+4.286762e-05 2.310568e-01
-3.284517e-06 2.707518e-01
+2.057552e-04 3.048864e-01
+1.583319e-04 3.119826e-01
-1.098320e-04 3.368936e-01
+8.149782e-05 3.370128e-01
+1.087909e-04 3.090401e-01
-3.128489e-04 2.932888e-01
+1.056543e-05 7.886845e-03
-8.863029e+00 8.346546e+00
+6.327364e+00 1.256017e+01
-2.659848e+00 1.965235e+01
-5.420825e+00 1.718223e+01
+9.261511e-01 1.576201e+01
-4.581402e+00 2.498163e+01
-3.064338e+00 3.285670e+01
-8.148810e+00 2.367821e+01
-2.592922e+00 2.250979e+01
-1.808691e+00 2.304027e+01
-5.073731e-01 2.395846e+01
+2.433699e+00 2.175326e+01
+2.367664e+01 5.063695e-01
-3.719211e-05 4.230413e-01
+1.012939e-03 5.507380e-01
-6.366113e-04 8.880260e-01
+2.696787e-04 1.042340e+00
-2.418675e-04 1.220716e+00
+8.867674e-04 1.468061e+00
-4.021608e-04 1.594141e+00
-1.739038e-03 1.610914e+00
+4.215730e-04 1.724771e+00
-9.702772e-04 1.731052e+00
-1.274328e-03 1.564621e+00
-1.805215e-04 1.494777e+00
+2.003116e-04 4.051778e-02
+4.251019e-05 7.113970e-02
-4.993495e-05 9.943753e-02
+1.249262e-04 1.668560e-01
+1.216926e-05 1.864639e-01
+7.324627e-05 2.316770e-01
-9.851247e-05 2.714996e-01
+1.913791e-04 3.056624e-01
+2.242330e-04 3.127929e-01
-1.273687e-04 3.377986e-01
+1.054813e-04 3.379186e-01
+9.569570e-05 3.098147e-01
-2.589935e-04 2.940506e-01
-8.847827e-07 7.910657e-03
-8.863156e+00 8.347142e+00
+6.328346e+00 1.256154e+01
-2.660350e+00 1.965386e+01
-5.420497e+00 1.718437e+01
+9.261017e-01 1.575774e+01
-4.580528e+00 2.498641e+01
-3.064366e+00 3.286048e+01
-8.150252e+00 2.368122e+01
-2.593110e+00 2.250676e+01
-1.809623e+00 2.303938e+01
-5.085425e-01 2.395986e+01
+2.433206e+00 2.175221e+01
+2.367684e+01 5.062022e-01
-3.762066e-06 4.237323e-01
+9.359438e-04 5.513439e-01
-5.249954e-04 8.889882e-01
+2.493264e-04 1.043359e+00
-1.653299e-04 1.221859e+00
+6.858293e-04 1.469440e+00
-2.663490e-04 1.595275e+00
-1.443553e-03 1.611945e+00
+3.083940e-04 1.726040e+00
-8.309475e-04 1.732476e+00
-1.197944e-03 1.565753e+00
-3.231909e-04 1.495678e+00
+1.949586e-04 4.058455e-02
+3.935043e-05 7.134146e-02
-9.101829e-05 9.971502e-02
+1.069751e-04 1.672936e-01
-2.702799e-05 1.869798e-01
+9.461904e-05 2.322867e-01
-1.662273e-04 2.722588e-01
+1.383212e-04 3.065018e-01
+2.714900e-04 3.136662e-01
-1.417154e-04 3.387212e-01
+1.111952e-04 3.388620e-01
+6.026953e-05 3.106537e-01
-2.200712e-04 2.948657e-01
-8.072677e-06 7.933090e-03
-8.863148e+00 8.348089e+00
+6.329065e+00 1.256219e+01
-2.660758e+00 1.965794e+01
-5.420189e+00 1.718665e+01
+9.261753e-01 1.575432e+01
-4.580112e+00 2.499022e+01
-3.064279e+00 3.286418e+01
-8.151042e+00 2.368432e+01
-2.593192e+00 2.250112e+01
-1.810281e+00 2.303704e+01
-5.095817e-01 2.396387e+01
+2.432666e+00 2.175235e+01
+2.367702e+01 5.060858e-01
+3.053140e-05 4.244708e-01
+8.098365e-04 5.519607e-01
-4.319926e-04 8.898937e-01
+1.857380e-04 1.044438e+00
-5.136262e-05 1.223037e+00
+4.707809e-04 1.470880e+00
-2.585463e-04 1.596336e+00
-1.141542e-03 1.612916e+00
+1.715143e-04 1.727571e+00
-7.209608e-04 1.733912e+00
-1.164351e-03 1.566490e+00
-4.451592e-04 1.496607e+00
+1.845967e-04 4.065069e-02
+3.143809e-05 7.148424e-02
-1.071356e-04 9.993650e-02
+8.426700e-05 1.676474e-01
-4.798740e-05 1.873804e-01
+1.039932e-04 2.327953e-01
-1.651683e-04 2.728515e-01
+7.425266e-05 3.072150e-01
+2.640478e-04 3.144180e-01
-1.592609e-04 3.394586e-01
+7.657393e-05 3.396235e-01
+2.351948e-05 3.113840e-01
-1.813450e-04 2.955533e-01
-8.787087e-06 7.949725e-03
-8.863156e+00 8.348927e+00
+6.329749e+00 1.256414e+01
-2.661047e+00 1.966354e+01
-5.420003e+00 1.719001e+01
+9.261763e-01 1.575200e+01
-4.579854e+00 2.499303e+01
-3.064564e+00 3.286967e+01
-8.151822e+00 2.368625e+01
-2.593135e+00 2.249617e+01
-1.810924e+00 2.303516e+01
-5.108633e-01 2.396583e+01
+2.431862e+00 2.175330e+01
+2.367720e+01 5.060006e-01
+6.819924e-05 4.250393e-01
+6.754168e-04 5.525108e-01
-3.697396e-04 8.907350e-01
+1.163059e-04 1.045585e+00
+4.889066e-05 1.224165e+00
+2.866402e-04 1.472260e+00
-2.722330e-04 1.597682e+00
-8.406914e-04 1.614191e+00
+1.733881e-06 1.729329e+00
-6.788935e-04 1.735749e+00
-1.154890e-03 1.567668e+00
-5.813787e-04 1.498036e+00
+1.794912e-04 4.070324e-02
+2.380042e-05 7.156379e-02
-1.030372e-04 1.000694e-01
+5.585779e-05 1.678663e-01
-5.769639e-05 1.876110e-01
+9.933635e-05 2.331062e-01
-1.345939e-04 2.732066e-01
+2.133857e-05 3.076568e-01
+2.344171e-04 3.148770e-01
-1.835058e-04 3.399211e-01
+3.115723e-05 3.401027e-01
+8.470212e-06 3.118325e-01
-1.366105e-04 2.959812e-01
-5.313373e-06 7.958969e-03
-8.863043e+00 8.349899e+00
+6.330350e+00 1.256619e+01
-2.661426e+00 1.966760e+01
-5.419964e+00 1.719311e+01
+9.262948e-01 1.575109e+01
-4.579671e+00 2.499742e+01
-3.064889e+00 3.287363e+01
-8.152511e+00 2.368808e+01
-2.593302e+00 2.249324e+01
-1.811599e+00 2.303077e+01
-5.119706e-01 2.396568e+01
+2.431317e+00 2.175797e+01
+2.367738e+01 5.059150e-01
+8.040268e-05 4.250671e-01
+5.970645e-04 5.524869e-01
-3.383640e-04 8.906192e-01
+6.298273e-05 1.045608e+00
+1.317913e-04 1.224159e+00
+2.098348e-04 1.472146e+00
-2.716375e-04 1.597583e+00
-6.712086e-04 1.614156e+00
-2.032182e-04 1.729476e+00
-6.931986e-04 1.735874e+00
-1.147251e-03 1.567606e+00
-6.816053e-04 1.498067e+00
+1.784133e-04 4.070046e-02
+1.565263e-05 7.156154e-02
-8.828517e-05 1.000671e-01
+3.424620e-05 1.678609e-01
-5.817379e-05 1.875974e-01
+8.856494e-05 2.331071e-01
-1.042882e-04 2.732015e-01
-3.824765e-06 3.076538e-01
+2.035974e-04 3.148714e-01
-1.997206e-04 3.399064e-01
-1.598906e-06 3.400984e-01
+4.392346e-06 3.118209e-01
-9.459119e-05 2.959726e-01
-1.363521e-06 7.959033e-03
-8.862930e+00 8.350870e+00
+6.330950e+00 1.256824e+01
-2.661806e+00 1.967167e+01
-5.419925e+00 1.719620e+01
+9.264133e-01 1.575017e+01
-4.579489e+00 2.500182e+01
-3.065214e+00 3.287759e+01
-8.153200e+00 2.368991e+01
-2.593470e+00 2.249031e+01
-1.812274e+00 2.302638e+01
-5.130778e-01 2.396554e+01
+2.430771e+00 2.176264e+01
+2.367756e+01 5.058294e-01
+9.260611e-05 4.250950e-01
+5.187123e-04 5.524631e-01
-3.069885e-04 8.905034e-01
+9.659522e-06 1.045631e+00
+2.146919e-04 1.224153e+00
+1.330294e-04 1.472033e+00
-2.710420e-04 1.597484e+00
-5.017259e-04 1.614121e+00
-4.081703e-04 1.729623e+00
-7.075036e-04 1.735999e+00
-1.139612e-03 1.567543e+00
-7.818319e-04 1.498099e+00
+1.773354e-04 4.069767e-02
+7.504841e-06 7.155929e-02
-7.353311e-05 1.000648e-01
+1.263461e-05 1.678554e-01
-5.865119e-05 1.875838e-01
+7.779353e-05 2.331080e-01
-7.398249e-05 2.731965e-01
-2.898810e-05 3.076508e-01
+1.727778e-04 3.148657e-01
-2.159353e-04 3.398916e-01
-3.435505e-05 3.400940e-01
+3.144794e-07 3.118092e-01
-5.257185e-05 2.959640e-01
+2.586331e-06 7.959098e-03
-8.862859e+00 8.352773e+00
+6.331449e+00 1.257101e+01
-2.662071e+00 1.967747e+01
-5.419913e+00 1.720001e+01
+9.267157e-01 1.575160e+01
-4.579245e+00 2.500659e+01
-3.065312e+00 3.287727e+01
-8.153709e+00 2.368784e+01
-2.594041e+00 2.248601e+01
-1.813072e+00 2.302318e+01
-5.142107e-01 2.396475e+01
+2.429803e+00 2.176672e+01
+2.367773e+01 5.057714e-01
+9.659110e-05 4.245830e-01
+4.467628e-04 5.518864e-01
-2.921372e-04 8.895065e-01
-5.180800e-05 1.044686e+00
+3.085615e-04 1.222848e+00
+2.614509e-05 1.470373e+00
-2.782658e-04 1.596089e+00
-2.930373e-04 1.612674e+00
-6.221366e-04 1.728174e+00
-7.146505e-04 1.734678e+00
-1.150028e-03 1.566137e+00
-8.178885e-04 1.496909e+00
+1.788569e-04 4.063235e-02
+1.228170e-06 7.146983e-02
-5.728856e-05 9.991973e-02
-1.797668e-05 1.676025e-01
-6.380252e-05 1.873065e-01
+5.346301e-05 2.327991e-01
-3.398295e-05 2.728153e-01
-7.712749e-05 3.071840e-01
+1.264112e-04 3.143793e-01
-1.992510e-04 3.393875e-01
-6.812437e-05 3.395904e-01
-6.397711e-06 3.113463e-01
+1.095314e-05 2.955096e-01
+6.785156e-06 7.950410e-03
-8.862829e+00 8.354630e+00
+6.331869e+00 1.257360e+01
-2.662334e+00 1.968039e+01
-5.419784e+00 1.720326e+01
+9.270532e-01 1.575396e+01
-4.579206e+00 2.501220e+01
-3.065315e+00 3.287609e+01
-8.153787e+00 2.368423e+01
-2.594833e+00 2.248278e+01
-1.813723e+00 2.302332e+01
-5.152860e-01 2.396179e+01
+2.428843e+00 2.176773e+01
+2.367792e+01 5.056534e-01
+1.069870e-04 4.238424e-01
+3.631808e-04 5.511925e-01
-2.834915e-04 8.885269e-01
-1.217657e-04 1.043666e+00
+3.718636e-04 1.221671e+00
-7.600299e-05 1.468735e+00
-3.995112e-04 1.594752e+00
-9.904387e-05 1.611615e+00
-8.179972e-04 1.726966e+00
-7.438375e-04 1.733532e+00
-1.126886e-03 1.564996e+00
-7.798415e-04 1.496230e+00
+1.849308e-04 4.055755e-02
-1.300137e-06 7.131156e-02
-3.565700e-05 9.969803e-02
-5.023331e-05 1.672044e-01
-5.924922e-05 1.868717e-01
+1.991973e-05 2.322726e-01
+3.215620e-05 2.722196e-01
-1.363138e-04 3.064787e-01
+4.179585e-05 3.136047e-01
-1.596938e-04 3.386221e-01
-9.010103e-05 3.388494e-01
-1.649695e-05 3.106136e-01
+7.274370e-05 2.947901e-01
+1.065994e-05 7.933256e-03
-8.862819e+00 8.356643e+00
+6.332360e+00 1.257713e+01
-2.662680e+00 1.968348e+01
-5.419755e+00 1.720655e+01
+9.274279e-01 1.575614e+01
-4.579215e+00 2.501632e+01
-3.065405e+00 3.287789e+01
-8.153885e+00 2.368323e+01
-2.595560e+00 2.247919e+01
-1.814412e+00 2.302244e+01
-5.164803e-01 2.396177e+01
+2.428200e+00 2.176960e+01
+2.367810e+01 5.054958e-01
+1.235331e-04 4.230399e-01
+2.928774e-04 5.504101e-01
-3.167416e-04 8.873041e-01
-2.108480e-04 1.042515e+00
+3.826538e-04 1.220539e+00
-1.320500e-04 1.467210e+00
-5.786261e-04 1.593148e+00
+2.456268e-05 1.610420e+00
-8.584152e-04 1.725722e+00
-7.670703e-04 1.732093e+00
-1.133695e-03 1.563817e+00
-6.713181e-04 1.495349e+00
+1.899733e-04 4.049289e-02
+2.837548e-07 7.111639e-02
-4.621127e-06 9.944264e-02
-6.406326e-05 1.667571e-01
-2.752244e-05 1.863760e-01
-1.611002e-05 2.316026e-01
+1.100449e-04 2.714775e-01
-1.794607e-04 3.056767e-01
-7.169600e-05 3.127023e-01
-1.286125e-04 3.376837e-01
-1.168131e-04 3.380108e-01
-2.395096e-05 3.097631e-01
+1.051247e-04 2.939747e-01
+1.065723e-05 7.908194e-03
-8.862788e+00 8.358483e+00
+6.332706e+00 1.258097e+01
-2.662959e+00 1.968712e+01
-5.419732e+00 1.721160e+01
+9.277232e-01 1.576086e+01
-4.579145e+00 2.501917e+01
-3.065908e+00 3.287796e+01
-8.153956e+00 2.368563e+01
-2.596431e+00 2.247483e+01
-1.815254e+00 2.302121e+01
-5.174602e-01 2.396253e+01
+2.427558e+00 2.177446e+01
+2.367831e+01 5.053639e-01
+1.516367e-04 4.221986e-01
+2.460711e-04 5.497248e-01
-3.455325e-04 8.861815e-01
-2.459170e-04 1.041232e+00
+3.791207e-04 1.219320e+00
-9.548893e-05 1.465922e+00
-7.879503e-04 1.591747e+00
+1.172160e-05 1.608960e+00
-8.666970e-04 1.724572e+00
-7.307378e-04 1.730873e+00
-1.151491e-03 1.562564e+00
-5.746200e-04 1.494215e+00
+1.952110e-04 4.042520e-02
+2.066670e-06 7.092277e-02
+3.374862e-05 9.917297e-02
-5.800034e-05 1.663134e-01
+2.072915e-05 1.858967e-01
-5.191248e-05 2.309760e-01
+1.666411e-04 2.707315e-01
-2.023361e-04 3.048731e-01
-1.649518e-04 3.118865e-01
-1.060797e-04 3.367591e-01
-1.466522e-04 3.371518e-01
-4.177354e-05 3.089702e-01
+1.037512e-04 2.932413e-01
+7.379631e-06 7.883446e-03
