-6.703653e+00 1.361729e+01
+4.250587e+00 1.617494e+01
-2.577758e+00 2.337489e+01
-5.499708e+00 2.744212e+01
-3.535942e-01 2.549130e+01
-1.168086e+00 2.750339e+01
-7.871707e-01 2.947099e+01
-6.151473e+00 3.015735e+01
-3.069238e+00 3.102284e+01
-1.210120e+00 3.083785e+01
-3.805981e-01 2.799917e+01
+2.499545e+00 2.793645e+01
+2.280250e+01 1.491649e+00
+1.513941e-04 5.475754e-01
-9.618749e-06 6.889551e-01
-2.782060e-05 9.758334e-01
-3.669953e-04 1.200969e+00
-3.518970e-04 1.327146e+00
+6.988365e-04 1.489266e+00
+6.506998e-04 1.688973e+00
+7.879639e-05 1.707258e+00
+7.004067e-04 1.823840e+00
+2.128615e-04 1.748071e+00
-6.843371e-04 1.717827e+00
-8.501292e-04 1.588251e+00
-3.813625e-05 3.702681e-02
-1.738195e-05 8.970131e-02
-1.384355e-04 1.207336e-01
-5.122397e-06 1.721703e-01
-1.095129e-04 2.150037e-01
-7.404530e-06 2.458231e-01
-1.364373e-05 2.788736e-01
-9.011034e-05 3.185575e-01
+1.279229e-05 3.254302e-01
-5.298679e-05 3.461291e-01
-1.280236e-04 3.316185e-01
-8.367795e-06 3.279580e-01
+4.328176e-05 3.014764e-01
-1.776916e-05 6.777036e-03
-6.703506e+00 1.361677e+01
+4.250323e+00 1.617857e+01
-2.577674e+00 2.337388e+01
-5.500378e+00 2.744322e+01
-3.539531e-01 2.548980e+01
-1.167840e+00 2.750108e+01
-7.869321e-01 2.947495e+01
-6.151490e+00 3.016478e+01
-3.068698e+00 3.102178e+01
-1.209731e+00 3.083184e+01
-3.812363e-01 2.800016e+01
+2.498678e+00 2.793354e+01
+2.280247e+01 1.491591e+00
+1.774807e-04 5.482105e-01
-1.326930e-04 6.898638e-01
+4.510459e-05 9.769258e-01
-4.299554e-04 1.201957e+00
-4.239855e-04 1.327922e+00
+6.895343e-04 1.490359e+00
+6.275036e-04 1.690097e+00
+3.348353e-05 1.708274e+00
+5.270867e-04 1.824956e+00
+7.946412e-05 1.749152e+00
-7.109409e-04 1.718945e+00
-8.508979e-04 1.589492e+00
-6.183265e-05 3.710411e-02
-1.033869e-05 8.991702e-02
-1.075369e-04 1.210525e-01
+6.300290e-06 1.726060e-01
-2.445324e-05 2.155133e-01
-1.796475e-05 2.463678e-01
-2.173810e-05 2.795759e-01
-5.169984e-05 3.193709e-01
+7.268300e-05 3.262871e-01
-6.618814e-05 3.470267e-01
-1.930658e-04 3.324953e-01
-2.723683e-05 3.288645e-01
+8.160103e-05 3.022895e-01
-2.026177e-05 6.799157e-03
-6.703351e+00 1.361588e+01
+4.249950e+00 1.618206e+01
-2.577463e+00 2.337216e+01
-5.500889e+00 2.744657e+01
-3.546178e-01 2.548405e+01
-1.167454e+00 2.750335e+01
-7.864579e-01 2.947586e+01
-6.151451e+00 3.016919e+01
-3.068761e+00 3.102230e+01
-1.210075e+00 3.082797e+01
-3.817073e-01 2.800079e+01
+2.498107e+00 2.792786e+01
+2.280242e+01 1.491582e+00
+1.912610e-04 5.489416e-01
-2.119826e-04 6.908269e-01
+1.048702e-04 9.779461e-01
-3.623318e-04 1.203065e+00
-4.752451e-04 1.328626e+00
+6.465705e-04 1.491570e+00
+6.378260e-04 1.691022e+00
+1.458322e-04 1.709530e+00
+4.367945e-04 1.826128e+00
-1.308280e-04 1.750262e+00
-7.767603e-04 1.720141e+00
-8.198938e-04 1.590792e+00
-8.758810e-05 3.717807e-02
-8.301627e-06 9.011242e-02
-6.224856e-05 1.213429e-01
+4.853870e-06 1.730313e-01
+4.295383e-05 2.160395e-01
-2.964249e-06 2.469414e-01
-4.767167e-05 2.803016e-01
-3.908036e-05 3.202075e-01
+1.127635e-04 3.271608e-01
-4.272855e-05 3.479762e-01
-2.089525e-04 3.334092e-01
-4.135545e-05 3.297610e-01
+1.005100e-04 3.031147e-01
-1.618884e-05 6.820814e-03
-6.703122e+00 1.361518e+01
+4.249608e+00 1.618413e+01
-2.577224e+00 2.336933e+01
-5.501222e+00 2.744949e+01
-3.551638e-01 2.548155e+01
-1.166824e+00 2.750554e+01
-7.860199e-01 2.947604e+01
-6.151395e+00 3.016889e+01
-3.068438e+00 3.102554e+01
-1.210416e+00 3.082232e+01
-3.825281e-01 2.800149e+01
+2.497401e+00 2.792465e+01
+2.280230e+01 1.491700e+00
+1.960240e-04 5.497992e-01
-2.153802e-04 6.918041e-01
+1.325628e-04 9.789828e-01
-2.488225e-04 1.204192e+00
-4.825404e-04 1.329311e+00
+5.779640e-04 1.492738e+00
+6.151766e-04 1.692212e+00
+2.561370e-04 1.710884e+00
+3.760708e-04 1.827559e+00
-3.614638e-04 1.751538e+00
-8.342149e-04 1.721430e+00
-7.325293e-04 1.592215e+00
-9.813319e-05 3.725260e-02
-8.745024e-06 9.024162e-02
-1.974104e-05 1.215574e-01
+6.352913e-06 1.733456e-01
+6.246524e-05 2.164633e-01
+8.175584e-06 2.474353e-01
-8.823310e-05 2.809012e-01
-4.034323e-05 3.208747e-01
+1.071765e-04 3.278850e-01
-3.809667e-05 3.487491e-01
-1.827610e-04 3.341228e-01
-3.198315e-05 3.304766e-01
+1.121416e-04 3.037969e-01
-5.038944e-06 6.836684e-03
-6.702971e+00 1.361469e+01
+4.249375e+00 1.618604e+01
-2.577147e+00 2.336578e+01
-5.501379e+00 2.745286e+01
-3.555267e-01 2.547693e+01
-1.166457e+00 2.750528e+01
-7.856043e-01 2.947968e+01
-6.150877e+00 3.016830e+01
-3.067874e+00 3.102417e+01
-1.210796e+00 3.081738e+01
-3.834410e-01 2.800048e+01
+2.496538e+00 2.792283e+01
+2.280220e+01 1.491909e+00
+1.963022e-04 5.504452e-01
-1.914766e-04 6.925471e-01
+1.435119e-04 9.798166e-01
-1.854262e-04 1.205385e+00
-4.547238e-04 1.330190e+00
+4.573363e-04 1.494061e+00
+5.672823e-04 1.693610e+00
+3.288877e-04 1.712541e+00
+3.630699e-04 1.829312e+00
-4.667388e-04 1.753013e+00
-8.775017e-04 1.722811e+00
-6.471468e-04 1.593728e+00
-9.391096e-05 3.731167e-02
-6.532724e-06 9.031314e-02
+4.717591e-06 1.216781e-01
+1.475225e-05 1.735262e-01
+4.596605e-05 2.167275e-01
+6.550627e-06 2.477352e-01
-1.217638e-04 2.812753e-01
-4.406510e-05 3.212773e-01
+6.529779e-05 3.283485e-01
-6.316675e-05 3.492285e-01
-1.388431e-04 3.345537e-01
-7.686959e-06 3.309315e-01
+1.160654e-04 3.042234e-01
+6.098683e-06 6.845239e-03
-6.702773e+00 1.361452e+01
+4.249228e+00 1.618729e+01
-2.576957e+00 2.336243e+01
-5.501542e+00 2.745482e+01
-3.560313e-01 2.547564e+01
-1.166086e+00 2.750460e+01
-7.850062e-01 2.948181e+01
-6.150605e+00 3.016886e+01
-3.067654e+00 3.102627e+01
-1.211385e+00 3.080995e+01
-3.842277e-01 2.799848e+01
+2.496113e+00 2.791807e+01
+2.280213e+01 1.492159e+00
+1.895073e-04 5.504815e-01
-1.846007e-04 6.925648e-01
+1.650718e-04 9.797333e-01
-1.750827e-04 1.205497e+00
-4.689329e-04 1.329974e+00
+3.140495e-04 1.493980e+00
+5.288632e-04 1.693460e+00
+3.519992e-04 1.712747e+00
+2.486735e-04 1.829427e+00
-5.688821e-04 1.752914e+00
-8.416158e-04 1.722631e+00
-5.189363e-04 1.593768e+00
-7.871923e-05 3.731655e-02
-2.068485e-06 9.031174e-02
+1.126772e-05 1.216680e-01
+3.124052e-05 1.735187e-01
+2.530103e-05 2.167295e-01
-7.378389e-06 2.477233e-01
-1.449639e-04 2.812735e-01
-3.866813e-05 3.212705e-01
+2.758321e-05 3.283478e-01
-9.892283e-05 3.492317e-01
-1.033925e-04 3.345419e-01
+1.351950e-05 3.309467e-01
+1.089153e-04 3.042276e-01
+1.271750e-05 6.845448e-03
-6.702575e+00 1.361434e+01
+4.249082e+00 1.618854e+01
-2.576768e+00 2.335909e+01
-5.501705e+00 2.745679e+01
-3.565358e-01 2.547434e+01
-1.165715e+00 2.750392e+01
-7.844082e-01 2.948395e+01
-6.150333e+00 3.016942e+01
-3.067433e+00 3.102836e+01
-1.211975e+00 3.080252e+01
-3.850145e-01 2.799649e+01
+2.495688e+00 2.791331e+01
+2.280206e+01 1.492409e+00
+1.827125e-04 5.505179e-01
-1.777248e-04 6.925824e-01
+1.866316e-04 9.796499e-01
-1.647393e-04 1.205609e+00
-4.831421e-04 1.329758e+00
+1.707627e-04 1.493899e+00
+4.904442e-04 1.693310e+00
+3.751108e-04 1.712953e+00
+1.342772e-04 1.829542e+00
-6.710254e-04 1.752814e+00
-8.057299e-04 1.722451e+00
-3.907258e-04 1.593808e+00
-6.352749e-05 3.732143e-02
+2.395754e-06 9.031034e-02
+1.781784e-05 1.216579e-01
+4.772880e-05 1.735112e-01
+4.636015e-06 2.167314e-01
-2.130741e-05 2.477114e-01
-1.681640e-04 2.812718e-01
-3.327115e-05 3.212637e-01
-1.013137e-05 3.283471e-01
-1.346789e-04 3.492350e-01
-6.794196e-05 3.345300e-01
+3.472596e-05 3.309620e-01
+1.017652e-04 3.042318e-01
+1.933632e-05 6.845658e-03
-6.702373e+00 1.361437e+01
+4.248832e+00 1.618768e+01
-2.576588e+00 2.335658e+01
-5.501934e+00 2.745707e+01
-3.570040e-01 2.547128e+01
-1.165624e+00 2.750381e+01
-7.839736e-01 2.948754e+01
-6.149907e+00 3.017221e+01
-3.067415e+00 3.103399e+01
-1.212671e+00 3.079757e+01
-3.859494e-01 2.799794e+01
+2.495231e+00 2.791027e+01
+2.280198e+01 1.492634e+00
+1.924764e-04 5.499758e-01
-1.659175e-04 6.918789e-01
+2.672057e-04 9.785990e-01
-1.326610e-04 1.204667e+00
-5.052231e-04 1.328369e+00
-3.568861e-06 1.492336e+00
+4.602551e-04 1.691660e+00
+3.709412e-04 1.711695e+00
-4.147031e-06 1.827902e+00
-7.762832e-04 1.751161e+00
-8.025033e-04 1.720586e+00
-3.161631e-04 1.592203e+00
-4.973739e-05 3.727074e-02
+8.239454e-06 9.022877e-02
+3.223559e-05 1.215022e-01
+5.547310e-05 1.732996e-01
-1.687670e-05 2.164750e-01
-3.133070e-05 2.473646e-01
-1.790885e-04 2.808816e-01
-2.717162e-05 3.208153e-01
-4.862777e-05 3.279141e-01
-1.784078e-04 3.487561e-01
-2.387759e-05 3.340361e-01
+5.570340e-05 3.305399e-01
+9.166240e-05 3.038309e-01
+2.585270e-05 6.838162e-03
-6.702203e+00 1.361452e+01
+4.248532e+00 1.618751e+01
-2.576293e+00 2.335267e+01
-5.502180e+00 2.745694e+01
-3.575685e-01 2.546783e+01
-1.165572e+00 2.749934e+01
-7.837372e-01 2.948987e+01
-6.149690e+00 3.017207e+01
-3.067391e+00 3.103549e+01
-1.213364e+00 3.079252e+01
-3.865798e-01 2.799952e+01
+2.494962e+00 2.790858e+01
+2.280193e+01 1.492822e+00
+2.148177e-04 5.492170e-01
-1.305164e-04 6.909392e-01
+3.425272e-04 9.773712e-01
-1.068178e-04 1.203576e+00
-5.572147e-04 1.327131e+00
-1.613238e-04 1.491035e+00
+4.557380e-04 1.690304e+00
+3.311333e-04 1.710475e+00
-1.809394e-04 1.826392e+00
-8.296747e-04 1.749888e+00
-7.771823e-04 1.719158e+00
-2.591390e-04 1.590893e+00
-3.197231e-05 3.720482e-02
+1.111278e-05 9.007990e-02
+4.550924e-05 1.212529e-01
+3.891666e-05 1.729618e-01
-3.858381e-05 2.160703e-01
-2.575040e-05 2.468229e-01
-1.687697e-04 2.802425e-01
-2.192059e-05 3.201072e-01
-7.440268e-05 3.272198e-01
-2.243142e-04 3.479393e-01
+2.629767e-05 3.332804e-01
+7.159670e-05 3.298215e-01
+8.426080e-05 3.031848e-01
+3.223984e-05 6.823654e-03
-6.701934e+00 1.361352e+01
+4.248282e+00 1.618809e+01
-2.575760e+00 2.334910e+01
-5.502309e+00 2.745466e+01
-3.581241e-01 2.546098e+01
-1.165656e+00 2.749688e+01
-7.833605e-01 2.949276e+01
-6.149504e+00 3.016950e+01
-3.067489e+00 3.103705e+01
-1.214074e+00 3.078771e+01
-3.875257e-01 2.800005e+01
+2.494331e+00 2.790930e+01
+2.280186e+01 1.493024e+00
+2.377677e-04 5.484772e-01
-6.757399e-05 6.898431e-01
+3.767551e-04 9.760398e-01
-8.209554e-05 1.202430e+00
-5.747223e-04 1.325907e+00
-2.659896e-04 1.489775e+00
+4.418976e-04 1.688941e+00
+3.052354e-04 1.709384e+00
-3.784121e-04 1.825049e+00
-8.659305e-04 1.748633e+00
-7.640536e-04 1.717786e+00
-2.081095e-04 1.589754e+00
-1.670693e-05 3.714073e-02
+9.222986e-07 8.986655e-02
+5.555300e-05 1.209525e-01
+4.325404e-06 1.725416e-01
-7.647733e-05 2.155679e-01
-6.312095e-06 2.461947e-01
-1.548120e-04 2.794743e-01
-2.503467e-05 3.192763e-01
-8.478575e-05 3.263836e-01
-2.381314e-04 3.469374e-01
+7.494049e-05 3.324329e-01
+1.014419e-04 3.289367e-01
+1.010745e-04 3.023724e-01
+3.948030e-05 6.802787e-03
-6.701650e+00 1.361284e+01
+4.248074e+00 1.618719e+01
-2.575378e+00 2.334666e+01
-5.502560e+00 2.745185e+01
-3.588156e-01 2.545386e+01
-1.165729e+00 2.749341e+01
-7.830074e-01 2.949621e+01
-6.149404e+00 3.016594e+01
-3.067820e+00 3.103759e+01
-1.214569e+00 3.078404e+01
-3.882775e-01 2.799975e+01
+2.493778e+00 2.790950e+01
+2.280182e+01 1.493257e+00
+2.538408e-04 5.476979e-01
-2.165707e-05 6.887405e-01
+3.395333e-04 9.747487e-01
-4.691738e-05 1.201422e+00
-5.353899e-04 1.324741e+00
-3.065054e-04 1.488409e+00
+4.325914e-04 1.687558e+00
+3.223494e-04 1.708233e+00
-5.884457e-04 1.823300e+00
-8.817569e-04 1.747367e+00
-7.865791e-04 1.716258e+00
-1.674004e-04 1.588615e+00
-1.538713e-06 3.707284e-02
-1.788855e-05 8.963455e-02
+6.194179e-05 1.206398e-01
-1.762779e-05 1.720844e-01
-1.202734e-04 2.150418e-01
+1.884820e-05 2.455835e-01
-1.619073e-04 2.787267e-01
-2.414019e-05 3.184595e-01
-8.776186e-05 3.255470e-01
-2.100136e-04 3.459924e-01
+1.134478e-04 3.316383e-01
+1.400828e-04 3.280947e-01
+1.298617e-04 3.015788e-01
+4.616025e-05 6.781517e-03
