-5.408855e+00 9.385721e+00
+4.463452e+00 1.273638e+01
-1.635505e+00 1.904941e+01
-8.171552e+00 1.867365e+01
+7.960372e-01 1.738709e+01
-2.508819e+00 2.167101e+01
-2.136765e+00 2.467050e+01
-4.387921e+00 2.194111e+01
-1.907084e+00 2.737761e+01
+4.903246e-01 2.383204e+01
-1.420294e-01 2.502451e+01
+1.826588e+00 2.781853e+01
+2.288423e+01 1.018585e+00
-3.113651e-04 5.138381e-01
-4.060471e-04 5.608286e-01
-2.640404e-04 9.421028e-01
+7.461263e-04 1.047641e+00
+9.567676e-04 1.163983e+00
-2.310916e-04 1.440463e+00
+7.222853e-04 1.612315e+00
+3.392339e-04 1.579878e+00
+1.192402e-04 1.813317e+00
+4.482454e-04 1.694701e+00
+5.031153e-04 1.696714e+00
+1.393642e-04 1.638297e+00
+4.013611e-05 3.496265e-02
-4.059000e-05 8.709934e-02
-4.759698e-05 9.563599e-02
-3.358033e-05 1.633106e-01
-4.303932e-05 1.910303e-01
-4.257469e-06 2.216321e-01
+1.882976e-04 2.766889e-01
-8.527249e-05 3.057184e-01
-1.013991e-04 3.084679e-01
-3.476949e-05 3.494725e-01
+4.862903e-06 3.260102e-01
-1.533576e-04 3.238757e-01
+1.658975e-04 3.196155e-01
-2.714094e-05 7.187600e-03
-5.409202e+00 9.385441e+00
+4.463091e+00 1.273695e+01
-1.635891e+00 1.904941e+01
-8.171020e+00 1.867456e+01
+7.965905e-01 1.738846e+01
-2.508885e+00 2.166956e+01
-2.136248e+00 2.467291e+01
-4.387949e+00 2.193986e+01
-1.906839e+00 2.737639e+01
+4.910106e-01 2.382783e+01
-1.420015e-01 2.501951e+01
+1.826682e+00 2.782170e+01
+2.288421e+01 1.018562e+00
-3.465162e-04 5.146052e-01
-4.248207e-04 5.614273e-01
-2.835053e-04 9.431240e-01
+6.075297e-04 1.048300e+00
+8.739776e-04 1.164902e+00
-1.442659e-04 1.441415e+00
+7.373058e-04 1.613244e+00
+3.049404e-04 1.580704e+00
+1.128088e-04 1.814918e+00
+4.694266e-04 1.695705e+00
+4.512499e-04 1.697912e+00
+2.579699e-04 1.639721e+00
+1.278147e-05 3.500602e-02
-1.935691e-05 8.733638e-02
-3.198055e-05 9.586764e-02
-2.142536e-05 1.637414e-01
-3.950465e-05 1.914993e-01
-5.066026e-06 2.221821e-01
+1.692815e-04 2.774464e-01
-9.967233e-05 3.065222e-01
-8.821677e-05 3.092672e-01
-4.292941e-05 3.503718e-01
-1.077227e-05 3.268418e-01
-9.592815e-05 3.246925e-01
+1.116969e-04 3.204012e-01
-2.862282e-05 7.210231e-03
-5.409498e+00 9.385095e+00
+4.462661e+00 1.273705e+01
-1.636189e+00 1.904859e+01
-8.170705e+00 1.867393e+01
+7.973098e-01 1.738765e+01
-2.508833e+00 2.166663e+01
-2.135616e+00 2.467514e+01
-4.387632e+00 2.193817e+01
-1.906640e+00 2.737951e+01
+4.915439e-01 2.382489e+01
-1.417855e-01 2.501721e+01
+1.827132e+00 2.782347e+01
+2.288417e+01 1.018563e+00
-3.591920e-04 5.153078e-01
-4.198831e-04 5.620459e-01
-3.119278e-04 9.441856e-01
+5.207382e-04 1.049121e+00
+7.952967e-04 1.165840e+00
-9.638113e-05 1.442274e+00
+6.866435e-04 1.614440e+00
+2.456748e-04 1.581773e+00
+7.047487e-05 1.816305e+00
+4.796698e-04 1.696695e+00
+4.246454e-04 1.699109e+00
+2.925765e-04 1.641140e+00
-1.732750e-05 3.505306e-02
-6.633065e-06 8.756319e-02
-1.239626e-05 9.610298e-02
-3.299923e-05 1.641571e-01
-7.654817e-06 1.919431e-01
-2.090877e-05 2.227475e-01
+1.261574e-04 2.782280e-01
-1.331501e-04 3.072920e-01
-9.496047e-05 3.100721e-01
-3.759052e-05 3.513218e-01
-4.375837e-05 3.277032e-01
-7.103236e-05 3.255704e-01
+1.325379e-05 3.212167e-01
-2.683305e-05 7.232055e-03
-5.409840e+00 9.384845e+00
+4.462164e+00 1.273789e+01
-1.636506e+00 1.904656e+01
-8.170466e+00 1.867054e+01
+7.978126e-01 1.738814e+01
-2.508726e+00 2.166423e+01
-2.135065e+00 2.467606e+01
-4.387355e+00 2.193559e+01
-1.906632e+00 2.738193e+01
+4.919921e-01 2.382355e+01
-1.413604e-01 2.501570e+01
+1.827522e+00 2.782839e+01
+2.288410e+01 1.018558e+00
-3.569520e-04 5.160444e-01
-4.118290e-04 5.627480e-01
-3.708188e-04 9.451896e-01
+5.054315e-04 1.049989e+00
+7.326417e-04 1.166718e+00
-5.537865e-05 1.443300e+00
+5.497662e-04 1.615564e+00
+1.816372e-04 1.582602e+00
+6.223786e-05 1.817401e+00
+4.020675e-04 1.697605e+00
+4.077052e-04 1.700068e+00
+2.060763e-04 1.642427e+00
-3.893369e-05 3.509469e-02
+1.640159e-06 8.772194e-02
+1.047480e-05 9.629074e-02
-4.788547e-05 1.644779e-01
+3.123167e-05 1.923073e-01
-2.191892e-05 2.232276e-01
+8.136276e-05 2.788350e-01
-1.590635e-04 3.079561e-01
-9.948480e-05 3.107713e-01
-5.213842e-06 3.521795e-01
-6.302354e-05 3.284670e-01
-6.770119e-05 3.263372e-01
-7.136239e-05 3.219584e-01
-2.033418e-05 7.249660e-03
-5.410209e+00 9.385071e+00
+4.461777e+00 1.273875e+01
-1.637013e+00 1.904526e+01
-8.170009e+00 1.866927e+01
+7.983122e-01 1.738916e+01
-2.508802e+00 2.166167e+01
-2.134634e+00 2.467887e+01
-4.387464e+00 2.193547e+01
-1.906634e+00 2.738036e+01
+4.924773e-01 2.381981e+01
-1.411574e-01 2.501225e+01
+1.827591e+00 2.783222e+01
+2.288403e+01 1.018504e+00
-3.596173e-04 5.166193e-01
-3.767610e-04 5.634167e-01
-4.433530e-04 9.460720e-01
+5.670994e-04 1.050843e+00
+6.821957e-04 1.167766e+00
-3.979266e-05 1.444389e+00
+3.796709e-04 1.616907e+00
+6.517067e-05 1.583703e+00
+1.018874e-04 1.818941e+00
+3.391004e-04 1.698914e+00
+3.485417e-04 1.701581e+00
+3.630854e-05 1.644132e+00
-5.218631e-05 3.513663e-02
+5.090936e-06 8.780556e-02
+2.854925e-05 9.640349e-02
-5.565520e-05 1.646758e-01
+5.193810e-05 1.925486e-01
-2.099128e-05 2.235398e-01
+4.576505e-05 2.792048e-01
-1.603911e-04 3.084054e-01
-9.387092e-05 3.112473e-01
+3.485013e-05 3.527213e-01
-6.998376e-05 3.289604e-01
-7.234978e-05 3.268469e-01
-1.226592e-04 3.224407e-01
-1.354916e-05 7.260664e-03
-5.410572e+00 9.384680e+00
+4.461456e+00 1.273894e+01
-1.637500e+00 1.904403e+01
-8.169292e+00 1.866674e+01
+7.990493e-01 1.738886e+01
-2.508841e+00 2.165934e+01
-2.134388e+00 2.468420e+01
-4.387446e+00 2.193368e+01
-1.906440e+00 2.737909e+01
+4.927183e-01 2.381688e+01
-1.407916e-01 2.501016e+01
+1.827479e+00 2.783989e+01
+2.288398e+01 1.018481e+00
-3.506405e-04 5.166200e-01
-3.391202e-04 5.635142e-01
-4.931054e-04 9.459773e-01
+6.220617e-04 1.050798e+00
+6.753717e-04 1.167873e+00
-1.700145e-05 1.444136e+00
+2.378519e-04 1.616906e+00
-4.630006e-06 1.583632e+00
+1.807018e-04 1.818927e+00
+2.894615e-04 1.698882e+00
+2.697667e-04 1.701549e+00
-8.937094e-05 1.644577e+00
-5.958337e-05 3.513434e-02
+6.049098e-06 8.780164e-02
+4.329899e-05 9.640201e-02
-5.596691e-05 1.646796e-01
+5.065010e-05 1.925529e-01
-2.448971e-05 2.235415e-01
+1.408544e-05 2.792016e-01
-1.411541e-04 3.084042e-01
-8.205973e-05 3.112554e-01
+6.330607e-05 3.527231e-01
-6.083840e-05 3.289654e-01
-7.470889e-05 3.268637e-01
-1.414080e-04 3.224456e-01
-9.300050e-06 7.261117e-03
-5.410935e+00 9.384288e+00
+4.461136e+00 1.273913e+01
-1.637987e+00 1.904279e+01
-8.168575e+00 1.866419e+01
+7.997865e-01 1.738857e+01
-2.508881e+00 2.165700e+01
-2.134142e+00 2.468952e+01
-4.387428e+00 2.193190e+01
-1.906247e+00 2.737782e+01
+4.929593e-01 2.381396e+01
-1.404258e-01 2.500808e+01
+1.827366e+00 2.784756e+01
+2.288393e+01 1.018457e+00
-3.416637e-04 5.166206e-01
-3.014795e-04 5.636117e-01
-5.428579e-04 9.458826e-01
+6.770239e-04 1.050753e+00
+6.685477e-04 1.167981e+00
+5.789757e-06 1.443884e+00
+9.603284e-05 1.616905e+00
-7.443068e-05 1.583561e+00
+2.595163e-04 1.818913e+00
+2.398226e-04 1.698850e+00
+1.909917e-04 1.701516e+00
-2.150504e-04 1.645022e+00
-6.698042e-05 3.513205e-02
+7.007259e-06 8.779772e-02
+5.804874e-05 9.640053e-02
-5.627862e-05 1.646833e-01
+4.936211e-05 1.925571e-01
-2.798814e-05 2.235433e-01
-1.759417e-05 2.791984e-01
-1.219170e-04 3.084031e-01
-7.024854e-05 3.112635e-01
+9.176201e-05 3.527250e-01
-5.169303e-05 3.289704e-01
-7.706800e-05 3.268806e-01
-1.601567e-04 3.224505e-01
-5.050943e-06 7.261569e-03
-5.411230e+00 9.384362e+00
+4.460790e+00 1.273965e+01
-1.638484e+00 1.904269e+01
-8.168073e+00 1.866202e+01
+8.004523e-01 1.738704e+01
-2.508772e+00 2.165684e+01
-2.134122e+00 2.469705e+01
-4.387396e+00 2.193094e+01
-1.905922e+00 2.737403e+01
+4.931984e-01 2.380867e+01
-1.403774e-01 2.500992e+01
+1.827188e+00 2.785276e+01
+2.288386e+01 1.018340e+00
-3.356834e-04 5.160381e-01
-2.329748e-04 5.631594e-01
-6.009009e-04 9.448137e-01
+7.037197e-04 1.049884e+00
+6.170172e-04 1.167230e+00
-7.742646e-06 1.442347e+00
-1.418503e-05 1.615347e+00
-1.588607e-04 1.582137e+00
+2.999537e-04 1.817276e+00
+1.475143e-04 1.697120e+00
+1.129359e-04 1.699987e+00
-3.752838e-04 1.643917e+00
-7.803686e-05 3.508386e-02
+6.126349e-06 8.770048e-02
+7.338114e-05 9.628108e-02
-5.173369e-05 1.644892e-01
+5.920283e-05 1.923150e-01
-3.627785e-05 2.232251e-01
-7.501755e-05 2.788006e-01
-1.003225e-04 3.079729e-01
-3.862995e-05 3.108324e-01
+1.364452e-04 3.522018e-01
-2.671020e-05 3.284948e-01
-5.015786e-05 3.264374e-01
-1.832683e-04 3.220222e-01
+2.323114e-06 7.251953e-03
-5.411563e+00 9.384448e+00
+4.460460e+00 1.274134e+01
-1.639055e+00 1.904181e+01
-8.167581e+00 1.866092e+01
+8.008379e-01 1.738458e+01
-2.508643e+00 2.165607e+01
-2.134075e+00 2.470238e+01
-4.387538e+00 2.193119e+01
-1.905684e+00 2.737065e+01
+4.935214e-01 2.380315e+01
-1.402689e-01 2.500586e+01
+1.827073e+00 2.785757e+01
+2.288375e+01 1.018204e+00
-3.329754e-04 5.152659e-01
-1.678902e-04 5.625661e-01
-6.685960e-04 9.436117e-01
+6.994591e-04 1.049091e+00
+5.374123e-04 1.166610e+00
-1.105790e-04 1.441139e+00
-8.481552e-05 1.614074e+00
-1.798607e-04 1.581125e+00
+4.336024e-04 1.816019e+00
+1.303094e-04 1.695821e+00
+9.364630e-05 1.698778e+00
-5.602948e-04 1.642733e+00
-7.949561e-05 3.504146e-02
+1.725359e-06 8.752933e-02
+9.057610e-05 9.608771e-02
-4.007471e-05 1.641590e-01
+7.829635e-05 1.919148e-01
-3.481830e-05 2.227231e-01
-1.338277e-04 2.781484e-01
-9.784038e-05 3.073103e-01
-2.231575e-06 3.101627e-01
+1.896425e-04 3.513776e-01
-4.228806e-06 3.277247e-01
-2.213258e-05 3.257304e-01
-1.993130e-04 3.213535e-01
+1.276888e-05 7.234259e-03
-5.411892e+00 9.384913e+00
+4.460277e+00 1.274304e+01
-1.639630e+00 1.903944e+01
-8.167226e+00 1.865851e+01
+8.011401e-01 1.738345e+01
-2.508706e+00 2.165549e+01
-2.133883e+00 2.470699e+01
-4.387666e+00 2.192884e+01
-1.905594e+00 2.736891e+01
+4.935892e-01 2.379820e+01
-1.401869e-01 2.500645e+01
+1.826754e+00 2.786319e+01
+2.288364e+01 1.018070e+00
-3.378266e-04 5.144745e-01
-9.818228e-05 5.619104e-01
-7.071819e-04 9.424238e-01
+7.663203e-04 1.048242e+00
+4.478881e-04 1.165727e+00
-2.974823e-04 1.440057e+00
-1.634528e-04 1.612938e+00
-1.335387e-04 1.580248e+00
+6.017816e-04 1.814654e+00
+1.547402e-04 1.694761e+00
+1.913198e-04 1.697670e+00
-7.547314e-04 1.641349e+00
-7.012846e-05 3.500404e-02
-1.148095e-05 8.729989e-02
+1.074368e-04 9.584985e-02
-3.226759e-05 1.637352e-01
+1.135310e-04 1.914408e-01
-9.239486e-06 2.221631e-01
-1.560384e-04 2.773959e-01
-1.242476e-04 3.065165e-01
+2.274847e-06 3.093854e-01
+2.353772e-04 3.504304e-01
-6.230332e-07 3.268103e-01
-8.102462e-06 3.248745e-01
-1.978820e-04 3.205238e-01
+2.398114e-05 7.211588e-03
-5.412206e+00 9.385564e+00
+4.459991e+00 1.274389e+01
-1.640256e+00 1.903912e+01
-8.167064e+00 1.865599e+01
+8.013080e-01 1.738185e+01
-2.509046e+00 2.165382e+01
-2.133680e+00 2.471129e+01
-4.387477e+00 2.192704e+01
-1.904898e+00 2.737004e+01
+4.941591e-01 2.379579e+01
-1.399566e-01 2.500307e+01
+1.826379e+00 2.786486e+01
+2.288357e+01 1.017887e+00
-3.579968e-04 5.136456e-01
-6.041318e-06 5.612787e-01
-7.288973e-04 9.412270e-01
+8.297514e-04 1.047301e+00
+3.897167e-04 1.164773e+00
-4.674478e-04 1.438886e+00
-3.178479e-04 1.611982e+00
-1.042934e-04 1.579391e+00
+7.760779e-04 1.813199e+00
+1.245112e-04 1.693602e+00
+2.364470e-04 1.696376e+00
-9.263977e-04 1.640146e+00
-5.264537e-05 3.495679e-02
-3.573683e-05 8.705365e-02
+1.393600e-04 9.560005e-02
-2.939726e-05 1.633039e-01
+1.474100e-04 1.909839e-01
+4.646676e-05 2.216296e-01
-1.314897e-04 2.766752e-01
-1.533187e-04 3.057299e-01
-6.224084e-05 3.086491e-01
+2.247000e-04 3.495210e-01
-5.029567e-05 3.259894e-01
-2.495907e-05 3.240088e-01
-1.874958e-04 3.196310e-01
+3.007589e-05 7.190886e-03
