-7.627282e+00 1.626961e+01
+6.714392e+00 1.633375e+01
-1.663831e+00 2.692669e+01
-4.490840e+00 2.624292e+01
+9.948758e-01 2.112536e+01
-3.906612e+00 2.688422e+01
-2.342039e+00 3.391832e+01
-6.928743e+00 2.828777e+01
-2.147085e+00 2.509829e+01
-1.456495e+00 2.498666e+01
-3.648789e-01 2.477480e+01
+2.105594e+00 2.287136e+01
+2.161698e+01 1.515200e+00
-8.388128e-05 6.431662e-01
+9.956593e-04 7.125078e-01
-7.823138e-04 1.158141e+00
+2.628825e-04 1.431925e+00
-3.939853e-04 1.491724e+00
+9.273355e-04 1.593717e+00
-3.866706e-04 1.756757e+00
-1.847464e-03 1.793907e+00
+5.716025e-04 1.848283e+00
-9.125223e-04 1.811385e+00
-1.216608e-03 1.660353e+00
-1.086102e-05 1.566377e+00
+1.923433e-04 3.950534e-02
+4.374601e-05 9.871000e-02
-3.121480e-05 1.214963e-01
+1.355861e-04 2.001938e-01
+8.611567e-05 2.400947e-01
+6.658041e-05 2.700547e-01
-2.395708e-05 2.897870e-01
+1.456272e-04 3.285540e-01
+1.458369e-04 3.386363e-01
-1.018663e-04 3.540155e-01
+4.545788e-05 3.470560e-01
+7.902875e-05 3.215482e-01
-3.263375e-04 3.010055e-01
+9.752900e-06 7.323634e-03
-7.627378e+00 1.627015e+01
+6.715190e+00 1.633479e+01
-1.664420e+00 2.693209e+01
-4.490490e+00 2.624398e+01
+9.946734e-01 2.112086e+01
-3.905841e+00 2.688764e+01
-2.342069e+00 3.391891e+01
-6.929890e+00 2.829136e+01
-2.147282e+00 2.509736e+01
-1.457460e+00 2.498581e+01
-3.659716e-01 2.477392e+01
+2.104910e+00 2.287304e+01
+2.161719e+01 1.515179e+00
-3.070020e-05 6.438273e-01
+9.666147e-04 7.131403e-01
-6.846317e-04 1.158959e+00
+2.778084e-04 1.432961e+00
-3.498136e-04 1.492871e+00
+8.090130e-04 1.595162e+00
-2.941698e-04 1.758091e+00
-1.601755e-03 1.795215e+00
+4.330946e-04 1.849406e+00
-8.276337e-04 1.812708e+00
-1.080392e-03 1.661724e+00
-1.478643e-04 1.567313e+00
+2.024700e-04 3.957025e-02
+4.375974e-05 9.891534e-02
-6.505321e-05 1.217541e-01
+1.197757e-04 2.006498e-01
+2.251294e-05 2.405851e-01
+9.160455e-05 2.706621e-01
-1.147482e-04 2.905329e-01
+1.395889e-04 3.293287e-01
+2.188419e-04 3.394486e-01
-1.163569e-04 3.549173e-01
+7.437984e-05 3.479354e-01
+6.087093e-05 3.223258e-01
-2.718714e-04 3.017602e-01
-1.796061e-06 7.347452e-03
-7.627498e+00 1.627101e+01
+6.716104e+00 1.633529e+01
-1.664934e+00 2.693569e+01
-4.490094e+00 2.624489e+01
+9.945970e-01 2.111652e+01
-3.905030e+00 2.689123e+01
-2.342066e+00 3.392304e+01
-6.931234e+00 2.829752e+01
-2.147397e+00 2.509566e+01
-1.458249e+00 2.498466e+01
-3.670234e-01 2.477490e+01
+2.104383e+00 2.287188e+01
+2.161739e+01 1.515200e+00
+8.109909e-06 6.444907e-01
+8.855347e-04 7.137041e-01
-5.813659e-04 1.159902e+00
+2.457789e-04 1.434000e+00
-2.619873e-04 1.493981e+00
+6.057153e-04 1.596452e+00
-1.860199e-04 1.759199e+00
-1.300817e-03 1.796305e+00
+3.363508e-04 1.850699e+00
-6.930305e-04 1.813994e+00
-1.019309e-03 1.662863e+00
-2.868673e-04 1.568109e+00
+1.963006e-04 3.963708e-02
+4.201103e-05 9.911401e-02
-1.016194e-04 1.220256e-01
+1.024062e-04 2.010815e-01
-2.493170e-05 2.410843e-01
+1.062014e-04 2.712627e-01
-1.763491e-04 2.912908e-01
+1.013580e-04 3.301664e-01
+2.682177e-04 3.403183e-01
-1.363125e-04 3.558274e-01
+8.176103e-05 3.488426e-01
+2.561673e-05 3.231468e-01
-2.314231e-04 3.025714e-01
-8.850906e-06 7.369930e-03
-7.627470e+00 1.627194e+01
+6.716770e+00 1.633535e+01
-1.665394e+00 2.694084e+01
-4.489795e+00 2.624641e+01
+9.945506e-01 2.111331e+01
-3.904736e+00 2.689427e+01
-2.341936e+00 3.392654e+01
-6.931924e+00 2.830181e+01
-2.147512e+00 2.509102e+01
-1.458893e+00 2.498239e+01
-3.680070e-01 2.477854e+01
+2.103817e+00 2.287197e+01
+2.161758e+01 1.515259e+00
+4.898651e-05 6.452080e-01
+7.597624e-04 7.142775e-01
-4.838808e-04 1.160778e+00
+1.836662e-04 1.435032e+00
-1.422737e-04 1.495166e+00
+3.919354e-04 1.597847e+00
-1.805776e-04 1.760266e+00
-9.848564e-04 1.797269e+00
+2.053036e-04 1.852220e+00
-6.057019e-04 1.815252e+00
-1.022271e-03 1.663663e+00
-4.198041e-04 1.568970e+00
+1.853697e-04 3.970343e-02
+3.513002e-05 9.925474e-02
-1.128107e-04 1.222426e-01
+8.681069e-05 2.014285e-01
-4.459905e-05 2.414762e-01
+1.151309e-04 2.717618e-01
-1.653619e-04 2.918712e-01
+5.331609e-05 3.308690e-01
+2.590988e-04 3.410648e-01
-1.581737e-04 3.565621e-01
+5.317082e-05 3.495923e-01
-5.921722e-06 3.238681e-01
-1.937475e-04 3.032537e-01
-9.390381e-06 7.386571e-03
-7.627457e+00 1.627277e+01
+6.717394e+00 1.633682e+01
-1.665748e+00 2.694737e+01
-4.489647e+00 2.624912e+01
+9.944595e-01 2.111130e+01
-3.904568e+00 2.689648e+01
-2.342167e+00 3.393235e+01
-6.932504e+00 2.830599e+01
-2.147344e+00 2.508686e+01
-1.459358e+00 2.497950e+01
-3.691073e-01 2.478022e+01
+2.103094e+00 2.287238e+01
+2.161776e+01 1.515339e+00
+9.310885e-05 6.457618e-01
+6.288945e-04 7.147833e-01
-4.113682e-04 1.161582e+00
+1.130375e-04 1.436093e+00
-3.717953e-05 1.496338e+00
+2.189813e-04 1.599187e+00
-1.947076e-04 1.761597e+00
-6.926379e-04 1.798543e+00
+2.589387e-05 1.853949e+00
-5.797468e-04 1.816927e+00
-1.032175e-03 1.664867e+00
-5.656825e-04 1.570353e+00
+1.800109e-04 3.975632e-02
+2.811090e-05 9.933244e-02
-1.037440e-04 1.223739e-01
+6.853728e-05 2.016445e-01
-4.841018e-05 2.417103e-01
+1.119875e-04 2.720696e-01
-1.247218e-04 2.922196e-01
+1.347825e-05 3.313100e-01
+2.232327e-04 3.415262e-01
-1.877867e-04 3.570296e-01
+1.467944e-05 3.500712e-01
-1.622703e-05 3.243200e-01
-1.539292e-04 3.036726e-01
-5.808194e-06 7.395808e-03
-7.627311e+00 1.627345e+01
+6.717951e+00 1.633823e+01
-1.666148e+00 2.695266e+01
-4.489590e+00 2.625153e+01
+9.945044e-01 2.111014e+01
-3.904428e+00 2.690036e+01
-2.342401e+00 3.393646e+01
-6.933064e+00 2.830866e+01
-2.147496e+00 2.508448e+01
-1.459938e+00 2.497488e+01
-3.701271e-01 2.478070e+01
+2.102519e+00 2.287647e+01
+2.161794e+01 1.515424e+00
+1.091747e-04 6.457844e-01
+5.518441e-04 7.147310e-01
-3.602482e-04 1.161444e+00
+7.697701e-05 1.436080e+00
+6.638329e-05 1.496387e+00
+1.621232e-04 1.599001e+00
-1.982063e-04 1.761463e+00
-5.424100e-04 1.798472e+00
-1.818093e-04 1.854083e+00
-6.006487e-04 1.817018e+00
-1.044058e-03 1.664887e+00
-6.880662e-04 1.570375e+00
+1.785150e-04 3.975385e-02
+2.035392e-05 9.932964e-02
-8.522919e-05 1.223720e-01
+5.391727e-05 2.016404e-01
-4.535307e-05 2.417003e-01
+1.039287e-04 2.720704e-01
-8.606788e-05 2.922169e-01
-3.860838e-06 3.313127e-01
+1.867365e-04 3.415235e-01
-2.057028e-04 3.570154e-01
-8.219670e-06 3.500639e-01
-1.302921e-05 3.243116e-01
-1.140299e-04 3.036621e-01
-1.830914e-06 7.395870e-03
-7.627166e+00 1.627413e+01
+6.718509e+00 1.633963e+01
-1.666548e+00 2.695795e+01
-4.489534e+00 2.625395e+01
+9.945493e-01 2.110899e+01
-3.904289e+00 2.690423e+01
-2.342634e+00 3.394057e+01
-6.933623e+00 2.831133e+01
-2.147647e+00 2.508210e+01
-1.460518e+00 2.497026e+01
-3.711468e-01 2.478118e+01
+2.101943e+00 2.288056e+01
+2.161812e+01 1.515509e+00
+1.252406e-04 6.458071e-01
+4.747936e-04 7.146786e-01
-3.091281e-04 1.161306e+00
+4.091654e-05 1.436067e+00
+1.699461e-04 1.496437e+00
+1.052652e-04 1.598816e+00
-2.017050e-04 1.761330e+00
-3.921821e-04 1.798400e+00
-3.895124e-04 1.854218e+00
-6.215507e-04 1.817109e+00
-1.055941e-03 1.664907e+00
-8.104499e-04 1.570396e+00
+1.770191e-04 3.975137e-02
+1.259693e-05 9.932684e-02
-6.671441e-05 1.223700e-01
+3.929727e-05 2.016362e-01
-4.229596e-05 2.416903e-01
+9.586989e-05 2.720713e-01
-4.741394e-05 2.922142e-01
-2.119993e-05 3.313154e-01
+1.502402e-04 3.415209e-01
-2.236189e-04 3.570012e-01
-3.111878e-05 3.500566e-01
-9.831393e-06 3.243032e-01
-7.413056e-05 3.036517e-01
+2.146365e-06 7.395932e-03
-7.627070e+00 1.627577e+01
+6.718971e+00 1.634148e+01
-1.666795e+00 2.696406e+01
-4.489467e+00 2.625749e+01
+9.948376e-01 2.110993e+01
-3.904065e+00 2.690768e+01
-2.342694e+00 3.393945e+01
-6.934077e+00 2.830952e+01
-2.148270e+00 2.507869e+01
-1.461316e+00 2.496717e+01
-3.722076e-01 2.478070e+01
+2.100953e+00 2.288312e+01
+2.161829e+01 1.515576e+00
+1.346901e-04 6.452957e-01
+4.106669e-04 7.140968e-01
-2.654145e-04 1.160319e+00
-7.038801e-06 1.435085e+00
+2.738071e-04 1.495244e+00
+1.845397e-05 1.597199e+00
-1.963830e-04 1.759955e+00
-2.014018e-04 1.796993e+00
-6.155076e-04 1.852807e+00
-6.258983e-04 1.815836e+00
-1.075534e-03 1.663653e+00
-8.675696e-04 1.569207e+00
+1.777110e-04 3.968652e-02
+6.627547e-06 9.923701e-02
-4.593170e-05 1.222266e-01
+1.533442e-05 2.013845e-01
-4.307187e-05 2.414205e-01
+7.698600e-05 2.717634e-01
+5.094505e-06 2.918312e-01
-5.726598e-05 3.308557e-01
+1.025302e-04 3.410367e-01
-2.070348e-04 3.564929e-01
-5.206918e-05 3.495449e-01
-5.662381e-06 3.238455e-01
-7.363367e-06 3.031986e-01
+6.611199e-06 7.387310e-03
-7.627003e+00 1.627741e+01
+6.719333e+00 1.634331e+01
-1.667052e+00 2.696735e+01
-4.489308e+00 2.626008e+01
+9.951193e-01 2.111206e+01
-3.904083e+00 2.691243e+01
-2.342667e+00 3.393771e+01
-6.934078e+00 2.830534e+01
-2.149028e+00 2.507668e+01
-1.461897e+00 2.496705e+01
-3.732704e-01 2.477892e+01
+2.099909e+00 2.288351e+01
+2.161847e+01 1.515616e+00
+1.541182e-04 6.445668e-01
+3.440979e-04 7.134165e-01
-2.266300e-04 1.159376e+00
-6.520263e-05 1.434020e+00
+3.538432e-04 1.494143e+00
-4.512761e-05 1.595655e+00
-2.873622e-04 1.758721e+00
-1.720370e-05 1.795997e+00
-8.128425e-04 1.851611e+00
-6.379139e-04 1.814684e+00
-1.057662e-03 1.662633e+00
-8.453893e-04 1.568546e+00
+1.836412e-04 3.961168e-02
+1.789040e-06 9.907909e-02
-2.191045e-05 1.220073e-01
-1.349933e-05 2.009894e-01
-3.362597e-05 2.409936e-01
+5.170569e-05 2.712461e-01
+8.300962e-05 2.912344e-01
-1.117174e-04 3.301567e-01
+1.436593e-05 3.402723e-01
-1.668567e-04 3.557350e-01
-6.552808e-05 3.487941e-01
-8.155027e-06 3.231231e-01
+5.865887e-05 3.024844e-01
+1.101802e-05 7.370297e-03
-7.626955e+00 1.627928e+01
+6.719810e+00 1.634602e+01
-1.667342e+00 2.697090e+01
-4.489255e+00 2.626284e+01
+9.954058e-01 2.111380e+01
-3.904130e+00 2.691588e+01
-2.342639e+00 3.393977e+01
-6.934103e+00 2.830371e+01
-2.149810e+00 2.507414e+01
-1.462504e+00 2.496687e+01
-3.743707e-01 2.478057e+01
+2.099218e+00 2.288466e+01
+2.161865e+01 1.515596e+00
+1.774950e-04 6.437739e-01
+2.900897e-04 7.126611e-01
-2.320952e-04 1.158145e+00
-1.374273e-04 1.432869e+00
+3.916664e-04 1.493089e+00
-5.105153e-05 1.594169e+00
-4.238255e-04 1.757225e+00
+1.142165e-04 1.794795e+00
-8.520064e-04 1.850401e+00
-6.363520e-04 1.813286e+00
-1.053667e-03 1.661587e+00
-7.285195e-04 1.567685e+00
+1.893900e-04 3.954741e-02
-8.175553e-07 9.888561e-02
+5.987513e-06 1.217546e-01
-3.047882e-05 2.005539e-01
+1.681592e-06 2.405042e-01
+2.294788e-05 2.705881e-01
+1.634150e-04 2.905063e-01
-1.645638e-04 3.293702e-01
-1.077164e-04 3.393874e-01
-1.366553e-04 3.548038e-01
-9.454793e-05 3.479555e-01
-1.974034e-05 3.222892e-01
+8.782916e-05 3.016797e-01
+1.148186e-05 7.345313e-03
-7.626872e+00 1.628094e+01
+6.720169e+00 1.634927e+01
-1.667564e+00 2.697508e+01
-4.489195e+00 2.626729e+01
+9.956925e-01 2.111808e+01
-3.904004e+00 2.691809e+01
-2.343006e+00 3.394017e+01
-6.934097e+00 2.830550e+01
-2.150673e+00 2.506998e+01
-1.463246e+00 2.496444e+01
-3.752854e-01 2.478178e+01
+2.098540e+00 2.288830e+01
+2.161886e+01 1.515559e+00
+2.012437e-04 6.429471e-01
+2.524558e-04 7.120104e-01
-2.434932e-04 1.157005e+00
-1.574599e-04 1.431605e+00
+4.187630e-04 1.491964e+00
+2.625244e-05 1.592913e+00
-6.250631e-04 1.755871e+00
+9.003093e-05 1.793328e+00
-8.614323e-04 1.849355e+00
-5.958441e-04 1.812133e+00
-1.079897e-03 1.660435e+00
-6.300872e-04 1.566604e+00
+1.960333e-04 3.948048e-02
-2.623605e-06 9.869445e-02
+3.756623e-05 1.214894e-01
-2.914166e-05 2.001214e-01
+5.193059e-05 2.400273e-01
-1.271890e-05 2.699704e-01
+2.112546e-04 2.897836e-01
-2.038068e-04 3.285916e-01
-2.132669e-04 3.385983e-01
-1.197012e-04 3.538809e-01
-1.335608e-04 3.470931e-01
-4.607026e-05 3.215133e-01
+7.544807e-05 3.009515e-01
+8.191809e-06 7.320559e-03
