-4.659788e-01 7.333409e+00
+3.257414e+00 7.118171e+00
-2.032381e+00 1.162495e+01
-2.315029e-01 1.288065e+01
-1.086591e+00 1.242297e+01
-6.411986e-01 1.312198e+01
+1.171089e-01 1.415164e+01
-6.283923e-01 1.424145e+01
-1.528052e+00 1.450826e+01
-1.284463e+00 1.423987e+01
-1.973937e+00 1.390926e+01
-2.003070e+00 1.150500e+01
+2.362620e+01 8.909510e-01
+4.717976e-04 3.478371e-01
+3.843896e-04 4.515608e-01
+6.293680e-04 6.754947e-01
+1.848036e-04 9.324899e-01
-3.292306e-04 1.007932e+00
+4.333950e-04 1.093077e+00
-1.862440e-04 1.225847e+00
-2.015229e-04 1.328960e+00
+3.679821e-04 1.357383e+00
-2.335210e-04 1.293432e+00
-1.231149e-04 1.201711e+00
-9.874885e-04 1.075092e+00
+7.501003e-05 6.727955e-02
-6.768181e-05 5.710460e-02
-1.190244e-04 8.162310e-02
-3.362965e-05 1.212552e-01
-6.558922e-05 1.670322e-01
-1.626747e-04 1.926245e-01
-1.941385e-04 2.123637e-01
-5.340068e-06 2.379804e-01
+1.350714e-04 2.621885e-01
+1.288729e-04 2.664257e-01
+1.395171e-04 2.556650e-01
+2.535414e-04 2.370541e-01
+8.943944e-05 2.131824e-01
+3.042797e-05 1.340628e-02
-4.656682e-01 7.332602e+00
+3.257541e+00 7.118666e+00
-2.031960e+00 1.162539e+01
-2.313547e-01 1.287950e+01
-1.087199e+00 1.242445e+01
-6.412707e-01 1.312139e+01
+1.168798e-01 1.415074e+01
-6.282418e-01 1.424105e+01
-1.527613e+00 1.450741e+01
-1.284492e+00 1.423740e+01
-1.973722e+00 1.390921e+01
-2.003530e+00 1.150320e+01
+2.362630e+01 8.906098e-01
+4.006717e-04 3.479177e-01
+3.329568e-04 4.515759e-01
+5.871990e-04 6.753711e-01
+1.557066e-04 9.321662e-01
-3.963794e-04 1.007633e+00
+3.569301e-04 1.092693e+00
-1.582917e-04 1.225350e+00
-5.558047e-05 1.328602e+00
+5.007043e-04 1.356652e+00
-1.501773e-04 1.292931e+00
-3.407763e-05 1.201028e+00
-8.572084e-04 1.074558e+00
+9.257324e-05 6.738721e-02
-7.039399e-05 5.718019e-02
-1.175251e-04 8.178191e-02
-7.341999e-05 1.214597e-01
-5.987545e-05 1.672900e-01
-1.115329e-04 1.929977e-01
-1.556147e-04 2.127679e-01
+7.545542e-06 2.384127e-01
+1.366348e-04 2.627390e-01
+8.302495e-05 2.669606e-01
+1.099262e-04 2.561575e-01
+2.248383e-04 2.375407e-01
+8.201080e-05 2.136415e-01
+2.127379e-05 1.344386e-02
-4.654140e-01 7.331853e+00
+3.257636e+00 7.118544e+00
-2.031529e+00 1.162504e+01
-2.312423e-01 1.287979e+01
-1.087663e+00 1.242549e+01
-6.412840e-01 1.312099e+01
+1.168232e-01 1.415152e+01
-6.281146e-01 1.424069e+01
-1.526950e+00 1.450663e+01
-1.284420e+00 1.423473e+01
-1.973666e+00 1.390828e+01
-2.003812e+00 1.150173e+01
+2.362643e+01 8.903275e-01
+3.443780e-04 3.479702e-01
+2.633356e-04 4.516372e-01
+4.836078e-04 6.753085e-01
+1.068754e-04 9.318543e-01
-4.242718e-04 1.007349e+00
+2.365339e-04 1.092254e+00
-1.508873e-04 1.224813e+00
+3.955951e-05 1.328237e+00
+5.267816e-04 1.356068e+00
-5.181104e-05 1.292439e+00
+6.636186e-05 1.200443e+00
-7.919705e-04 1.073935e+00
+1.043288e-04 6.749232e-02
-5.980470e-05 5.726556e-02
-1.223507e-04 8.194621e-02
-1.015293e-04 1.216751e-01
-4.195438e-05 1.675923e-01
-7.017131e-05 1.934281e-01
-1.147860e-04 2.132517e-01
+3.482888e-05 2.389512e-01
+1.244086e-04 2.633797e-01
+4.259268e-06 2.675863e-01
+6.967559e-05 2.567459e-01
+1.949397e-04 2.380999e-01
+6.736223e-05 2.142057e-01
+1.274011e-05 1.348293e-02
-4.652473e-01 7.331191e+00
+3.257689e+00 7.118788e+00
-2.031320e+00 1.162501e+01
-2.312103e-01 1.287892e+01
-1.088090e+00 1.242605e+01
-6.409478e-01 1.312069e+01
+1.168142e-01 1.415156e+01
-6.278038e-01 1.424111e+01
-1.526071e+00 1.450536e+01
-1.284215e+00 1.423386e+01
-1.973295e+00 1.390962e+01
-2.004504e+00 1.150038e+01
+2.362653e+01 8.901140e-01
+2.990003e-04 3.479896e-01
+1.512257e-04 4.516696e-01
+3.541233e-04 6.752121e-01
+9.272712e-05 9.315219e-01
-4.281268e-04 1.007135e+00
+1.970322e-04 1.091937e+00
-2.730573e-05 1.224313e+00
+1.303001e-04 1.327861e+00
+4.368972e-04 1.355648e+00
-1.459124e-05 1.291807e+00
+1.675469e-04 1.199795e+00
-7.073295e-04 1.073514e+00
+1.082383e-04 6.759325e-02
-4.365929e-05 5.734983e-02
-1.264444e-04 8.210274e-02
-1.020408e-04 1.218800e-01
-1.023695e-05 1.678875e-01
-4.718468e-05 1.938216e-01
-1.001880e-04 2.137218e-01
+7.354160e-05 2.394650e-01
+1.078953e-04 2.639753e-01
-7.708222e-05 2.681740e-01
+2.771182e-05 2.573670e-01
+1.558373e-04 2.386692e-01
+9.001282e-05 2.147311e-01
+8.171266e-06 1.351428e-02
-4.649496e-01 7.329945e+00
+3.257770e+00 7.118848e+00
-2.031152e+00 1.162475e+01
-2.312315e-01 1.287789e+01
-1.088638e+00 1.242626e+01
-6.410157e-01 1.312031e+01
+1.167638e-01 1.415350e+01
-6.277118e-01 1.424138e+01
-1.525863e+00 1.450514e+01
-1.284138e+00 1.423222e+01
-1.973054e+00 1.391014e+01
-2.005052e+00 1.149823e+01
+2.362664e+01 8.898535e-01
+2.712392e-04 3.480923e-01
+3.440637e-05 4.518900e-01
+2.553126e-04 6.753774e-01
+1.185359e-04 9.316774e-01
-4.558872e-04 1.007481e+00
+1.319005e-04 1.092408e+00
+8.708813e-05 1.224820e+00
+2.363300e-04 1.328453e+00
+2.828623e-04 1.356242e+00
-2.870227e-05 1.292286e+00
+2.831740e-04 1.199957e+00
-6.070567e-04 1.074112e+00
+1.105709e-04 6.768464e-02
-3.113025e-05 5.740417e-02
-1.220832e-04 8.220985e-02
-8.283063e-05 1.220273e-01
+2.409781e-05 1.681003e-01
-3.398114e-05 1.940822e-01
-8.784240e-05 2.140352e-01
+1.042083e-04 2.398136e-01
+1.005004e-04 2.643780e-01
-1.231006e-04 2.685855e-01
-1.252044e-05 2.578110e-01
+1.093690e-04 2.390852e-01
+1.304821e-04 2.150974e-01
+6.007589e-06 1.353241e-02
-4.646760e-01 7.328925e+00
+3.257697e+00 7.118782e+00
-2.030878e+00 1.162508e+01
-2.310052e-01 1.287717e+01
-1.089100e+00 1.242538e+01
-6.408728e-01 1.311972e+01
+1.170141e-01 1.415303e+01
-6.273298e-01 1.424043e+01
-1.525631e+00 1.450557e+01
-1.284240e+00 1.423044e+01
-1.972672e+00 1.390987e+01
-2.005497e+00 1.149804e+01
+2.362675e+01 8.894911e-01
+2.478947e-04 3.480939e-01
-7.672998e-05 4.519421e-01
+2.049814e-04 6.753674e-01
+1.657327e-04 9.316286e-01
-4.789285e-04 1.007313e+00
+3.727637e-05 1.092407e+00
+1.961027e-04 1.224675e+00
+3.275400e-04 1.328289e+00
+1.528071e-04 1.356256e+00
-5.659949e-05 1.292438e+00
+3.486913e-04 1.199859e+00
-4.392779e-04 1.074294e+00
+1.174937e-04 6.768896e-02
-2.254607e-05 5.740536e-02
-1.087534e-04 8.221373e-02
-6.150917e-05 1.220282e-01
+4.750030e-05 1.681048e-01
-2.319455e-05 1.940770e-01
-8.911268e-05 2.140208e-01
+1.125583e-04 2.398057e-01
+9.245654e-05 2.643733e-01
-1.395116e-04 2.685745e-01
-3.539032e-05 2.578157e-01
+6.130731e-05 2.390863e-01
+1.655077e-04 2.151008e-01
+5.570807e-06 1.353275e-02
-4.644023e-01 7.327905e+00
+3.257623e+00 7.118716e+00
-2.030604e+00 1.162540e+01
-2.307789e-01 1.287646e+01
-1.089561e+00 1.242451e+01
-6.407299e-01 1.311912e+01
+1.172643e-01 1.415257e+01
-6.269478e-01 1.423948e+01
-1.525400e+00 1.450601e+01
-1.284342e+00 1.422866e+01
-1.972289e+00 1.390960e+01
-2.005942e+00 1.149784e+01
+2.362687e+01 8.891287e-01
+2.245502e-04 3.480955e-01
-1.878663e-04 4.519941e-01
+1.546502e-04 6.753574e-01
+2.129295e-04 9.315797e-01
-5.019699e-04 1.007145e+00
-5.734775e-05 1.092406e+00
+3.051173e-04 1.224530e+00
+4.187501e-04 1.328126e+00
+2.275191e-05 1.356270e+00
-8.449671e-05 1.292591e+00
+4.142086e-04 1.199761e+00
-2.714991e-04 1.074476e+00
+1.244165e-04 6.769328e-02
-1.396190e-05 5.740654e-02
-9.542358e-05 8.221761e-02
-4.018770e-05 1.220291e-01
+7.090279e-05 1.681094e-01
-1.240797e-05 1.940718e-01
-9.038296e-05 2.140064e-01
+1.209083e-04 2.397978e-01
+8.441264e-05 2.643685e-01
-1.559225e-04 2.685635e-01
-5.826020e-05 2.578203e-01
+1.324566e-05 2.390873e-01
+2.005332e-04 2.151043e-01
+5.134025e-06 1.353308e-02
-4.642814e-01 7.326884e+00
+3.257378e+00 7.119346e+00
-2.030569e+00 1.162614e+01
-2.306079e-01 1.287653e+01
-1.090023e+00 1.242360e+01
-6.409043e-01 1.311730e+01
+1.175444e-01 1.415181e+01
-6.265481e-01 1.423820e+01
-1.525538e+00 1.450865e+01
-1.284396e+00 1.422932e+01
-1.971934e+00 1.391018e+01
-2.006255e+00 1.149866e+01
+2.362701e+01 8.886874e-01
+2.096144e-04 3.479844e-01
-2.814051e-04 4.518306e-01
+9.690865e-05 6.751907e-01
+2.830319e-04 9.312570e-01
-5.210581e-04 1.006686e+00
-1.539071e-04 1.091996e+00
+4.264711e-04 1.223884e+00
+5.013729e-04 1.327262e+00
-1.306054e-04 1.355918e+00
-1.636455e-04 1.292268e+00
+4.085661e-04 1.199349e+00
-4.756982e-05 1.074316e+00
+1.291695e-04 6.760882e-02
-4.134739e-07 5.736092e-02
-6.074820e-05 8.212601e-02
-4.366567e-06 1.218818e-01
+9.775384e-05 1.679074e-01
+1.306834e-05 1.937919e-01
-7.394815e-05 2.136586e-01
+1.227710e-04 2.394127e-01
+6.163507e-05 2.639378e-01
-1.799138e-04 2.681223e-01
-7.643701e-05 2.574034e-01
-3.193712e-05 2.386764e-01
+2.233466e-04 2.147590e-01
+2.640400e-06 1.351648e-02
-4.641431e-01 7.326162e+00
+3.257038e+00 7.119921e+00
-2.030545e+00 1.162683e+01
-2.304360e-01 1.287700e+01
-1.090609e+00 1.242303e+01
-6.409880e-01 1.311695e+01
+1.179152e-01 1.415193e+01
-6.259351e-01 1.423889e+01
-1.525136e+00 1.450980e+01
-1.284266e+00 1.422822e+01
-1.971292e+00 1.390912e+01
-2.006225e+00 1.149955e+01
+2.362713e+01 8.882285e-01
+2.007449e-04 3.479519e-01
-3.385061e-04 4.518612e-01
+5.349692e-05 6.753127e-01
+3.637493e-04 9.314717e-01
-4.753163e-04 1.006851e+00
-1.840464e-04 1.092296e+00
+5.883227e-04 1.224182e+00
+5.635976e-04 1.327464e+00
-3.028834e-04 1.356408e+00
-2.082562e-04 1.292859e+00
+3.300777e-04 1.199891e+00
+1.503706e-04 1.074908e+00
+1.296849e-04 6.751618e-02
+1.244830e-05 5.728967e-02
-2.217237e-05 8.198289e-02
+3.883355e-05 1.216788e-01
+1.150189e-04 1.676201e-01
+5.490185e-05 1.933992e-01
-5.525556e-05 2.131900e-01
+1.147085e-04 2.388660e-01
+2.002828e-05 2.633243e-01
-2.107729e-04 2.675216e-01
-9.791101e-05 2.568107e-01
-6.114591e-05 2.381096e-01
+2.287390e-04 2.142816e-01
+5.068407e-07 1.348663e-02
-4.639714e-01 7.326345e+00
+3.256833e+00 7.120027e+00
-2.030553e+00 1.162812e+01
-2.301500e-01 1.287716e+01
-1.091113e+00 1.242292e+01
-6.411267e-01 1.311621e+01
+1.183024e-01 1.415101e+01
-6.254717e-01 1.423658e+01
-1.525121e+00 1.451090e+01
-1.284484e+00 1.422818e+01
-1.971150e+00 1.391024e+01
-2.006086e+00 1.150038e+01
+2.362724e+01 8.877232e-01
+2.136635e-04 3.479493e-01
-3.070982e-04 4.519090e-01
+7.541862e-05 6.753745e-01
+4.564020e-04 9.316945e-01
-3.885409e-04 1.007070e+00
-1.588703e-04 1.092690e+00
+6.974889e-04 1.224498e+00
+5.623529e-04 1.327703e+00
-5.036024e-04 1.356945e+00
-2.466707e-04 1.293490e+00
+3.024066e-04 1.200531e+00
+3.002449e-04 1.075699e+00
+1.220349e-04 6.742136e-02
+2.486867e-05 5.720740e-02
+4.631760e-07 8.182220e-02
+8.620977e-05 1.214688e-01
+1.157920e-04 1.673228e-01
+9.122731e-05 1.929952e-01
-5.445728e-05 2.127077e-01
+8.662787e-05 2.383188e-01
-6.088594e-06 2.626647e-01
-2.180451e-04 2.669134e-01
-1.218231e-04 2.562009e-01
-4.638816e-05 2.375217e-01
+2.179056e-04 2.137744e-01
-1.897237e-06 1.344655e-02
-4.638624e-01 7.326984e+00
+3.256657e+00 7.119993e+00
-2.030593e+00 1.162847e+01
-2.298956e-01 1.287737e+01
-1.091333e+00 1.242158e+01
-6.410644e-01 1.311607e+01
+1.188988e-01 1.415032e+01
-6.250267e-01 1.423509e+01
-1.525191e+00 1.450978e+01
-1.284331e+00 1.422710e+01
-1.971135e+00 1.390963e+01
-2.006066e+00 1.150030e+01
+2.362736e+01 8.873260e-01
+2.164592e-04 3.479234e-01
-2.916437e-04 4.519370e-01
+9.786339e-05 6.755082e-01
+5.066097e-04 9.319399e-01
-2.385197e-04 1.007299e+00
-1.510306e-04 1.093185e+00
+7.895416e-04 1.224782e+00
+4.944032e-04 1.328041e+00
-7.360915e-04 1.357610e+00
-3.302949e-04 1.294127e+00
+2.936169e-04 1.201158e+00
+4.151220e-04 1.076592e+00
+1.191830e-04 6.732031e-02
+4.529663e-05 5.713760e-02
-2.128350e-06 8.168322e-02
+1.193075e-04 1.212698e-01
+1.025459e-04 1.670618e-01
+8.826672e-05 1.926207e-01
-7.410872e-05 2.122878e-01
+4.965158e-05 2.378532e-01
-6.913665e-06 2.620906e-01
-1.971407e-04 2.663487e-01
-1.611336e-04 2.556397e-01
-2.468812e-05 2.369994e-01
+2.096247e-04 2.133238e-01
-3.626527e-06 1.340749e-02
