-6.381966e+00 1.599489e+01
+4.410813e+00 1.732998e+01
-2.264969e+00 2.576094e+01
-5.210041e+00 2.982089e+01
-3.232182e-01 2.664248e+01
-1.080768e+00 2.806877e+01
-7.311329e-01 3.007114e+01
-5.863036e+00 3.097035e+01
-2.957647e+00 3.133216e+01
-1.153609e+00 3.095687e+01
-3.511165e-01 2.806967e+01
+2.392805e+00 2.797930e+01
+2.203608e+01 1.985012e+00
+1.579731e-04 6.209897e-01
-3.373275e-05 7.342097e-01
-7.523392e-05 1.064696e+00
-3.727713e-04 1.324287e+00
-3.528145e-04 1.410167e+00
+6.752592e-04 1.538367e+00
+6.275141e-04 1.742077e+00
+5.666124e-05 1.761551e+00
+7.001500e-04 1.859517e+00
+2.061287e-04 1.777622e+00
-6.973218e-04 1.742716e+00
-8.348250e-04 1.607344e+00
-3.780937e-05 3.809849e-02
-2.257233e-05 9.899791e-02
-1.351795e-04 1.268428e-01
+3.487977e-06 1.837918e-01
-1.140806e-04 2.317368e-01
-1.813788e-05 2.579294e-01
-1.456927e-05 2.862772e-01
-9.196408e-05 3.268877e-01
+4.344076e-06 3.335665e-01
-6.628510e-05 3.512606e-01
-1.378284e-04 3.359208e-01
-4.016657e-06 3.315208e-01
+4.848522e-05 3.037165e-01
-1.804331e-05 6.805857e-03
-6.381824e+00 1.599431e+01
+4.410529e+00 1.733370e+01
-2.264919e+00 2.575976e+01
-5.210727e+00 2.982195e+01
-3.235990e-01 2.664103e+01
-1.080563e+00 2.806683e+01
-7.309370e-01 3.007513e+01
-5.863093e+00 3.097748e+01
-2.957138e+00 3.133065e+01
-1.153241e+00 3.095095e+01
-3.517736e-01 2.807049e+01
+2.391950e+00 2.797657e+01
+2.203605e+01 1.985010e+00
+1.825648e-04 6.216228e-01
-1.505210e-04 7.351008e-01
+7.233775e-06 1.065766e+00
-4.392850e-04 1.325251e+00
-4.300474e-04 1.410926e+00
+6.700022e-04 1.539429e+00
+6.070488e-04 1.743142e+00
+1.152449e-05 1.762548e+00
+5.294633e-04 1.860640e+00
+7.294870e-05 1.778682e+00
-7.277452e-04 1.743780e+00
-8.383032e-04 1.608544e+00
-6.167339e-05 3.817584e-02
-1.350335e-05 9.921268e-02
-1.022575e-04 1.271573e-01
+1.617344e-05 1.842249e-01
-2.937247e-05 2.322407e-01
-2.845940e-05 2.584753e-01
-2.275373e-05 2.869773e-01
-5.224372e-05 3.276901e-01
+6.746442e-05 3.344234e-01
-7.341420e-05 3.521531e-01
-1.975417e-04 3.368012e-01
-2.036156e-05 3.324221e-01
+8.704550e-05 3.045245e-01
-2.053017e-05 6.827962e-03
-6.381669e+00 1.599336e+01
+4.410149e+00 1.733719e+01
-2.264723e+00 2.575779e+01
-5.211246e+00 2.982536e+01
-3.242772e-01 2.663555e+01
-1.080185e+00 2.806914e+01
-7.304643e-01 3.007612e+01
-5.863064e+00 3.098189e+01
-2.957189e+00 3.133146e+01
-1.153593e+00 3.094690e+01
-3.522664e-01 2.807057e+01
+2.391369e+00 2.797085e+01
+2.203600e+01 1.985099e+00
+1.972943e-04 6.223514e-01
-2.236448e-04 7.360508e-01
+7.370983e-05 1.066765e+00
-3.796049e-04 1.326331e+00
-4.871401e-04 1.411608e+00
+6.287380e-04 1.540602e+00
+6.190773e-04 1.744009e+00
+1.255775e-04 1.763796e+00
+4.432331e-04 1.861809e+00
-1.322728e-04 1.779762e+00
-7.887360e-04 1.744923e+00
-8.077152e-04 1.609799e+00
-8.776004e-05 3.824973e-02
-1.049769e-05 9.940719e-02
-5.727927e-05 1.274440e-01
+1.361635e-05 1.846482e-01
+3.864669e-05 2.327641e-01
-1.332466e-05 2.590505e-01
-5.113524e-05 2.877024e-01
-4.074174e-05 3.285241e-01
+1.106229e-04 3.352951e-01
-4.622944e-05 3.531015e-01
-2.084737e-04 3.377204e-01
-3.106559e-05 3.333149e-01
+1.074700e-04 3.053496e-01
-1.641419e-05 6.849623e-03
-6.381438e+00 1.599248e+01
+4.409815e+00 1.733950e+01
-2.264490e+00 2.575471e+01
-5.211599e+00 2.982825e+01
-3.248357e-01 2.663317e+01
-1.079550e+00 2.807152e+01
-7.300386e-01 3.007643e+01
-5.863031e+00 3.098123e+01
-2.956859e+00 3.133474e+01
-1.153925e+00 3.094151e+01
-3.530794e-01 2.807104e+01
+2.390689e+00 2.796749e+01
+2.203588e+01 1.985327e+00
+2.018993e-04 6.232081e-01
-2.228045e-04 7.370075e-01
+1.081366e-04 1.067781e+00
-2.681282e-04 1.327421e+00
-5.019824e-04 1.412283e+00
+5.580263e-04 1.541746e+00
+5.971177e-04 1.745147e+00
+2.432982e-04 1.765133e+00
+3.890611e-04 1.863231e+00
-3.539737e-04 1.781034e+00
-8.349848e-04 1.746191e+00
-7.167585e-04 1.611192e+00
-9.840841e-05 3.832409e-02
-1.099520e-05 9.953495e-02
-1.724640e-05 1.276568e-01
+1.253359e-05 1.849613e-01
+6.045926e-05 2.331855e-01
-2.232519e-06 2.595471e-01
-9.477703e-05 2.883019e-01
-4.304281e-05 3.291926e-01
+1.081210e-04 3.360195e-01
-3.990116e-05 3.538756e-01
-1.801298e-04 3.384372e-01
-2.161280e-05 3.340257e-01
+1.177071e-04 3.060306e-01
-5.185012e-06 6.865494e-03
-6.381278e+00 1.599186e+01
+4.409574e+00 1.734167e+01
-2.264442e+00 2.575099e+01
-5.211790e+00 2.983149e+01
-3.252287e-01 2.662861e+01
-1.079222e+00 2.807143e+01
-7.296580e-01 3.008048e+01
-5.862522e+00 3.098013e+01
-2.956286e+00 3.133331e+01
-1.154291e+00 3.093621e+01
-3.539816e-01 2.806976e+01
+2.389846e+00 2.796570e+01
+2.203578e+01 1.985666e+00
+1.998258e-04 6.238552e-01
-1.989775e-04 7.377294e-01
+1.219533e-04 1.068601e+00
-2.051296e-04 1.328591e+00
-4.844940e-04 1.413153e+00
+4.270626e-04 1.543047e+00
+5.437059e-04 1.746520e+00
+3.194705e-04 1.766790e+00
+3.751478e-04 1.865003e+00
-4.545445e-04 1.782500e+00
-8.696644e-04 1.747558e+00
-6.269230e-04 1.612678e+00
-9.419720e-05 3.838296e-02
-9.317672e-06 9.960529e-02
+4.782952e-06 1.277772e-01
+1.894501e-05 1.851414e-01
+4.692618e-05 2.334488e-01
-3.443789e-06 2.598484e-01
-1.303387e-04 2.886750e-01
-4.705321e-05 3.295956e-01
+6.857288e-05 3.364855e-01
-6.371759e-05 3.543568e-01
-1.357726e-04 3.388700e-01
-2.250276e-07 3.344759e-01
+1.186935e-04 3.064562e-01
+6.044698e-06 6.874043e-03
-6.381081e+00 1.599162e+01
+4.409416e+00 1.734292e+01
-2.264273e+00 2.574753e+01
-5.211966e+00 2.983313e+01
-3.257737e-01 2.662726e+01
-1.078892e+00 2.807075e+01
-7.290855e-01 3.008285e+01
-5.862253e+00 3.098019e+01
-2.956049e+00 3.133529e+01
-1.154865e+00 3.092871e+01
-3.547599e-01 2.806780e+01
+2.389439e+00 2.796092e+01
+2.203571e+01 1.986044e+00
+1.896537e-04 6.238930e-01
-1.938927e-04 7.377376e-01
+1.466792e-04 1.068518e+00
-1.914030e-04 1.328685e+00
-5.075089e-04 1.412938e+00
+2.754378e-04 1.542955e+00
+5.042003e-04 1.746379e+00
+3.472270e-04 1.767006e+00
+2.607584e-04 1.865139e+00
-5.555456e-04 1.782394e+00
-8.313869e-04 1.747357e+00
-5.010934e-04 1.612700e+00
-7.898769e-05 3.838776e-02
-4.947406e-06 9.960344e-02
+9.720822e-06 1.277674e-01
+3.382730e-05 1.851341e-01
+2.788162e-05 2.334503e-01
-1.633820e-05 2.598380e-01
-1.539857e-04 2.886738e-01
-4.112076e-05 3.295891e-01
+3.244602e-05 3.364855e-01
-9.797154e-05 3.543614e-01
-1.002326e-04 3.388592e-01
+1.705743e-05 3.344877e-01
+1.077183e-04 3.064611e-01
+1.270079e-05 6.874251e-03
-6.380884e+00 1.599137e+01
+4.409257e+00 1.734416e+01
-2.264104e+00 2.574407e+01
-5.212142e+00 2.983477e+01
-3.263187e-01 2.662591e+01
-1.078562e+00 2.807007e+01
-7.285129e-01 3.008521e+01
-5.861983e+00 3.098025e+01
-2.955812e+00 3.133727e+01
-1.155439e+00 3.092120e+01
-3.555383e-01 2.806584e+01
+2.389033e+00 2.795614e+01
+2.203563e+01 1.986423e+00
+1.794815e-04 6.239309e-01
-1.888079e-04 7.377458e-01
+1.714051e-04 1.068434e+00
-1.776763e-04 1.328778e+00
-5.305238e-04 1.412723e+00
+1.238131e-04 1.542863e+00
+4.646948e-04 1.746237e+00
+3.749836e-04 1.767221e+00
+1.463689e-04 1.865275e+00
-6.565467e-04 1.782287e+00
-7.931095e-04 1.747157e+00
-3.752638e-04 1.612722e+00
-6.377818e-05 3.839256e-02
-5.771406e-07 9.960159e-02
+1.465869e-05 1.277576e-01
+4.870959e-05 1.851268e-01
+8.837063e-06 2.334518e-01
-2.923261e-05 2.598277e-01
-1.776327e-04 2.886726e-01
-3.518831e-05 3.295825e-01
-3.680848e-06 3.364855e-01
-1.322255e-04 3.543659e-01
-6.469253e-05 3.388484e-01
+3.433990e-05 3.344994e-01
+9.674312e-05 3.064660e-01
+1.935689e-05 6.874458e-03
-6.380687e+00 1.599140e+01
+4.409004e+00 1.734337e+01
-2.263925e+00 2.574163e+01
-5.212380e+00 2.983488e+01
-3.268283e-01 2.662291e+01
-1.078502e+00 2.806987e+01
-7.280902e-01 3.008901e+01
-5.861565e+00 3.098296e+01
-2.955792e+00 3.134319e+01
-1.156129e+00 3.091629e+01
-3.564580e-01 2.806774e+01
+2.388589e+00 2.795291e+01
+2.203556e+01 1.986763e+00
+1.873343e-04 6.233909e-01
-1.792852e-04 7.370434e-01
+2.525473e-04 1.067396e+00
-1.424467e-04 1.327827e+00
-5.606586e-04 1.411329e+00
-6.027728e-05 1.541313e+00
+4.310194e-04 1.744606e+00
+3.777720e-04 1.765970e+00
+1.359287e-05 1.863680e+00
-7.541357e-04 1.780651e+00
-7.879753e-04 1.745301e+00
-3.039964e-04 1.611125e+00
-5.011398e-05 3.834187e-02
+5.185756e-06 9.951952e-02
+2.725300e-05 1.276031e-01
+5.458560e-05 1.849159e-01
-1.050133e-05 2.331959e-01
-3.683333e-05 2.594842e-01
-1.874318e-04 2.882810e-01
-2.707999e-05 3.291333e-01
-3.976168e-05 3.360537e-01
-1.736354e-04 3.538899e-01
-2.002392e-05 3.383513e-01
+5.064026e-05 3.340707e-01
+8.155994e-05 3.060649e-01
+2.597732e-05 6.866962e-03
-6.380525e+00 1.599154e+01
+4.408702e+00 1.734328e+01
-2.263633e+00 2.573756e+01
-5.212641e+00 2.983489e+01
-3.274435e-01 2.661934e+01
-1.078491e+00 2.806514e+01
-7.278831e-01 3.009142e+01
-5.861348e+00 3.098229e+01
-2.955758e+00 3.134466e+01
-1.156805e+00 3.091144e+01
-3.570708e-01 2.806985e+01
+2.388339e+00 2.795123e+01
+2.203551e+01 1.987057e+00
+2.088275e-04 6.226324e-01
-1.466034e-04 7.361142e-01
+3.277228e-04 1.066193e+00
-1.123084e-04 1.326738e+00
-6.161614e-04 1.410107e+00
-2.226606e-04 1.540052e+00
+4.288538e-04 1.743283e+00
+3.515503e-04 1.764765e+00
-1.524175e-04 1.862206e+00
-7.996274e-04 1.779428e+00
-7.677188e-04 1.743885e+00
-2.586318e-04 1.609844e+00
-3.220837e-05 3.827590e-02
+7.959702e-06 9.937048e-02
+3.884505e-05 1.273551e-01
+3.678383e-05 1.845786e-01
-2.915067e-05 2.327936e-01
-2.829243e-05 2.589444e-01
-1.759324e-04 2.876384e-01
-1.893871e-05 3.284228e-01
-6.462773e-05 3.353601e-01
-2.196734e-04 3.530775e-01
+2.898530e-05 3.375941e-01
+6.273815e-05 3.333496e-01
+7.023978e-05 3.054171e-01
+3.252609e-05 6.852459e-03
-6.380255e+00 1.599050e+01
+4.408447e+00 1.734388e+01
-2.263116e+00 2.573367e+01
-5.212783e+00 2.983230e+01
-3.280416e-01 2.661234e+01
-1.078618e+00 2.806236e+01
-7.275390e-01 3.009457e+01
-5.861155e+00 3.097943e+01
-2.955822e+00 3.134667e+01
-1.157471e+00 3.090691e+01
-3.580028e-01 2.807117e+01
+2.387719e+00 2.795208e+01
+2.203544e+01 1.987365e+00
+2.304636e-04 6.218877e-01
-8.721896e-05 7.350316e-01
+3.608501e-04 1.064887e+00
-8.109351e-05 1.325612e+00
-6.325117e-04 1.408918e+00
-3.266581e-04 1.538806e+00
+4.218127e-04 1.741961e+00
+3.400639e-04 1.763706e+00
-3.375907e-04 1.860895e+00
-8.255248e-04 1.778206e+00
-7.599339e-04 1.742520e+00
-2.213556e-04 1.608725e+00
-1.660180e-05 3.821172e-02
-2.688957e-06 9.915731e-02
+4.769467e-05 1.270561e-01
+1.971586e-06 1.841598e-01
-6.387952e-05 2.322939e-01
-6.991245e-06 2.583164e-01
-1.620412e-04 2.868713e-01
-2.030996e-05 3.275884e-01
-7.696433e-05 3.345264e-01
-2.372091e-04 3.520837e-01
+7.307356e-05 3.367515e-01
+9.067178e-05 3.324648e-01
+8.627959e-05 3.046070e-01
+3.995249e-05 6.831625e-03
-6.379971e+00 1.598979e+01
+4.408237e+00 1.734296e+01
-2.262737e+00 2.573113e+01
-5.213041e+00 2.982931e+01
-3.287574e-01 2.660540e+01
-1.078702e+00 2.805885e+01
-7.271808e-01 3.009805e+01
-5.861020e+00 3.097552e+01
-2.956112e+00 3.134728e+01
-1.157939e+00 3.090361e+01
-3.587704e-01 2.807160e+01
+2.387135e+00 2.795245e+01
+2.203539e+01 1.987697e+00
+2.460960e-04 6.211051e-01
-4.397821e-05 7.339368e-01
+3.248208e-04 1.063611e+00
-3.622022e-05 1.324625e+00
-5.912901e-04 1.407781e+00
-3.695890e-04 1.537450e+00
+4.202892e-04 1.740621e+00
+3.647997e-04 1.762578e+00
-5.455161e-04 1.859172e+00
-8.378103e-04 1.777002e+00
-7.834971e-04 1.741031e+00
-1.880011e-04 1.607600e+00
-9.766466e-07 3.814379e-02
-2.209614e-05 9.892535e-02
+5.219966e-05 1.267476e-01
-2.125653e-05 1.837044e-01
-1.060537e-04 2.317718e-01
+1.651970e-05 2.577085e-01
-1.731186e-04 2.861272e-01
-2.169926e-05 3.267714e-01
-8.540030e-05 3.336948e-01
-2.144693e-04 3.511464e-01
+1.061188e-04 3.359637e-01
+1.297509e-04 3.316229e-01
+1.174584e-04 3.038213e-01
+4.674226e-05 6.810376e-03
