-8.057435e+00 1.260159e+01
+6.664490e+00 1.474414e+01
-1.991658e+00 2.367711e+01
-4.807505e+00 2.270764e+01
+1.048130e+00 1.908430e+01
-4.109506e+00 2.597600e+01
-2.560303e+00 3.338166e+01
-7.383478e+00 2.647070e+01
-2.279352e+00 2.419580e+01
-1.567814e+00 2.421914e+01
-4.174259e-01 2.436859e+01
+2.222889e+00 2.239117e+01
+2.255283e+01 1.221059e+00
-8.706340e-05 5.524065e-01
+1.022812e-03 6.477174e-01
-7.678223e-04 1.060767e+00
+2.643294e-04 1.296048e+00
-3.403639e-04 1.395563e+00
+9.555173e-04 1.549183e+00
-4.946347e-04 1.704078e+00
-1.953489e-03 1.734899e+00
+5.736046e-04 1.814604e+00
-9.898611e-04 1.792346e+00
-1.337609e-03 1.634550e+00
-4.569126e-05 1.553374e+00
+1.905428e-04 3.794361e-02
+4.463423e-05 8.769509e-02
-2.161860e-05 1.124913e-01
+1.374227e-04 1.885277e-01
+8.028007e-05 2.217778e-01
+6.030043e-05 2.564795e-01
-1.000193e-05 2.833325e-01
+1.781634e-04 3.211098e-01
+1.551953e-04 3.302020e-01
-1.082215e-04 3.497268e-01
+5.716352e-05 3.452608e-01
+8.743038e-05 3.187119e-01
-3.193423e-04 3.005055e-01
+1.016422e-05 7.294560e-03
-8.057535e+00 1.260205e+01
+6.665319e+00 1.474509e+01
-1.992242e+00 2.368187e+01
-4.807149e+00 2.270923e+01
+1.047968e+00 1.908007e+01
-4.108709e+00 2.598005e+01
-2.560376e+00 3.338222e+01
-7.384661e+00 2.647402e+01
-2.279547e+00 2.419439e+01
-1.568857e+00 2.421833e+01
-4.186378e-01 2.436762e+01
+2.222175e+00 2.239264e+01
+2.255305e+01 1.221038e+00
-3.572805e-05 5.530831e-01
+9.951340e-04 6.483720e-01
-6.717148e-04 1.061598e+00
+2.765581e-04 1.297123e+00
-2.993954e-04 1.396759e+00
+8.405842e-04 1.550716e+00
-3.830610e-04 1.705501e+00
-1.698665e-03 1.736233e+00
+4.327340e-04 1.815800e+00
-9.004789e-04 1.793770e+00
-1.188553e-03 1.635962e+00
-1.722423e-04 1.554346e+00
+2.011293e-04 3.800843e-02
+4.417371e-05 8.790290e-02
-5.664663e-05 1.127527e-01
+1.233543e-04 1.889883e-01
+2.061979e-05 2.222734e-01
+8.859879e-05 2.570956e-01
-1.017652e-04 2.840818e-01
+1.693124e-04 3.218886e-01
+2.254170e-04 3.310142e-01
-1.245112e-04 3.506300e-01
+8.336084e-05 3.461546e-01
+7.264291e-05 3.194898e-01
-2.646923e-04 3.012665e-01
-1.326527e-06 7.318380e-03
-8.057661e+00 1.260284e+01
+6.666268e+00 1.474569e+01
-1.992762e+00 2.368472e+01
-4.806786e+00 2.271078e+01
+1.047908e+00 1.907594e+01
-4.107874e+00 2.598404e+01
-2.560422e+00 3.338621e+01
-7.386080e+00 2.647920e+01
-2.279704e+00 2.419213e+01
-1.569733e+00 2.421742e+01
-4.197738e-01 2.436874e+01
+2.221656e+00 2.239156e+01
+2.255325e+01 1.221070e+00
+8.714863e-07 5.537640e-01
+9.180608e-04 6.489590e-01
-5.622191e-04 1.062560e+00
+2.514348e-04 1.298167e+00
-2.118155e-04 1.397899e+00
+6.431376e-04 1.552063e+00
-2.573019e-04 1.706639e+00
-1.398302e-03 1.737307e+00
+3.251645e-04 1.817101e+00
-7.670342e-04 1.795131e+00
-1.122495e-03 1.637099e+00
-3.139085e-04 1.555212e+00
+1.954079e-04 3.807522e-02
+4.175066e-05 8.810328e-02
-9.518323e-05 1.130279e-01
+1.059975e-04 1.894239e-01
-2.377700e-05 2.227824e-01
+1.060361e-04 2.577031e-01
-1.655057e-04 2.848426e-01
+1.253920e-04 3.227304e-01
+2.742800e-04 3.318860e-01
-1.421474e-04 3.515476e-01
+9.030712e-05 3.470812e-01
+3.942172e-05 3.203202e-01
-2.241953e-04 3.020829e-01
-8.426728e-06 7.340840e-03
-8.057644e+00 1.260377e+01
+6.666967e+00 1.474579e+01
-1.993200e+00 2.368964e+01
-4.806477e+00 2.271278e+01
+1.047923e+00 1.907270e+01
-4.107519e+00 2.598753e+01
-2.560329e+00 3.338989e+01
-7.386837e+00 2.648358e+01
-2.279810e+00 2.418720e+01
-1.570402e+00 2.421510e+01
-4.208091e-01 2.437242e+01
+2.221093e+00 2.239165e+01
+2.255343e+01 1.221148e+00
+3.934488e-05 5.544961e-01
+7.938594e-04 6.495559e-01
-4.643394e-04 1.063458e+00
+1.896296e-04 1.299237e+00
-9.103839e-05 1.399098e+00
+4.347436e-04 1.553491e+00
-2.427468e-04 1.707712e+00
-1.084249e-03 1.738279e+00
+1.880228e-04 1.818636e+00
-6.733396e-04 1.796475e+00
-1.107461e-03 1.637872e+00
-4.375233e-04 1.556113e+00
+1.848058e-04 3.814146e-02
+3.429529e-05 8.824505e-02
-1.091246e-04 1.132474e-01
+8.668260e-05 1.897751e-01
-4.540866e-05 2.231782e-01
+1.139333e-04 2.582071e-01
-1.599202e-04 2.854298e-01
+6.977849e-05 3.234426e-01
+2.660206e-04 3.326372e-01
-1.621778e-04 3.522875e-01
+5.971140e-05 3.478374e-01
+7.917886e-06 3.210436e-01
-1.847626e-04 3.027711e-01
-9.043413e-06 7.357482e-03
-8.057641e+00 1.260459e+01
+6.667635e+00 1.474733e+01
-1.993522e+00 2.369590e+01
-4.806302e+00 2.271592e+01
+1.047892e+00 1.907066e+01
-4.107294e+00 2.599017e+01
-2.560607e+00 3.339580e+01
-7.387540e+00 2.648712e+01
-2.279698e+00 2.418268e+01
-1.570963e+00 2.421257e+01
-4.220156e-01 2.437427e+01
+2.220320e+00 2.239224e+01
+2.255361e+01 1.221253e+00
+8.152161e-05 5.550607e-01
+6.625036e-04 6.500827e-01
-3.948431e-04 1.064287e+00
+1.195571e-04 1.300356e+00
+1.412495e-05 1.400263e+00
+2.611082e-04 1.554855e+00
-2.489634e-04 1.709050e+00
-7.825980e-04 1.739556e+00
+1.039315e-05 1.820388e+00
-6.416539e-04 1.798232e+00
-1.103799e-03 1.639052e+00
-5.739210e-04 1.557523e+00
+1.796349e-04 3.819419e-02
+2.687074e-05 8.832357e-02
-1.031531e-04 1.133799e-01
+6.304347e-05 1.899933e-01
-5.350334e-05 2.234102e-01
+1.081369e-04 2.585159e-01
-1.258397e-04 2.857817e-01
+2.337400e-05 3.238863e-01
+2.335057e-04 3.330995e-01
-1.891078e-04 3.527557e-01
+1.905959e-05 3.483163e-01
-2.186166e-06 3.214923e-01
-1.411333e-04 3.031961e-01
-5.518942e-06 7.366723e-03
-8.057510e+00 1.260537e+01
+6.668223e+00 1.474884e+01
-1.993917e+00 2.370082e+01
-4.806251e+00 2.271880e+01
+1.047982e+00 1.906969e+01
-4.107124e+00 2.599436e+01
-2.560898e+00 3.339998e+01
-7.388177e+00 2.648967e+01
-2.279864e+00 2.418011e+01
-1.571604e+00 2.420806e+01
-4.230834e-01 2.437439e+01
+2.219766e+00 2.239669e+01
+2.255379e+01 1.221359e+00
+9.640869e-05 5.550882e-01
+5.843579e-04 6.500434e-01
-3.534291e-04 1.064161e+00
+7.346813e-05 1.300367e+00
+1.087730e-04 1.400290e+00
+1.964485e-04 1.554702e+00
-2.459226e-04 1.708927e+00
-6.187333e-04 1.739504e+00
-1.992027e-04 1.820547e+00
-6.621543e-04 1.798335e+00
-1.103159e-03 1.639017e+00
-6.805310e-04 1.557540e+00
+1.783790e-04 3.819155e-02
+1.870108e-05 8.832098e-02
-8.704051e-05 1.133780e-01
+4.456588e-05 1.899885e-01
-5.343493e-05 2.233982e-01
+9.726242e-05 2.585169e-01
-9.304551e-05 2.857780e-01
+1.287498e-06 3.238870e-01
+1.994931e-04 3.330968e-01
-2.060746e-04 3.527420e-01
-7.441304e-06 3.483102e-01
-9.482398e-07 3.214818e-01
-9.983598e-05 3.031869e-01
-1.561448e-06 7.366786e-03
-8.057379e+00 1.260616e+01
+6.668812e+00 1.475036e+01
-1.994311e+00 2.370574e+01
-4.806200e+00 2.272168e+01
+1.048073e+00 1.906872e+01
-4.106955e+00 2.599856e+01
-2.561190e+00 3.340415e+01
-7.388814e+00 2.649223e+01
-2.280029e+00 2.417753e+01
-1.572245e+00 2.420354e+01
-4.241512e-01 2.437451e+01
+2.219213e+00 2.240114e+01
+2.255397e+01 1.221465e+00
+1.112958e-04 5.551156e-01
+5.062122e-04 6.500041e-01
-3.120151e-04 1.064036e+00
+2.737917e-05 1.300378e+00
+2.034211e-04 1.400317e+00
+1.317889e-04 1.554549e+00
-2.428818e-04 1.708804e+00
-4.548686e-04 1.739452e+00
-4.087986e-04 1.820705e+00
-6.826547e-04 1.798438e+00
-1.102519e-03 1.638982e+00
-7.871410e-04 1.557557e+00
+1.771232e-04 3.818891e-02
+1.053142e-05 8.831838e-02
-7.092792e-05 1.133761e-01
+2.608828e-05 1.899837e-01
-5.336653e-05 2.233863e-01
+8.638796e-05 2.585178e-01
-6.025136e-05 2.857744e-01
-2.079901e-05 3.238877e-01
+1.654805e-04 3.330941e-01
-2.230414e-04 3.527284e-01
-3.394219e-05 3.483041e-01
+2.896867e-07 3.214713e-01
-5.853864e-05 3.031776e-01
+2.396046e-06 7.366848e-03
-8.057293e+00 1.260787e+01
+6.669300e+00 1.475249e+01
-1.994573e+00 2.371184e+01
-4.806161e+00 2.272547e+01
+1.048376e+00 1.906982e+01
-4.106706e+00 2.600274e+01
-2.561267e+00 3.340341e+01
-7.389294e+00 2.649043e+01
-2.280640e+00 2.417375e+01
-1.573072e+00 2.420062e+01
-4.252571e-01 2.437396e+01
+2.218244e+00 2.240441e+01
+2.255414e+01 1.221545e+00
+1.179633e-04 5.546057e-01
+4.368026e-04 6.494197e-01
-2.829241e-04 1.063044e+00
-3.145606e-05 1.299423e+00
+3.006255e-04 1.399071e+00
+3.417570e-05 1.552900e+00
-2.393503e-04 1.707405e+00
-2.506487e-04 1.738030e+00
-6.327545e-04 1.819286e+00
-6.900457e-04 1.797137e+00
-1.112842e-03 1.637624e+00
-8.300930e-04 1.556355e+00
+1.782544e-04 3.812378e-02
+4.218184e-06 8.822851e-02
-5.263823e-05 1.132319e-01
-1.383891e-06 1.897302e-01
-5.713530e-05 2.231116e-01
+6.370919e-05 2.582100e-01
-1.564959e-05 2.853924e-01
-6.428466e-05 3.234248e-01
+1.178735e-04 3.326104e-01
-2.055697e-04 3.522226e-01
-5.922735e-05 3.477959e-01
+1.299464e-06 3.210102e-01
+7.496918e-06 3.027225e-01
+6.716869e-06 7.358193e-03
-8.057243e+00 1.260962e+01
+6.669698e+00 1.475456e+01
-1.994834e+00 2.371501e+01
-4.806014e+00 2.272842e+01
+1.048697e+00 1.907208e+01
-4.106686e+00 2.600811e+01
-2.561259e+00 3.340189e+01
-7.389343e+00 2.648645e+01
-2.281433e+00 2.417122e+01
-1.573711e+00 2.420071e+01
-4.263395e-01 2.437159e+01
+2.217246e+00 2.240508e+01
+2.255432e+01 1.221581e+00
+1.333430e-04 5.538705e-01
+3.621910e-04 6.487292e-01
-2.572297e-04 1.062081e+00
-9.853782e-05 1.298380e+00
+3.710098e-04 1.397923e+00
-4.825869e-05 1.551299e+00
-3.401018e-04 1.706113e+00
-5.794367e-05 1.737013e+00
-8.315671e-04 1.818087e+00
-7.093173e-04 1.795966e+00
-1.084626e-03 1.636518e+00
-7.939440e-04 1.555680e+00
+1.842887e-04 3.804892e-02
+3.641709e-07 8.807039e-02
-3.009309e-05 1.130110e-01
-3.246340e-05 1.893324e-01
-5.049515e-05 2.226806e-01
+3.381457e-05 2.576888e-01
+5.508972e-05 2.847966e-01
-1.232396e-04 3.227220e-01
+3.070528e-05 3.318417e-01
-1.643106e-04 3.514601e-01
-7.506889e-05 3.470494e-01
-3.290877e-06 3.202799e-01
+7.214129e-05 3.020033e-01
+1.084055e-05 7.341100e-03
-8.057216e+00 1.261159e+01
+6.670185e+00 1.475752e+01
-1.995156e+00 2.371850e+01
-4.805985e+00 2.273146e+01
+1.049022e+00 1.907403e+01
-4.106717e+00 2.601191e+01
-2.561291e+00 3.340389e+01
-7.389406e+00 2.648515e+01
-2.282206e+00 2.416831e+01
-1.574378e+00 2.420049e+01
-4.274885e-01 2.437238e+01
+2.216581e+00 2.240650e+01
+2.255451e+01 1.221569e+00
+1.536487e-04 5.530691e-01
+3.010659e-04 6.479591e-01
-2.748099e-04 1.060844e+00
-1.806822e-04 1.297216e+00
+3.957825e-04 1.396829e+00
-7.924439e-05 1.549785e+00
-4.957075e-04 1.704561e+00
+7.254729e-05 1.735817e+00
-8.707586e-04 1.816859e+00
-7.165699e-04 1.794528e+00
-1.076820e-03 1.635392e+00
-6.736544e-04 1.554794e+00
+1.896881e-04 3.798446e-02
-2.678921e-07 8.787628e-02
-1.236324e-06 1.127563e-01
-4.893515e-05 1.888902e-01
-1.651452e-05 2.221896e-01
+1.627922e-06 2.570239e-01
+1.332780e-04 2.840614e-01
-1.742865e-04 3.219267e-01
-8.863172e-05 3.309493e-01
-1.327600e-04 3.505244e-01
-1.022879e-04 3.462105e-01
-1.312454e-05 3.194333e-01
+1.023181e-04 3.011922e-01
+1.104922e-05 7.316059e-03
-8.057156e+00 1.261333e+01
+6.670551e+00 1.476099e+01
-1.995399e+00 2.372243e+01
-4.805944e+00 2.273623e+01
+1.049317e+00 1.907841e+01
-4.106607e+00 2.601455e+01
-2.561717e+00 3.340440e+01
-7.389441e+00 2.648723e+01
-2.283086e+00 2.416405e+01
-1.575183e+00 2.419865e+01
-4.284306e-01 2.437332e+01
+2.215937e+00 2.241082e+01
+2.255471e+01 1.221558e+00
+1.796778e-04 5.522322e-01
+2.588429e-04 6.472893e-01
-2.949509e-04 1.059702e+00
-2.096238e-04 1.295940e+00
+4.085599e-04 1.395654e+00
-2.174349e-05 1.548505e+00
-7.009874e-04 1.703182e+00
+5.651618e-05 1.734348e+00
-8.780040e-04 1.815755e+00
-6.760593e-04 1.793336e+00
-1.092290e-03 1.634171e+00
-5.705621e-04 1.553673e+00
+1.956128e-04 3.791712e-02
-5.037665e-07 8.768382e-02
+3.219033e-05 1.124888e-01
-4.714068e-05 1.884505e-01
+3.289766e-05 2.217108e-01
-3.443347e-05 2.563995e-01
+1.837312e-04 2.833264e-01
-2.083833e-04 3.211354e-01
-1.888696e-04 3.301502e-01
-1.126986e-04 3.495999e-01
-1.372857e-04 3.453466e-01
-3.689849e-05 3.186463e-01
+9.331048e-05 3.004608e-01
+7.740882e-06 7.291295e-03
