-5.153781e-01 4.785479e+00
+3.099372e+00 5.051553e+00
-2.385331e+00 7.650181e+00
-2.229767e-01 9.233079e+00
-1.058982e+00 9.731746e+00
-7.495969e-01 1.074028e+01
+2.330990e-01 1.157925e+01
-6.671891e-01 1.233617e+01
-1.503752e+00 1.252334e+01
-1.336868e+00 1.229992e+01
-2.104793e+00 1.225704e+01
-2.059077e+00 1.039379e+01
+2.369351e+01 8.618995e-01
+4.595155e-04 2.534430e-01
+3.788848e-04 3.784237e-01
+6.198807e-04 5.440632e-01
+1.819488e-04 7.565325e-01
-3.102484e-04 8.866762e-01
+4.643718e-04 9.978048e-01
-2.127105e-04 1.107991e+00
-2.243549e-04 1.239576e+00
+3.388568e-04 1.265411e+00
-2.587900e-04 1.212582e+00
-1.639758e-04 1.129364e+00
-1.022536e-03 1.026579e+00
+7.471756e-05 6.850754e-02
-6.770128e-05 4.457241e-02
-1.203552e-04 7.163966e-02
-3.959492e-05 1.031383e-01
-7.042292e-05 1.419518e-01
-1.689815e-04 1.746190e-01
-2.074126e-04 1.982429e-01
-5.169606e-06 2.191984e-01
+1.260556e-04 2.482360e-01
+1.231706e-04 2.519688e-01
+1.433924e-04 2.431171e-01
+2.526642e-04 2.257495e-01
+9.797214e-05 2.058100e-01
+3.044042e-05 1.366382e-02
-5.150718e-01 4.784725e+00
+3.099502e+00 5.052059e+00
-2.384913e+00 7.650910e+00
-2.228247e-01 9.231989e+00
-1.059575e+00 9.733269e+00
-7.496513e-01 1.073975e+01
+2.328524e-01 1.157844e+01
-6.670531e-01 1.233581e+01
-1.503316e+00 1.252235e+01
-1.336901e+00 1.229753e+01
-2.104595e+00 1.225704e+01
-2.059545e+00 1.039210e+01
+2.369361e+01 8.615583e-01
+3.873969e-04 2.535255e-01
+3.265390e-04 3.784366e-01
+5.740835e-04 5.439334e-01
+1.505493e-04 7.562079e-01
-3.792536e-04 8.863838e-01
+3.848380e-04 9.974222e-01
-1.838688e-04 1.107493e+00
-8.031140e-05 1.239226e+00
+4.699675e-04 1.264651e+00
-1.751095e-04 1.212081e+00
-7.027699e-05 1.128684e+00
-8.839829e-04 1.026055e+00
+9.237527e-05 6.861529e-02
-7.009879e-05 4.464814e-02
-1.190308e-04 7.179853e-02
-7.856770e-05 1.033431e-01
-6.401216e-05 1.422104e-01
-1.174576e-04 1.749932e-01
-1.680186e-04 1.986449e-01
+9.457741e-06 2.196292e-01
+1.287634e-04 2.487866e-01
+7.604425e-05 2.525010e-01
+1.122859e-04 2.436097e-01
+2.256847e-04 2.262345e-01
+9.098536e-05 2.062710e-01
+2.125170e-05 1.370139e-02
-5.148276e-01 4.784048e+00
+3.099599e+00 5.051948e+00
-2.384494e+00 7.650901e+00
-2.227167e-01 9.232358e+00
-1.060027e+00 9.734487e+00
-7.496596e-01 1.073945e+01
+2.327935e-01 1.157937e+01
-6.669537e-01 1.233555e+01
-1.502697e+00 1.252150e+01
-1.336856e+00 1.229499e+01
-2.104561e+00 1.225612e+01
-2.059837e+00 1.039074e+01
+2.369374e+01 8.612700e-01
+3.321928e-04 2.535790e-01
+2.544225e-04 3.784954e-01
+4.691719e-04 5.438636e-01
+9.931131e-05 7.558993e-01
-4.111785e-04 8.861067e-01
+2.584883e-04 9.969837e-01
-1.715870e-04 1.106949e+00
+1.566870e-05 1.238858e+00
+4.935888e-04 1.264066e+00
-7.532208e-05 1.211595e+00
+3.400850e-05 1.128097e+00
-8.099216e-04 1.025432e+00
+1.041159e-04 6.872049e-02
-5.825756e-05 4.473374e-02
-1.228444e-04 7.196268e-02
-1.043611e-04 1.035583e-01
-4.482071e-05 1.425130e-01
-7.451553e-05 1.754247e-01
-1.247657e-04 1.991275e-01
+3.837290e-05 2.201688e-01
+1.187644e-04 2.494275e-01
-9.863680e-07 2.531216e-01
+7.329718e-05 2.441976e-01
+1.977116e-04 2.267920e-01
+7.470324e-05 2.068373e-01
+1.267767e-05 1.374046e-02
-5.146744e-01 4.783439e+00
+3.099640e+00 5.052210e+00
-2.384302e+00 7.651070e+00
-2.226981e-01 9.231562e+00
-1.060449e+00 9.735089e+00
-7.493000e-01 1.073925e+01
+2.327588e-01 1.157957e+01
-6.666499e-01 1.233603e+01
-1.501856e+00 1.252016e+01
-1.336670e+00 1.229421e+01
-2.104209e+00 1.225747e+01
-2.060543e+00 1.038936e+01
+2.369384e+01 8.610337e-01
+2.893493e-04 2.535987e-01
+1.432332e-04 3.785257e-01
+3.393157e-04 5.437587e-01
+8.337008e-05 7.555673e-01
-4.165928e-04 8.858963e-01
+2.156628e-04 9.966573e-01
-4.260986e-05 1.106441e+00
+1.049972e-04 1.238490e+00
+3.998790e-04 1.263626e+00
-3.389421e-05 1.210971e+00
+1.406871e-04 1.127436e+00
-7.219505e-04 1.025018e+00
+1.079571e-04 6.882145e-02
-4.082893e-05 4.481811e-02
-1.245452e-04 7.211927e-02
-1.024160e-04 1.037630e-01
-1.122510e-05 1.428086e-01
-4.943369e-05 1.758192e-01
-1.078054e-04 1.995977e-01
+7.895872e-05 2.206816e-01
+1.037079e-04 2.500249e-01
-7.973287e-05 2.537056e-01
+3.254940e-05 2.448176e-01
+1.604240e-04 2.273599e-01
+9.517460e-05 2.073649e-01
+8.113756e-06 1.377181e-02
-5.143796e-01 4.782241e+00
+3.099712e+00 5.052297e+00
-2.384146e+00 7.650945e+00
-2.227298e-01 9.230629e+00
-1.060987e+00 9.735356e+00
-7.493544e-01 1.073894e+01
+2.327013e-01 1.158154e+01
-6.665833e-01 1.233634e+01
-1.501678e+00 1.251993e+01
-1.336600e+00 1.229261e+01
-2.103990e+00 1.225790e+01
-2.061094e+00 1.038706e+01
+2.369395e+01 8.607732e-01
+2.656730e-04 2.537013e-01
+3.031167e-05 3.787415e-01
+2.428123e-04 5.439188e-01
+1.107077e-04 7.557235e-01
-4.440112e-04 8.862573e-01
+1.480203e-04 9.971189e-01
+7.708897e-05 1.106946e+00
+2.099109e-04 1.239099e+00
+2.492183e-04 1.264194e+00
-4.041727e-05 1.211460e+00
+2.635175e-04 1.127593e+00
-6.185831e-04 1.025616e+00
+1.102564e-04 6.891287e-02
-2.761661e-05 4.487243e-02
-1.175892e-04 7.222637e-02
-8.126803e-05 1.039101e-01
+2.509953e-05 1.430222e-01
-3.387647e-05 1.760807e-01
-9.305332e-05 1.999120e-01
+1.109315e-04 2.210288e-01
+9.721308e-05 2.504290e-01
-1.230728e-04 2.541178e-01
-7.250793e-06 2.452607e-01
+1.157561e-04 2.277751e-01
+1.338785e-04 2.077328e-01
+5.988754e-06 1.378994e-02
-5.141083e-01 4.781267e+00
+3.099644e+00 5.052177e+00
-2.383883e+00 7.651511e+00
-2.225061e-01 9.229981e+00
-1.061433e+00 9.734513e+00
-7.491969e-01 1.073836e+01
+2.329507e-01 1.158100e+01
-6.662299e-01 1.233556e+01
-1.501483e+00 1.252022e+01
-1.336713e+00 1.229091e+01
-2.103620e+00 1.225762e+01
-2.061552e+00 1.038675e+01
+2.369406e+01 8.604520e-01
+2.460233e-04 2.537022e-01
-7.465715e-05 3.787897e-01
+1.951637e-04 5.439038e-01
+1.609553e-04 7.556736e-01
-4.660045e-04 8.860925e-01
+4.818903e-05 9.971094e-01
+1.942326e-04 1.106804e+00
+2.976627e-04 1.238955e+00
+1.203132e-04 1.264186e+00
-6.361030e-05 1.211621e+00
+3.361105e-04 1.127490e+00
-4.479632e-04 1.025808e+00
+1.172112e-04 6.891725e-02
-1.879313e-05 4.487360e-02
-1.026455e-04 7.223031e-02
-5.846644e-05 1.039105e-01
+5.003691e-05 1.430273e-01
-2.142095e-05 1.760759e-01
-9.252433e-05 1.998983e-01
+1.204930e-04 2.210200e-01
+9.049003e-05 2.504257e-01
-1.372514e-04 2.541075e-01
-3.058399e-05 2.452648e-01
+6.899444e-05 2.277749e-01
+1.682608e-04 2.077373e-01
+5.597842e-06 1.379028e-02
-5.138370e-01 4.780292e+00
+3.099576e+00 5.052057e+00
-2.383620e+00 7.652077e+00
-2.222823e-01 9.229332e+00
-1.061879e+00 9.733669e+00
-7.490394e-01 1.073778e+01
+2.332000e-01 1.158047e+01
-6.658765e-01 1.233477e+01
-1.501288e+00 1.252051e+01
-1.336825e+00 1.228921e+01
-2.103250e+00 1.225734e+01
-2.062011e+00 1.038644e+01
+2.369417e+01 8.601308e-01
+2.263736e-04 2.537032e-01
-1.796260e-04 3.788380e-01
+1.475151e-04 5.438887e-01
+2.112028e-04 7.556237e-01
-4.879977e-04 8.859277e-01
-5.164227e-05 9.970999e-01
+3.113762e-04 1.106662e+00
+3.854145e-04 1.238811e+00
-8.591871e-06 1.264177e+00
-8.680333e-05 1.211782e+00
+4.087035e-04 1.127388e+00
-2.773434e-04 1.026000e+00
+1.241660e-04 6.892164e-02
-9.969647e-06 4.487476e-02
-8.770174e-05 7.223424e-02
-3.566486e-05 1.039110e-01
+7.497429e-05 1.430323e-01
-8.965430e-06 1.760710e-01
-9.199535e-05 1.998847e-01
+1.300545e-04 2.210112e-01
+8.376699e-05 2.504224e-01
-1.514301e-04 2.540972e-01
-5.391719e-05 2.452689e-01
+2.223273e-05 2.277747e-01
+2.026431e-04 2.077417e-01
+5.206930e-06 1.379062e-02
-5.137156e-01 4.779283e+00
+3.099334e+00 5.052597e+00
-2.383589e+00 7.652873e+00
-2.221171e-01 9.229400e+00
-1.062333e+00 9.732757e+00
-7.492166e-01 1.073587e+01
+2.334806e-01 1.157950e+01
-6.655150e-01 1.233372e+01
-1.501449e+00 1.252309e+01
-1.336876e+00 1.228981e+01
-2.102898e+00 1.225792e+01
-2.062324e+00 1.038710e+01
+2.369431e+01 8.597464e-01
+2.150335e-04 2.535919e-01
-2.650252e-04 3.786708e-01
+9.463212e-05 5.437191e-01
+2.833070e-04 7.553011e-01
-5.017043e-04 8.854749e-01
-1.471276e-04 9.966804e-01
+4.427114e-04 1.106026e+00
+4.696957e-04 1.237968e+00
-1.574734e-04 1.263804e+00
-1.636213e-04 1.211479e+00
+4.130665e-04 1.126958e+00
-5.126642e-05 1.025850e+00
+1.289915e-04 6.883726e-02
+3.652959e-06 4.482888e-02
-5.198900e-05 7.214235e-02
+8.383922e-07 1.037624e-01
+1.040907e-04 1.428300e-01
+1.769027e-05 1.757929e-01
-7.340325e-05 1.995382e-01
+1.323308e-04 2.206248e-01
+6.207399e-05 2.499926e-01
-1.738365e-04 2.536562e-01
-7.345197e-05 2.448501e-01
-2.285631e-05 2.273620e-01
+2.228961e-04 2.073975e-01
+2.760471e-06 1.377402e-02
-5.135738e-01 4.778547e+00
+3.099007e+00 5.053049e+00
-2.383573e+00 7.653566e+00
-2.219457e-01 9.229849e+00
-1.062907e+00 9.732190e+00
-7.492947e-01 1.073544e+01
+2.338626e-01 1.157939e+01
-6.649199e-01 1.233448e+01
-1.501083e+00 1.252410e+01
-1.336746e+00 1.228876e+01
-2.102250e+00 1.225690e+01
-2.062296e+00 1.038798e+01
+2.369443e+01 8.593242e-01
+2.101393e-04 2.535590e-01
-3.152570e-04 3.786992e-01
+5.697369e-05 5.438436e-01
+3.696695e-04 7.555213e-01
-4.516969e-04 8.856405e-01
-1.733867e-04 9.969735e-01
+6.136779e-04 1.106336e+00
+5.357252e-04 1.238197e+00
-3.229660e-04 1.264278e+00
-2.037119e-04 1.212082e+00
+3.451703e-04 1.127488e+00
+1.472615e-04 1.026460e+00
+1.296150e-04 6.874466e-02
+1.621837e-05 4.475751e-02
-1.352572e-05 7.199869e-02
+4.339086e-05 1.035577e-01
+1.231332e-04 1.425418e-01
+5.892249e-05 1.754012e-01
-5.501076e-05 1.990697e-01
+1.235939e-04 2.200772e-01
+1.970903e-05 2.493806e-01
-2.038437e-04 2.530562e-01
-9.650398e-05 2.442583e-01
-5.261633e-05 2.267937e-01
+2.258368e-04 2.069226e-01
+6.566797e-07 1.374418e-02
-5.134007e-01 4.778735e+00
+3.098821e+00 5.053105e+00
-2.383575e+00 7.654829e+00
-2.216681e-01 9.230027e+00
-1.063379e+00 9.732160e+00
-7.494007e-01 1.073463e+01
+2.342648e-01 1.157835e+01
-6.644589e-01 1.233235e+01
-1.501080e+00 1.252508e+01
-1.336974e+00 1.228874e+01
-2.102091e+00 1.225795e+01
-2.062161e+00 1.038864e+01
+2.369455e+01 8.588174e-01
+2.260178e-04 2.535539e-01
-2.792274e-04 3.787462e-01
+8.021129e-05 5.439065e-01
+4.697981e-04 7.557415e-01
-3.625456e-04 8.858709e-01
-1.439434e-04 9.973619e-01
+7.284028e-04 1.106655e+00
+5.360308e-04 1.238448e+00
-5.212919e-04 1.264801e+00
-2.431742e-04 1.212694e+00
+3.217670e-04 1.128118e+00
+2.889171e-04 1.027265e+00
+1.220617e-04 6.864984e-02
+2.797560e-05 4.467553e-02
+8.789930e-06 7.183800e-02
+8.923763e-05 1.033465e-01
+1.249614e-04 1.422445e-01
+9.338979e-05 1.749976e-01
-5.795768e-05 1.985867e-01
+9.491222e-05 2.195318e-01
-9.103934e-06 2.487239e-01
-2.119760e-04 2.524502e-01
-1.210469e-04 2.436527e-01
-3.910532e-05 2.262050e-01
+2.141236e-04 2.064160e-01
-1.738190e-06 1.370411e-02
-5.132860e-01 4.779365e+00
+3.098653e+00 5.053022e+00
-2.383608e+00 7.655109e+00
-2.214016e-01 9.230284e+00
-1.063587e+00 9.730767e+00
-7.493140e-01 1.073451e+01
+2.348706e-01 1.157757e+01
-6.640182e-01 1.233103e+01
-1.501156e+00 1.252394e+01
-1.336808e+00 1.228782e+01
-2.102057e+00 1.225730e+01
-2.062145e+00 1.038851e+01
+2.369466e+01 8.584038e-01
+2.303788e-04 2.535285e-01
-2.627911e-04 3.787746e-01
+1.006297e-04 5.440401e-01
+5.236022e-04 7.559882e-01
-2.159404e-04 8.860977e-01
-1.411763e-04 9.978370e-01
+8.232778e-04 1.106938e+00
+4.641033e-04 1.238801e+00
-7.511938e-04 1.265459e+00
-3.273492e-04 1.213335e+00
+3.186474e-04 1.128739e+00
+4.001764e-04 1.028175e+00
+1.192456e-04 6.854880e-02
+4.756149e-05 4.460569e-02
+7.032554e-06 7.169897e-02
+1.211243e-04 1.031474e-01
+1.107136e-04 1.419846e-01
+8.995739e-05 1.746237e-01
-8.219222e-05 1.981676e-01
+5.788161e-05 2.190687e-01
-1.226980e-05 2.481513e-01
-1.926232e-04 2.518868e-01
-1.610915e-04 2.430928e-01
-1.847491e-05 2.256804e-01
+2.070781e-04 2.059676e-01
-3.468980e-06 1.366505e-02
