-6.113122e-01 2.496022e+00
+2.815426e+00 2.876698e+00
-2.881787e+00 3.884055e+00
-1.467166e-01 5.310535e+00
-1.066249e+00 6.786198e+00
-9.165665e-01 7.985598e+00
+4.369701e-01 8.619917e+00
-6.737896e-01 9.996889e+00
-1.498061e+00 1.013292e+01
-1.414532e+00 1.012634e+01
-2.324186e+00 1.041568e+01
-2.170059e+00 8.938177e+00
+2.370403e+01 8.675798e-01
+4.381201e-04 1.545146e-01
+3.685162e-04 2.854325e-01
+6.140462e-04 3.889644e-01
+1.619492e-04 5.443538e-01
-2.753249e-04 7.380341e-01
+4.903217e-04 8.692944e-01
-2.509723e-04 9.540638e-01
-2.450116e-04 1.113261e+00
+2.936907e-04 1.134615e+00
-2.908340e-04 1.096321e+00
-2.105016e-04 1.022202e+00
-1.057496e-03 9.445113e-01
+7.437120e-05 6.922861e-02
-6.760548e-05 3.122385e-02
-1.210253e-04 5.881222e-02
-4.611623e-05 8.100944e-02
-7.611635e-05 1.112636e-01
-1.755871e-04 1.528196e-01
-2.210895e-04 1.790150e-01
-1.567836e-06 1.942216e-01
+1.133535e-04 2.281883e-01
+1.155689e-04 2.310600e-01
+1.479470e-04 2.245764e-01
+2.529119e-04 2.084807e-01
+1.066100e-04 1.928100e-01
+3.045540e-05 1.381447e-02
-6.110139e-01 2.495329e+00
+2.815555e+00 2.877231e+00
-2.881369e+00 3.885180e+00
-1.465669e-01 5.309509e+00
-1.066817e+00 6.787784e+00
-9.166070e-01 7.985148e+00
+4.367018e-01 8.619295e+00
-6.736724e-01 9.996573e+00
-1.497642e+00 1.013182e+01
-1.414575e+00 1.012407e+01
-2.324011e+00 1.041580e+01
-2.170537e+00 8.936552e+00
+2.370413e+01 8.672516e-01
+3.655688e-04 1.545980e-01
+3.155630e-04 2.854420e-01
+5.654823e-04 3.888258e-01
+1.285192e-04 5.440310e-01
-3.464540e-04 7.377508e-01
+4.084092e-04 8.689141e-01
-2.185573e-04 9.535701e-01
-1.062255e-04 1.112919e+00
+4.236043e-04 1.133825e+00
-2.052537e-04 1.095814e+00
-1.112271e-04 1.021521e+00
-9.105259e-04 9.439907e-01
+9.213298e-05 6.933646e-02
-6.930763e-05 3.129957e-02
-1.198299e-04 5.897093e-02
-8.391976e-05 8.121445e-02
-6.888033e-05 1.115228e-01
-1.245901e-04 1.531957e-01
-1.803441e-04 1.794152e-01
+1.410096e-05 1.946516e-01
+1.175668e-04 2.287385e-01
+6.843602e-05 2.315902e-01
+1.161991e-04 2.250692e-01
+2.278016e-04 2.089641e-01
+1.008339e-04 1.932726e-01
+2.122986e-05 1.385203e-02
-6.107855e-01 2.494718e+00
+2.815650e+00 2.877145e+00
-2.880958e+00 3.885593e+00
-1.464770e-01 5.309957e+00
-1.067252e+00 6.789184e+00
-9.166083e-01 7.984935e+00
+4.366374e-01 8.620452e+00
-6.736049e-01 9.996419e+00
-1.497079e+00 1.013088e+01
-1.414556e+00 1.012169e+01
-2.324005e+00 1.041495e+01
-2.170835e+00 8.935253e+00
+2.370426e+01 8.669658e-01
+3.126919e-04 1.546512e-01
+2.415731e-04 2.854969e-01
+4.593657e-04 3.887475e-01
+7.547177e-05 5.437297e-01
-3.850450e-04 7.374844e-01
+2.768114e-04 8.684741e-01
-1.989706e-04 9.530276e-01
-1.093936e-05 1.112550e+00
+4.465756e-04 1.133240e+00
-1.020105e-04 1.095333e+00
-4.895676e-07 1.020928e+00
-8.264682e-04 9.433607e-01
+1.038595e-04 6.944175e-02
-5.578629e-05 3.138527e-02
-1.227426e-04 5.913492e-02
-1.076288e-04 8.142929e-02
-4.757060e-05 1.118252e-01
-8.082545e-05 1.536284e-01
-1.346236e-04 1.798966e-01
+4.336803e-05 1.951922e-01
+1.106832e-04 2.293787e-01
-6.333858e-06 2.322060e-01
+7.868896e-05 2.256574e-01
+2.012672e-04 2.095202e-01
+8.289857e-05 1.938406e-01
+1.261244e-05 1.389108e-02
-6.106510e-01 2.494142e+00
+2.815678e+00 2.877423e+00
-2.880780e+00 3.885949e+00
-1.464843e-01 5.309262e+00
-1.067660e+00 6.789819e+00
-9.162273e-01 7.984873e+00
+4.365749e-01 8.620838e+00
-6.733155e-01 9.996931e+00
-1.496285e+00 1.012949e+01
-1.414388e+00 1.012104e+01
-2.323672e+00 1.041641e+01
-2.171561e+00 8.933710e+00
+2.370436e+01 8.667217e-01
+2.736052e-04 1.546701e-01
+1.318307e-04 2.855250e-01
+3.283750e-04 3.886334e-01
+5.864781e-05 5.434011e-01
-3.949423e-04 7.372809e-01
+2.308878e-04 8.681410e-01
-6.526231e-05 9.525162e-01
+7.624268e-05 1.112191e+00
+3.508243e-04 1.132779e+00
-5.410089e-05 1.094724e+00
+1.116917e-04 1.020257e+00
-7.345389e-04 9.429491e-01
+1.076293e-04 6.954276e-02
-3.672768e-05 3.146960e-02
-1.223324e-04 5.929138e-02
-1.036394e-04 8.163315e-02
-1.115457e-05 1.121208e-01
-5.401108e-05 1.540240e-01
-1.152868e-04 1.803672e-01
+8.410953e-05 1.957044e-01
+9.806600e-05 2.299781e-01
-8.207514e-05 2.327876e-01
+3.905644e-05 2.262760e-01
+1.643608e-04 2.100868e-01
+1.011651e-04 1.943695e-01
+8.053254e-06 1.392244e-02
-6.103632e-01 2.492999e+00
+2.815739e+00 2.877526e+00
-2.880635e+00 3.885957e+00
-1.465390e-01 5.308487e+00
-1.068183e+00 6.790174e+00
-9.162726e-01 7.984625e+00
+4.365049e-01 8.622898e+00
-6.732768e-01 9.997262e+00
-1.496148e+00 1.012924e+01
-1.414326e+00 1.011957e+01
-2.323474e+00 1.041684e+01
-2.172111e+00 8.931203e+00
+2.370447e+01 8.664604e-01
+2.557003e-04 1.547716e-01
+2.276986e-05 2.857352e-01
+2.329218e-04 3.887863e-01
+9.002436e-05 5.435612e-01
-4.239418e-04 7.376603e-01
+1.602834e-04 8.685943e-01
+5.784735e-05 9.530221e-01
+1.793322e-04 1.112816e+00
+2.039921e-04 1.133321e+00
-5.171409e-05 1.095229e+00
+2.398347e-04 1.020416e+00
-6.279267e-04 9.435411e-01
+1.098936e-04 6.963422e-02
-2.263784e-05 3.152381e-02
-1.131326e-04 5.939821e-02
-8.067655e-05 8.177981e-02
+2.798115e-05 1.123348e-01
-3.596971e-05 1.542868e-01
-9.796256e-05 1.806824e-01
+1.160415e-04 1.960508e-01
+9.302683e-05 2.303839e-01
-1.226104e-04 2.332016e-01
-5.044251e-07 2.267178e-01
+1.198280e-04 2.105015e-01
+1.380077e-04 1.947387e-01
+5.969265e-06 1.394058e-02
-6.100972e-01 2.492075e+00
+2.815671e+00 2.877326e+00
-2.880382e+00 3.886792e+00
-1.463285e-01 5.307917e+00
-1.068606e+00 6.789409e+00
-9.161040e-01 7.984087e+00
+4.367386e-01 8.622243e+00
-6.729565e-01 9.996652e+00
-1.496001e+00 1.012934e+01
-1.414447e+00 1.011808e+01
-2.323127e+00 1.041672e+01
-2.172582e+00 8.930703e+00
+2.370458e+01 8.661475e-01
+2.412468e-04 1.547713e-01
-7.622191e-05 2.857785e-01
+1.872225e-04 3.887647e-01
+1.455867e-04 5.435103e-01
-4.469014e-04 7.375031e-01
+5.585613e-05 8.685783e-01
+1.813262e-04 9.528876e-01
+2.630980e-04 1.112694e+00
+7.661296e-05 1.133293e+00
-6.861846e-05 1.095400e+00
+3.160840e-04 1.020316e+00
-4.535075e-04 9.437344e-01
+1.168827e-04 6.963869e-02
-1.342421e-05 3.152492e-02
-9.685061e-05 5.940215e-02
-5.629266e-05 8.177975e-02
+5.505214e-05 1.123400e-01
-2.175686e-05 1.542827e-01
-9.530512e-05 1.806694e-01
+1.262089e-04 1.960418e-01
+8.801772e-05 2.303816e-01
-1.342930e-04 2.331921e-01
-2.444628e-05 2.267211e-01
+7.341032e-05 2.105003e-01
+1.718077e-04 1.947443e-01
+5.627175e-06 1.394092e-02
-6.098313e-01 2.491150e+00
+2.815604e+00 2.877126e+00
-2.880129e+00 3.887626e+00
-1.461180e-01 5.307348e+00
-1.069029e+00 6.788645e+00
-9.159354e-01 7.983550e+00
+4.369724e-01 8.621587e+00
-6.726363e-01 9.996042e+00
-1.495854e+00 1.012944e+01
-1.414567e+00 1.011659e+01
-2.322781e+00 1.041659e+01
-2.173054e+00 8.930202e+00
+2.370469e+01 8.658346e-01
+2.267932e-04 1.547709e-01
-1.752137e-04 2.858218e-01
+1.415232e-04 3.887432e-01
+2.011490e-04 5.434594e-01
-4.698609e-04 7.373458e-01
-4.857111e-05 8.685623e-01
+3.048051e-04 9.527531e-01
+3.468637e-04 1.112572e+00
-5.076617e-05 1.133264e+00
-8.552283e-05 1.095571e+00
+3.923334e-04 1.020217e+00
-2.790883e-04 9.439277e-01
+1.238717e-04 6.964316e-02
-4.210582e-06 3.152602e-02
-8.056858e-05 5.940610e-02
-3.190878e-05 8.177968e-02
+8.212312e-05 1.123453e-01
-7.544009e-06 1.542786e-01
-9.264767e-05 1.806564e-01
+1.363764e-04 1.960327e-01
+8.300862e-05 2.303793e-01
-1.459757e-04 2.331827e-01
-4.838813e-05 2.267243e-01
+2.699264e-05 2.104991e-01
+2.056077e-04 1.947499e-01
+5.285084e-06 1.394126e-02
-6.097107e-01 2.490161e+00
+2.815365e+00 2.877504e+00
-2.880097e+00 3.888454e+00
-1.459668e-01 5.307454e+00
-1.069471e+00 6.787771e+00
-9.161166e-01 7.981549e+00
+4.372478e-01 8.620376e+00
-6.723202e-01 9.995204e+00
-1.496049e+00 1.013195e+01
-1.414611e+00 1.011712e+01
-2.322438e+00 1.041729e+01
-2.173357e+00 8.930715e+00
+2.370483e+01 8.654574e-01
+2.209378e-04 1.546586e-01
-2.534307e-04 2.856496e-01
+9.261096e-05 3.885674e-01
+2.783461e-04 5.431369e-01
-4.807672e-04 7.369002e-01
-1.412104e-04 8.681373e-01
+4.423034e-04 9.521310e-01
+4.325656e-04 1.111754e+00
-1.932617e-04 1.132874e+00
-1.594279e-04 1.095289e+00
+4.024940e-04 1.019777e+00
-4.991949e-05 9.437840e-01
+1.287761e-04 6.955888e-02
+9.400670e-06 3.147991e-02
-4.416375e-05 5.931377e-02
+5.307705e-06 8.162968e-02
+1.137728e-04 1.121426e-01
+2.066220e-05 1.540025e-01
-7.191819e-05 1.803102e-01
+1.380139e-04 1.956457e-01
+6.292829e-05 2.299505e-01
-1.664867e-04 2.327418e-01
-6.968950e-05 2.263022e-01
-1.873679e-05 2.100837e-01
+2.229786e-04 1.944069e-01
+2.886971e-06 1.392467e-02
-6.095649e-01 2.489431e+00
+2.815048e+00 2.877758e+00
-2.880090e+00 3.889133e+00
-1.457993e-01 5.307844e+00
-1.070034e+00 6.787188e+00
-9.161898e-01 7.981053e+00
+4.376300e-01 8.619937e+00
-6.717506e-01 9.996011e+00
-1.495725e+00 1.013282e+01
-1.414474e+00 1.011627e+01
-2.321796e+00 1.041651e+01
-2.173334e+00 8.931550e+00
+2.370495e+01 8.650293e-01
+2.218944e-04 1.546249e-01
-2.971848e-04 2.856747e-01
+6.026921e-05 3.886911e-01
+3.739668e-04 5.433596e-01
-4.286468e-04 7.370735e-01
-1.628294e-04 8.684239e-01
+6.196548e-04 9.524535e-01
+5.033959e-04 1.112010e+00
-3.495945e-04 1.133336e+00
-1.930816e-04 1.095907e+00
+3.415780e-04 1.020315e+00
+1.497315e-04 9.444075e-01
+1.295154e-04 6.946632e-02
+2.123458e-05 3.140840e-02
-6.200867e-06 5.916944e-02
+4.739583e-05 8.142284e-02
+1.340397e-04 1.118533e-01
+6.215458e-05 1.536116e-01
-5.460508e-05 1.798415e-01
+1.280674e-04 1.950985e-01
+2.008156e-05 2.293398e-01
-1.959415e-04 2.321427e-01
-9.478564e-05 2.257100e-01
-4.981662e-05 2.095129e-01
+2.232393e-04 1.939341e-01
+8.120570e-07 1.389484e-02
-6.093887e-01 2.489631e+00
+2.814873e+00 2.877728e+00
-2.880086e+00 3.890346e+00
-1.455317e-01 5.308004e+00
-1.070476e+00 6.787207e+00
-9.162581e-01 7.980205e+00
+4.380289e-01 8.618660e+00
-6.712981e-01 9.994034e+00
-1.495737e+00 1.013374e+01
-1.414713e+00 1.011635e+01
-2.321634e+00 1.041758e+01
-2.173200e+00 8.932066e+00
+2.370507e+01 8.645071e-01
+2.414332e-04 1.546173e-01
-2.575564e-04 2.857198e-01
+8.380520e-05 3.887522e-01
+4.832691e-04 5.435761e-01
-3.380730e-04 7.373200e-01
-1.295983e-04 8.687985e-01
+7.344297e-04 9.527781e-01
+5.063059e-04 1.112276e+00
-5.431504e-04 1.133851e+00
-2.336586e-04 1.096494e+00
+3.196416e-04 1.020938e+00
+2.819957e-04 9.452247e-01
+1.220572e-04 6.937150e-02
+3.184768e-05 3.132646e-02
+1.545503e-05 5.900867e-02
+9.178333e-05 8.120992e-02
+1.358243e-04 1.115558e-01
+9.571310e-05 1.532080e-01
-6.254566e-05 1.793581e-01
+9.899205e-05 1.945554e-01
-1.156899e-05 2.286856e-01
-2.061013e-04 2.315391e-01
-1.203881e-04 2.251083e-01
-3.825444e-05 2.089242e-01
+2.106493e-04 1.934284e-01
-1.575673e-06 1.385478e-02
-6.092664e-01 2.490259e+00
+2.814714e+00 2.877542e+00
-2.880109e+00 3.890536e+00
-1.452518e-01 5.308247e+00
-1.070674e+00 6.785760e+00
-9.161486e-01 7.980100e+00
+4.386395e-01 8.617672e+00
-6.708634e-01 9.992813e+00
-1.495820e+00 1.013252e+01
-1.414524e+00 1.011564e+01
-2.321589e+00 1.041701e+01
-2.173185e+00 8.931906e+00
+2.370518e+01 8.640842e-01
+2.470933e-04 1.545917e-01
-2.414416e-04 2.857479e-01
+1.021540e-04 3.888820e-01
+5.396341e-04 5.438203e-01
-1.942685e-04 7.375451e-01
-1.349801e-04 8.692574e-01
+8.295823e-04 9.530636e-01
+4.303121e-04 1.112644e+00
-7.703723e-04 1.134509e+00
-3.182482e-04 1.097139e+00
+3.184190e-04 1.021556e+00
+3.897774e-04 9.461474e-01
+1.192714e-04 6.927050e-02
+5.042391e-05 3.125644e-02
+1.411919e-05 5.886951e-02
+1.222419e-04 8.101010e-02
+1.195712e-04 1.112970e-01
+9.258642e-05 1.528353e-01
-9.201901e-05 1.789385e-01
+6.191298e-05 1.940952e-01
-1.731933e-05 2.281136e-01
-1.899686e-04 2.309763e-01
-1.615013e-04 2.245489e-01
-1.989841e-05 2.083992e-01
+2.057016e-04 1.929820e-01
-3.307892e-06 1.381573e-02
