-7.105287e+00 2.095742e+01
+6.674969e+00 1.811899e+01
-1.318587e+00 3.072000e+01
-4.102431e+00 2.993882e+01
+8.915104e-01 2.342502e+01
-3.649691e+00 2.775591e+01
-2.062325e+00 3.410250e+01
-6.275976e+00 3.006503e+01
-1.950153e+00 2.588482e+01
-1.286495e+00 2.575814e+01
-2.735233e-01 2.512200e+01
+1.972564e+00 2.322359e+01
+2.068409e+01 1.882911e+00
-8.265824e-05 7.464564e-01
+9.248230e-04 7.823862e-01
-7.804357e-04 1.247391e+00
+2.595105e-04 1.558025e+00
-4.937944e-04 1.581096e+00
+8.781774e-04 1.629543e+00
-1.820140e-04 1.799015e+00
-1.665871e-03 1.841070e+00
+5.482853e-04 1.866999e+00
-8.043320e-04 1.817096e+00
-1.011536e-03 1.674250e+00
+5.631422e-05 1.565214e+00
+1.967403e-04 4.578510e-02
+4.095976e-05 1.109558e-01
-3.997633e-05 1.312637e-01
+1.314169e-04 2.099376e-01
+8.798181e-05 2.567026e-01
+7.164759e-05 2.821421e-01
-4.741873e-05 2.946981e-01
+9.637472e-05 3.343370e-01
+1.325064e-04 3.450703e-01
-9.624415e-05 3.554778e-01
+3.635665e-05 3.462845e-01
+7.511674e-05 3.220897e-01
-3.373825e-04 2.990168e-01
+8.927067e-06 7.914251e-03
-7.105374e+00 2.095816e+01
+6.675712e+00 1.812044e+01
-1.319156e+00 3.072564e+01
-4.102077e+00 2.993882e+01
+8.912501e-01 2.342031e+01
-3.648957e+00 2.775860e+01
-2.062255e+00 3.410287e+01
-6.277042e+00 3.006845e+01
-1.950361e+00 2.588483e+01
-1.287326e+00 2.575713e+01
-2.743900e-01 2.512068e+01
+1.971972e+00 2.322531e+01
+2.068431e+01 1.882793e+00
-2.776665e-05 7.470891e-01
+8.949234e-04 7.829880e-01
-6.844144e-04 1.248169e+00
+2.738919e-04 1.558988e+00
-4.464265e-04 1.582165e+00
+7.544938e-04 1.630878e+00
-1.234684e-04 1.800186e+00
-1.436278e-03 1.842294e+00
+4.080717e-04 1.867974e+00
-7.244324e-04 1.818235e+00
-8.837662e-04 1.675533e+00
-8.797614e-05 1.566024e+00
+2.061666e-04 4.585010e-02
+4.254276e-05 1.111567e-01
-7.287974e-05 1.315139e-01
+1.128322e-04 2.103788e-01
+2.100281e-05 2.571790e-01
+9.139218e-05 2.827340e-01
-1.350226e-04 2.954294e-01
+9.588748e-05 3.350966e-01
+2.109539e-04 3.458779e-01
-1.033030e-04 3.563717e-01
+7.117637e-05 3.471387e-01
+5.214000e-05 3.228576e-01
-2.818571e-04 2.997518e-01
-2.763548e-06 7.938038e-03
-7.105488e+00 2.095918e+01
+6.676554e+00 1.812123e+01
-1.319649e+00 3.072972e+01
-4.101661e+00 2.993894e+01
+8.911095e-01 2.341569e+01
-3.648202e+00 2.776212e+01
-2.062153e+00 3.410737e+01
-6.278255e+00 3.007543e+01
-1.950445e+00 2.588426e+01
-1.287993e+00 2.575596e+01
-2.752863e-01 2.512142e+01
+1.971444e+00 2.322374e+01
+2.068452e+01 1.882725e+00
+1.428778e-05 7.477227e-01
+8.086104e-04 7.835157e-01
-5.930704e-04 1.249057e+00
+2.334845e-04 1.559967e+00
-3.608747e-04 1.583222e+00
+5.462555e-04 1.632075e+00
-3.723542e-05 1.801217e+00
-1.133657e-03 1.843369e+00
+3.268447e-04 1.869199e+00
-5.822990e-04 1.819411e+00
-8.221460e-04 1.676628e+00
-2.184408e-04 1.566675e+00
+1.990675e-04 4.591694e-02
+4.300371e-05 1.113514e-01
-1.066681e-04 1.317791e-01
+9.506173e-05 2.107992e-01
-2.849007e-05 2.576633e-01
+1.028905e-04 2.833215e-01
-1.920197e-04 2.961802e-01
+6.554164e-05 3.359206e-01
+2.615227e-04 3.467401e-01
-1.180517e-04 3.572666e-01
+8.383982e-05 3.480144e-01
+1.113987e-05 3.236630e-01
-2.425985e-04 3.005441e-01
-9.859729e-06 7.960517e-03
-7.105451e+00 2.096019e+01
+6.677148e+00 1.812162e+01
-1.320139e+00 3.073495e+01
-4.101397e+00 2.993994e+01
+8.909407e-01 2.341261e+01
-3.648014e+00 2.776475e+01
-2.061954e+00 3.411050e+01
-6.278831e+00 3.007931e+01
-1.950591e+00 2.588031e+01
-1.288583e+00 2.575373e+01
-2.761345e-01 2.512471e+01
+1.970906e+00 2.322356e+01
+2.068470e+01 1.882704e+00
+6.004505e-05 7.484137e-01
+6.824227e-04 7.840524e-01
-5.022162e-04 1.249868e+00
+1.675269e-04 1.560897e+00
-2.467363e-04 1.584357e+00
+3.252829e-04 1.633395e+00
-4.985826e-05 1.802225e+00
-8.143508e-04 1.844275e+00
+2.229503e-04 1.870651e+00
-4.867238e-04 1.820515e+00
-8.517192e-04 1.677393e+00
-3.703287e-04 1.567418e+00
+1.872459e-04 4.598347e-02
+3.801082e-05 1.114895e-01
-1.132780e-04 1.319921e-01
+8.471374e-05 2.111387e-01
-4.537110e-05 2.580524e-01
+1.138094e-04 2.838162e-01
-1.730913e-04 2.967556e-01
+2.640396e-05 3.366060e-01
+2.507686e-04 3.474767e-01
-1.353145e-04 3.579893e-01
+6.096356e-05 3.487527e-01
-2.654330e-05 3.243816e-01
-2.105293e-04 3.012108e-01
-1.034486e-05 7.977136e-03
-7.105418e+00 2.096108e+01
+6.677684e+00 1.812324e+01
-1.320529e+00 3.074146e+01
-4.101272e+00 2.994187e+01
+8.907555e-01 2.341047e+01
-3.647912e+00 2.776642e+01
-2.062054e+00 3.411585e+01
-6.279197e+00 3.008347e+01
-1.950335e+00 2.587707e+01
-1.288862e+00 2.575106e+01
-2.770119e-01 2.512600e+01
+1.970293e+00 2.322381e+01
+2.068488e+01 1.882707e+00
+1.098483e-04 7.489473e-01
+5.572462e-04 7.845395e-01
-4.277365e-04 1.250613e+00
+9.634825e-05 1.561865e+00
-1.414531e-04 1.585525e+00
+1.551402e-04 1.634714e+00
-8.111966e-05 1.803523e+00
-5.351744e-04 1.845531e+00
+6.531592e-05 1.872301e+00
-4.481781e-04 1.822046e+00
-8.853930e-04 1.678595e+00
-5.327026e-04 1.568717e+00
+1.811379e-04 4.603658e-02
+3.222653e-05 1.115658e-01
-9.906501e-05 1.321209e-01
+7.428333e-05 2.113505e-01
-4.430390e-05 2.582899e-01
+1.149607e-04 2.841242e-01
-1.237849e-04 2.971026e-01
-7.331593e-06 3.370418e-01
+2.088973e-04 3.479357e-01
-1.648783e-04 3.584548e-01
+2.564193e-05 3.492350e-01
-4.254896e-05 3.248383e-01
-1.781230e-04 3.016219e-01
-6.662298e-06 7.986355e-03
-7.105250e+00 2.096172e+01
+6.678181e+00 1.812487e+01
-1.320929e+00 3.074698e+01
-4.101226e+00 2.994330e+01
+8.906931e-01 2.340899e+01
-3.647828e+00 2.776996e+01
-2.062181e+00 3.411939e+01
-6.279620e+00 3.008576e+01
-1.950429e+00 2.587534e+01
-1.289306e+00 2.574639e+01
-2.779415e-01 2.512664e+01
+1.969694e+00 2.322712e+01
+2.068506e+01 1.882710e+00
+1.297663e-04 7.489651e-01
+4.875968e-04 7.844801e-01
-3.639253e-04 1.250456e+00
+6.952402e-05 1.561823e+00
-2.889256e-05 1.585621e+00
+1.069332e-04 1.634544e+00
-1.018410e-04 1.803389e+00
-4.044265e-04 1.845444e+00
-1.200227e-04 1.872377e+00
-4.561769e-04 1.822103e+00
-9.257840e-04 1.678681e+00
-6.854766e-04 1.568751e+00
+1.789334e-04 4.603444e-02
+2.529709e-05 1.115628e-01
-7.697824e-05 1.321183e-01
+6.558833e-05 2.113472e-01
-3.760455e-05 2.582832e-01
+1.112802e-04 2.841253e-01
-7.701467e-05 2.971027e-01
-1.943213e-05 3.370460e-01
+1.677021e-04 3.479322e-01
-1.845346e-04 3.584419e-01
+5.334878e-06 3.492292e-01
-3.990590e-05 3.248320e-01
-1.403833e-04 3.016100e-01
-2.606604e-06 7.986415e-03
-7.105082e+00 2.096237e+01
+6.678678e+00 1.812649e+01
-1.321329e+00 3.075249e+01
-4.101179e+00 2.994474e+01
+8.906307e-01 2.340752e+01
-3.647744e+00 2.777349e+01
-2.062307e+00 3.412294e+01
-6.280043e+00 3.008804e+01
-1.950524e+00 2.587361e+01
-1.289751e+00 2.574172e+01
-2.788711e-01 2.512727e+01
+1.969095e+00 2.323044e+01
+2.068524e+01 1.882714e+00
+1.496842e-04 7.489829e-01
+4.179474e-04 7.844206e-01
-3.001141e-04 1.250299e+00
+4.269979e-05 1.561781e+00
+8.366793e-05 1.585716e+00
+5.872622e-05 1.634375e+00
-1.225623e-04 1.803254e+00
-2.736787e-04 1.845357e+00
-3.053613e-04 1.872453e+00
-4.641756e-04 1.822161e+00
-9.661751e-04 1.678768e+00
-8.382506e-04 1.568785e+00
+1.767290e-04 4.603229e-02
+1.836764e-05 1.115598e-01
-5.489147e-05 1.321157e-01
+5.689333e-05 2.113440e-01
-3.090521e-05 2.582765e-01
+1.075997e-04 2.841265e-01
-3.024445e-05 2.971028e-01
-3.153267e-05 3.370502e-01
+1.265070e-04 3.479286e-01
-2.041909e-04 3.584290e-01
-1.497217e-05 3.492235e-01
-3.726285e-05 3.248258e-01
-1.026437e-04 3.015982e-01
+1.449089e-06 7.986474e-03
-7.104971e+00 2.096400e+01
+6.679089e+00 1.812822e+01
-1.321558e+00 3.075868e+01
-4.101095e+00 2.994766e+01
+8.908586e-01 2.340817e+01
-3.647564e+00 2.777612e+01
-2.062336e+00 3.412110e+01
-6.280430e+00 3.008609e+01
-1.951097e+00 2.587145e+01
-1.290419e+00 2.573835e+01
-2.798338e-01 2.512687e+01
+1.968078e+00 2.323208e+01
+2.068541e+01 1.882704e+00
+1.666126e-04 7.484766e-01
+3.671807e-04 7.838590e-01
-2.380857e-04 1.249328e+00
+6.328460e-06 1.560760e+00
+1.971044e-04 1.584622e+00
-1.158344e-05 1.632881e+00
-1.262977e-04 1.801954e+00
-1.065878e-04 1.843985e+00
-5.143840e-04 1.871048e+00
-4.520505e-04 1.820928e+00
-1.010858e-03 1.677663e+00
-9.194715e-04 1.567646e+00
+1.764174e-04 4.596806e-02
+1.271012e-05 1.114704e-01
-3.165334e-05 1.319737e-01
+3.817806e-05 2.110990e-01
-2.894108e-05 2.580161e-01
+9.247836e-05 2.838200e-01
+3.200933e-05 2.967240e-01
-5.758131e-05 3.365960e-01
+7.679812e-05 3.474465e-01
-1.917097e-04 3.579208e-01
-3.504772e-05 3.487128e-01
-3.293277e-05 3.243726e-01
-3.591787e-05 3.011495e-01
+6.248586e-06 7.977916e-03
-7.104873e+00 2.096544e+01
+6.679397e+00 1.813005e+01
-1.321810e+00 3.076223e+01
-4.100945e+00 2.994944e+01
+8.910461e-01 2.341000e+01
-3.647656e+00 2.777994e+01
-2.062277e+00 3.411906e+01
-6.280342e+00 3.008160e+01
-1.951755e+00 2.587019e+01
-1.290854e+00 2.573803e+01
-2.808413e-01 2.512550e+01
+1.966978e+00 2.323194e+01
+2.068559e+01 1.882686e+00
+1.941601e-04 7.477649e-01
+3.142220e-04 7.832061e-01
-1.844808e-04 1.248430e+00
-4.353609e-05 1.559692e+00
+2.887635e-04 1.583640e+00
-4.862141e-05 1.631489e+00
-2.131862e-04 1.800836e+00
+6.278519e-05 1.843027e+00
-6.908658e-04 1.869896e+00
-4.448002e-04 1.819869e+00
-1.021711e-03 1.676791e+00
-9.232377e-04 1.567038e+00
+1.819761e-04 4.589339e-02
+6.064108e-06 1.113137e-01
-6.794853e-06 1.317581e-01
+1.355869e-05 2.107144e-01
-1.661827e-05 2.575949e-01
+7.118576e-05 2.833118e-01
+1.177022e-04 2.961335e-01
-1.043082e-04 3.359088e-01
-1.362549e-05 3.466927e-01
-1.565369e-04 3.571698e-01
-5.034421e-05 3.479641e-01
-3.616152e-05 3.236635e-01
+3.012838e-05 3.004474e-01
+1.124790e-05 7.961078e-03
-7.104784e+00 2.096709e+01
+6.679851e+00 1.813264e+01
-1.322059e+00 3.076577e+01
-4.100875e+00 2.995162e+01
+8.912581e-01 2.341144e+01
-3.647723e+00 2.778282e+01
-2.062177e+00 3.412087e+01
-6.280310e+00 3.007942e+01
-1.952490e+00 2.586835e+01
-1.291305e+00 2.573748e+01
-2.818478e-01 2.512782e+01
+1.966277e+00 2.323281e+01
+2.068577e+01 1.882601e+00
+2.227577e-04 7.469932e-01
+2.681161e-04 7.824812e-01
-1.767654e-04 1.247260e+00
-1.103301e-04 1.558613e+00
+3.341074e-04 1.582681e+00
-2.487744e-05 1.630117e+00
-3.282386e-04 1.799451e+00
+1.884489e-04 1.841838e+00
-7.229301e-04 1.868757e+00
-4.339550e-04 1.818589e+00
-1.041044e-03 1.675879e+00
-8.208004e-04 1.566253e+00
+1.883187e-04 4.582950e-02
+2.064014e-07 1.111221e-01
+1.992160e-05 1.315099e-01
-1.737548e-06 2.102920e-01
+1.922282e-05 2.571061e-01
+4.453385e-05 2.826711e-01
+1.988009e-04 2.954224e-01
-1.562661e-04 3.351445e-01
-1.383152e-04 3.458222e-01
-1.310174e-04 3.562508e-01
-8.556337e-05 3.471364e-01
-5.223088e-05 3.228524e-01
+5.555988e-05 2.996608e-01
+1.223757e-05 7.936248e-03
-7.104666e+00 2.096859e+01
+6.680178e+00 1.813578e+01
-1.322266e+00 3.077040e+01
-4.100814e+00 2.995555e+01
+8.914942e-01 2.341553e+01
-3.647588e+00 2.778417e+01
-2.062464e+00 3.412084e+01
-6.280219e+00 3.008072e+01
-1.953263e+00 2.586472e+01
-1.291885e+00 2.573439e+01
-2.827022e-01 2.512917e+01
+1.965554e+00 2.323545e+01
+2.068598e+01 1.882478e+00
+2.443930e-04 7.461885e-01
+2.361269e-04 7.818690e-01
-1.765173e-04 1.246170e+00
-1.216396e-04 1.557397e+00
+3.721904e-04 1.581677e+00
+7.461953e-05 1.628960e+00
-5.241073e-04 1.798184e+00
+1.505648e-04 1.840415e+00
-7.255878e-04 1.867808e+00
-3.909501e-04 1.817558e+00
-1.096077e-03 1.674861e+00
-7.390862e-04 1.565276e+00
+1.962148e-04 4.576343e-02
-3.460400e-06 1.109339e-01
+5.158456e-05 1.312496e-01
+2.329046e-06 2.098749e-01
+6.998495e-05 2.566354e-01
+1.008290e-05 2.820717e-01
+2.429767e-04 2.947239e-01
-2.006096e-04 3.343918e-01
-2.517132e-04 3.450471e-01
-1.209031e-04 3.553406e-01
-1.322094e-04 3.462911e-01
-8.338090e-05 3.220964e-01
+3.726747e-05 2.989462e-01
+9.022507e-06 7.911550e-03
