+3.871576e+00 4.558520e+00
+4.624803e+00 6.091905e+00
-2.117912e+00 8.166779e+00
-2.221709e+00 1.026946e+01
-3.912242e+00 1.078051e+01
-2.199129e+00 1.216259e+01
+1.034830e-01 1.280120e+01
-4.660237e-02 1.344433e+01
-1.550895e+00 1.303855e+01
-8.030657e-01 1.319190e+01
-8.549302e-01 1.123633e+01
-6.460550e-01 1.018329e+01
+2.332989e+01 1.330975e+00
+1.787415e-04 2.452292e-01
-2.484525e-04 3.980367e-01
+4.027463e-04 5.368218e-01
+1.699115e-04 7.515143e-01
-7.092413e-04 8.736934e-01
-1.184634e-03 1.071973e+00
-2.581211e-04 1.211360e+00
+4.064580e-04 1.388100e+00
-1.437927e-04 1.337941e+00
-3.091153e-04 1.338824e+00
-8.630672e-05 1.143742e+00
+3.275766e-04 1.071226e+00
+1.423465e-05 7.117618e-02
-1.144170e-05 4.236183e-02
+8.777647e-05 7.211782e-02
-1.475855e-04 9.995931e-02
-1.105031e-04 1.428436e-01
-8.348514e-06 1.701768e-01
+1.391142e-04 2.120839e-01
-5.982239e-05 2.421529e-01
+1.381335e-05 2.805408e-01
+2.328705e-04 2.683570e-01
+1.049915e-04 2.699808e-01
+1.411711e-04 2.293035e-01
+4.864381e-05 2.145633e-01
+7.421264e-06 1.467614e-02
+3.871679e+00 4.558387e+00
+4.624607e+00 6.091765e+00
-2.117790e+00 8.167414e+00
-2.221846e+00 1.026922e+01
-3.912726e+00 1.077972e+01
-2.199723e+00 1.216410e+01
+1.033241e-01 1.280073e+01
-4.655347e-02 1.344464e+01
-1.550801e+00 1.303558e+01
-8.033030e-01 1.319094e+01
-8.553463e-01 1.123570e+01
-6.460200e-01 1.018259e+01
+2.332987e+01 1.330773e+00
+1.765471e-04 2.451851e-01
-1.907231e-04 3.979702e-01
+3.542044e-04 5.367299e-01
+8.691202e-05 7.511223e-01
-6.926720e-04 8.732666e-01
-1.006861e-03 1.071469e+00
-2.666310e-04 1.210958e+00
+3.459253e-04 1.387673e+00
+1.506642e-05 1.337075e+00
-1.652758e-04 1.337989e+00
-3.764707e-05 1.143284e+00
+2.967204e-04 1.070455e+00
+6.458062e-06 7.127213e-02
-1.410620e-05 4.242051e-02
+8.432714e-05 7.224217e-02
-1.078275e-04 1.001254e-01
-8.125666e-05 1.430910e-01
+2.762469e-05 1.705118e-01
+1.651605e-04 2.125414e-01
-3.593125e-05 2.426715e-01
+2.219582e-05 2.811440e-01
+2.016231e-04 2.689124e-01
+6.106002e-05 2.705851e-01
+1.443413e-04 2.297844e-01
+3.222914e-05 2.150416e-01
+1.258796e-05 1.471975e-02
+3.871924e+00 4.558322e+00
+4.624556e+00 6.091269e+00
-2.117720e+00 8.167520e+00
-2.221752e+00 1.026948e+01
-3.913303e+00 1.077932e+01
-2.200160e+00 1.216500e+01
+1.030492e-01 1.280122e+01
-4.627527e-02 1.344527e+01
-1.550539e+00 1.303280e+01
-8.029617e-01 1.318926e+01
-8.551221e-01 1.123507e+01
-6.459940e-01 1.018057e+01
+2.332986e+01 1.330523e+00
+1.551568e-04 2.451516e-01
-1.515449e-04 3.978946e-01
+3.363681e-04 5.366321e-01
+4.022057e-05 7.507545e-01
-6.042035e-04 8.728286e-01
-8.184033e-04 1.071076e+00
-2.496253e-04 1.210524e+00
+3.476931e-04 1.386975e+00
+1.591876e-04 1.336270e+00
-1.238667e-04 1.337408e+00
+3.213365e-05 1.142846e+00
+2.607902e-04 1.069652e+00
+1.213436e-05 7.137289e-02
-1.275491e-05 4.248571e-02
+7.281152e-05 7.238866e-02
-7.949702e-05 1.003268e-01
-5.817643e-05 1.433749e-01
+5.999945e-05 1.708988e-01
+1.783651e-04 2.130498e-01
-4.199319e-06 2.432793e-01
+4.268777e-05 2.818912e-01
+1.307978e-04 2.695474e-01
-2.465062e-05 2.712529e-01
+1.165675e-04 2.303307e-01
+7.716906e-06 2.155964e-01
+1.458810e-05 1.476100e-02
+3.872084e+00 4.558128e+00
+4.624533e+00 6.090909e+00
-2.117484e+00 8.167828e+00
-2.221906e+00 1.026900e+01
-3.913768e+00 1.077801e+01
-2.200597e+00 1.216515e+01
+1.028251e-01 1.280271e+01
-4.604294e-02 1.344669e+01
-1.550075e+00 1.303068e+01
-8.028432e-01 1.318616e+01
-8.548817e-01 1.123397e+01
-6.457302e-01 1.017898e+01
+2.332984e+01 1.330185e+00
+1.575401e-04 2.451092e-01
-9.981187e-05 3.978360e-01
+3.004797e-04 5.365537e-01
+2.652909e-05 7.503980e-01
-5.293118e-04 8.723218e-01
-6.301056e-04 1.070668e+00
-2.077495e-04 1.209924e+00
+4.079800e-04 1.386419e+00
+1.625664e-04 1.335262e+00
-2.164494e-04 1.336866e+00
+1.177790e-04 1.142461e+00
+2.277691e-04 1.069010e+00
+2.463028e-05 7.146544e-02
-1.533501e-06 4.254783e-02
+5.891396e-05 7.252906e-02
-7.287368e-05 1.005268e-01
-2.850899e-05 1.436526e-01
+6.879192e-05 1.712695e-01
+1.721130e-04 2.135178e-01
+1.413443e-05 2.438901e-01
+5.257382e-05 2.826098e-01
+3.328974e-05 2.702168e-01
-9.524443e-05 2.718959e-01
+7.435964e-05 2.308476e-01
-3.385905e-05 2.161123e-01
+1.433544e-05 1.479369e-02
+3.872129e+00 4.557896e+00
+4.624370e+00 6.090719e+00
-2.117256e+00 8.168328e+00
-2.221967e+00 1.026925e+01
-3.914136e+00 1.077705e+01
-2.200962e+00 1.216615e+01
+1.028116e-01 1.280202e+01
-4.572486e-02 1.344624e+01
-1.549951e+00 1.302855e+01
-8.033001e-01 1.318535e+01
-8.549928e-01 1.123439e+01
-6.454744e-01 1.017787e+01
+2.332989e+01 1.329714e+00
+1.567882e-04 2.451549e-01
-6.680577e-05 3.979918e-01
+2.537576e-04 5.367726e-01
+4.034118e-06 7.505711e-01
-4.528766e-04 8.724683e-01
-4.771144e-04 1.070941e+00
-1.597386e-04 1.210436e+00
+4.495675e-04 1.387263e+00
+9.100782e-05 1.335359e+00
-4.093909e-04 1.337234e+00
+9.913552e-05 1.142941e+00
+1.491586e-04 1.069243e+00
+3.431701e-05 7.154775e-02
+1.400329e-05 4.259099e-02
+4.830555e-05 7.262491e-02
-7.383493e-05 1.006663e-01
-5.381948e-06 1.438497e-01
+6.134832e-05 1.715325e-01
+1.630044e-04 2.138428e-01
+2.175542e-05 2.443271e-01
+4.420777e-05 2.830846e-01
-4.783690e-05 2.706973e-01
-1.217429e-04 2.723748e-01
+2.953217e-05 2.312148e-01
-7.938867e-05 2.164711e-01
+1.034288e-05 1.481343e-02
+3.872344e+00 4.557596e+00
+4.624336e+00 6.090497e+00
-2.117074e+00 8.168744e+00
-2.221901e+00 1.026886e+01
-3.914562e+00 1.077593e+01
-2.201365e+00 1.216581e+01
+1.026784e-01 1.280203e+01
-4.518104e-02 1.344855e+01
-1.550037e+00 1.302667e+01
-8.038263e-01 1.318389e+01
-8.548500e-01 1.123449e+01
-6.454550e-01 1.017741e+01
+2.332992e+01 1.329301e+00
+1.845718e-04 2.451280e-01
-2.545577e-05 3.979764e-01
+1.745488e-04 5.368193e-01
+2.175114e-05 7.504492e-01
-4.085802e-04 8.722908e-01
-3.314765e-04 1.070697e+00
-1.429543e-04 1.210505e+00
+4.917542e-04 1.387383e+00
+1.304548e-05 1.335102e+00
-5.002315e-04 1.337050e+00
+1.124031e-04 1.142839e+00
+2.377269e-05 1.068996e+00
+4.033010e-05 7.154188e-02
+2.509887e-05 4.259007e-02
+3.705887e-05 7.262658e-02
-7.010239e-05 1.006676e-01
+1.202545e-05 1.438456e-01
+5.646575e-05 1.715321e-01
+1.574585e-04 2.138319e-01
+2.378887e-05 2.443350e-01
+2.600784e-05 2.830845e-01
-9.332134e-05 2.707008e-01
-1.114071e-04 2.723938e-01
-8.039353e-06 2.312029e-01
-1.209412e-04 2.164606e-01
+5.267305e-06 1.481394e-02
+3.872559e+00 4.557296e+00
+4.624303e+00 6.090274e+00
-2.116891e+00 8.169161e+00
-2.221834e+00 1.026847e+01
-3.914988e+00 1.077481e+01
-2.201769e+00 1.216547e+01
+1.025452e-01 1.280205e+01
-4.463721e-02 1.345086e+01
-1.550124e+00 1.302479e+01
-8.043526e-01 1.318242e+01
-8.547072e-01 1.123460e+01
-6.454355e-01 1.017695e+01
+2.332996e+01 1.328889e+00
+2.123554e-04 2.451012e-01
+1.589422e-05 3.979610e-01
+9.533988e-05 5.368661e-01
+3.946817e-05 7.503273e-01
-3.642839e-04 8.721133e-01
-1.858386e-04 1.070453e+00
-1.261699e-04 1.210575e+00
+5.339408e-04 1.387503e+00
-6.491687e-05 1.334845e+00
-5.910720e-04 1.336866e+00
+1.256707e-04 1.142738e+00
-1.016132e-04 1.068749e+00
+4.634320e-05 7.153601e-02
+3.619444e-05 4.258915e-02
+2.581219e-05 7.262825e-02
-6.636984e-05 1.006690e-01
+2.943285e-05 1.438415e-01
+5.158317e-05 1.715318e-01
+1.519127e-04 2.138210e-01
+2.582233e-05 2.443428e-01
+7.807912e-06 2.830844e-01
-1.388058e-04 2.707043e-01
-1.010713e-04 2.724129e-01
-4.561087e-05 2.311910e-01
-1.624937e-04 2.164501e-01
+1.917356e-07 1.481444e-02
+3.872792e+00 4.556915e+00
+4.624440e+00 6.090488e+00
-2.116794e+00 8.169685e+00
-2.221864e+00 1.026899e+01
-3.915384e+00 1.077438e+01
-2.201851e+00 1.216456e+01
+1.022435e-01 1.280234e+01
-4.412799e-02 1.345521e+01
-1.549923e+00 1.302599e+01
-8.048181e-01 1.318228e+01
-8.544625e-01 1.123426e+01
-6.456308e-01 1.017616e+01
+2.333001e+01 1.328452e+00
+2.552509e-04 2.449949e-01
+4.413254e-05 3.977938e-01
+2.917667e-05 5.366995e-01
+6.893933e-05 7.499950e-01
-2.912795e-04 8.716580e-01
+1.154917e-05 1.069815e+00
-1.055895e-04 1.210169e+00
+4.958326e-04 1.386803e+00
-2.260777e-04 1.334164e+00
-6.826443e-04 1.336052e+00
+6.431478e-05 1.142052e+00
-2.515508e-04 1.068118e+00
+4.495375e-05 7.143894e-02
+4.725343e-05 4.254296e-02
+8.082744e-06 7.253734e-02
-5.183641e-05 1.005335e-01
+5.120099e-05 1.436274e-01
+3.733046e-05 1.712536e-01
+1.122387e-04 2.134544e-01
+4.500159e-05 2.439292e-01
+1.502537e-05 2.826221e-01
-1.830238e-04 2.702375e-01
-1.014117e-04 2.719795e-01
-7.808625e-05 2.307943e-01
-1.968313e-04 2.160564e-01
-3.636772e-06 1.479622e-02
+3.872997e+00 4.556766e+00
+4.624474e+00 6.090537e+00
-2.116888e+00 8.170080e+00
-2.221945e+00 1.026834e+01
-3.915613e+00 1.077312e+01
-2.201701e+00 1.216190e+01
+1.022475e-01 1.280273e+01
-4.378030e-02 1.345693e+01
-1.549887e+00 1.302465e+01
-8.051495e-01 1.318342e+01
-8.543336e-01 1.123525e+01
-6.457684e-01 1.017649e+01
+2.333001e+01 1.328060e+00
+2.912884e-04 2.449825e-01
+4.201602e-05 3.978434e-01
+2.167157e-05 5.368375e-01
+1.163018e-04 7.502000e-01
-2.390853e-04 8.719880e-01
+1.499192e-04 1.069933e+00
-3.983118e-05 1.210696e+00
+5.049677e-04 1.387271e+00
-4.053199e-04 1.334584e+00
-7.742327e-04 1.336449e+00
-1.654129e-05 1.142082e+00
-4.566709e-04 1.068461e+00
+3.760991e-05 7.134067e-02
+5.406463e-05 4.247600e-02
-1.055682e-05 7.239854e-02
-4.753452e-05 1.003378e-01
+7.189651e-05 1.433157e-01
+1.587507e-05 1.708570e-01
+3.517328e-05 2.129356e-01
+6.028259e-05 2.433370e-01
+5.827861e-05 2.818917e-01
-2.126728e-04 2.695260e-01
-1.060109e-04 2.713247e-01
-7.989864e-05 2.302444e-01
-2.051664e-04 2.155147e-01
-1.874056e-06 1.476321e-02
+3.873292e+00 4.556285e+00
+4.624494e+00 6.090245e+00
-2.116821e+00 8.170008e+00
-2.221941e+00 1.026826e+01
-3.915783e+00 1.077275e+01
-2.201408e+00 1.216216e+01
+1.021176e-01 1.280277e+01
-4.375332e-02 1.345753e+01
-1.550184e+00 1.302572e+01
-8.055516e-01 1.318485e+01
-8.545200e-01 1.123560e+01
-6.460576e-01 1.017753e+01
+2.333000e+01 1.327671e+00
+3.305720e-04 2.449748e-01
+2.266313e-05 3.979268e-01
+3.884185e-05 5.369513e-01
+1.765223e-04 7.504639e-01
-2.233367e-04 8.722247e-01
+1.471578e-04 1.070115e+00
+8.906724e-05 1.211208e+00
+6.175681e-04 1.388013e+00
-5.691892e-04 1.335132e+00
-9.191938e-04 1.337155e+00
-6.216658e-05 1.142299e+00
-5.981251e-04 1.069055e+00
+3.947858e-05 7.124591e-02
+6.088594e-05 4.240280e-02
-1.924005e-05 7.224913e-02
-7.043511e-05 1.001388e-01
+7.541411e-05 1.429947e-01
-9.086675e-06 1.704719e-01
-4.926474e-05 2.124101e-01
+5.587551e-05 2.427209e-01
+1.152832e-04 2.811055e-01
-2.003649e-04 2.687968e-01
-9.785111e-05 2.706417e-01
-4.340166e-05 2.296502e-01
-1.892652e-04 2.149444e-01
+4.143086e-06 1.472071e-02
+3.873517e+00 4.555849e+00
+4.624454e+00 6.089944e+00
-2.116584e+00 8.169983e+00
-2.221938e+00 1.026826e+01
-3.916071e+00 1.077429e+01
-2.201321e+00 1.216068e+01
+1.021962e-01 1.280236e+01
-4.334706e-02 1.345879e+01
-1.550261e+00 1.302590e+01
-8.058881e-01 1.318493e+01
-8.545953e-01 1.123532e+01
-6.466543e-01 1.017707e+01
+2.332998e+01 1.327364e+00
+3.545495e-04 2.449720e-01
+8.219405e-07 3.979768e-01
-9.604177e-07 5.371005e-01
+2.308277e-04 7.506032e-01
-2.110246e-04 8.723782e-01
+5.387956e-05 1.070341e+00
+1.688023e-04 1.211781e+00
+8.184672e-04 1.388427e+00
-7.094993e-04 1.335482e+00
-1.059129e-03 1.337723e+00
-9.403985e-06 1.142643e+00
-6.536758e-04 1.069732e+00
+6.099583e-05 7.114123e-02
+7.544644e-05 4.233808e-02
-8.072769e-06 7.212367e-02
-1.104814e-04 9.996255e-02
+7.432180e-05 1.427305e-01
-2.573593e-05 1.701610e-01
-1.016102e-04 2.119554e-01
+5.977686e-06 2.421895e-01
+1.257747e-04 2.804485e-01
-1.895409e-04 2.681833e-01
-7.230517e-05 2.700872e-01
-9.559696e-06 2.291126e-01
-1.630044e-04 2.144481e-01
+8.243509e-06 1.468090e-02
