+2.986483e+00 1.532478e+01
+4.841918e+00 1.380417e+01
-1.017233e+00 2.320880e+01
-1.857739e+00 2.331247e+01
-3.703680e+00 2.104532e+01
-1.574922e+00 2.194139e+01
-3.718796e-01 2.206268e+01
+1.082213e-01 2.061891e+01
-1.626224e+00 2.057751e+01
-7.685340e-01 2.098272e+01
-6.278503e-01 1.771027e+01
-7.583478e-01 1.432253e+01
+2.220919e+01 1.412612e+00
+1.931137e-04 6.103934e-01
-2.031894e-04 6.449532e-01
+3.012887e-04 9.631595e-01
+1.242401e-04 1.326013e+00
-5.886049e-04 1.278011e+00
-1.258260e-03 1.392650e+00
-2.095015e-04 1.571039e+00
+3.519864e-04 1.669829e+00
-3.154147e-04 1.636345e+00
-4.862031e-04 1.568731e+00
+2.378558e-04 1.369770e+00
+5.246686e-05 1.222221e+00
+1.433737e-05 6.376344e-02
-2.069439e-05 9.323924e-02
+7.559338e-05 1.065219e-01
-1.131184e-04 1.578915e-01
-1.243454e-04 2.261943e-01
-3.506067e-05 2.326289e-01
+1.919259e-04 2.587002e-01
-6.396778e-05 2.982194e-01
-7.262327e-07 3.217488e-01
+2.090228e-04 3.138612e-01
+1.455862e-04 3.027067e-01
+1.318987e-04 2.640504e-01
+8.239104e-05 2.371586e-01
+9.178949e-06 1.291548e-02
+2.986572e+00 1.532452e+01
+4.841750e+00 1.380393e+01
-1.017146e+00 2.320925e+01
-1.857916e+00 2.331201e+01
-3.704179e+00 2.104472e+01
-1.575506e+00 2.194286e+01
-3.719212e-01 2.206245e+01
+1.082891e-01 2.061896e+01
-1.626289e+00 2.057450e+01
-7.689095e-01 2.098179e+01
-6.280181e-01 1.770992e+01
-7.584251e-01 1.432278e+01
+2.220917e+01 1.412614e+00
+1.871938e-04 6.103394e-01
-1.483385e-04 6.448880e-01
+2.803556e-04 9.630502e-01
+3.358823e-05 1.325623e+00
-5.948093e-04 1.277526e+00
-1.045368e-03 1.392129e+00
-2.408148e-04 1.570615e+00
+2.961687e-04 1.669323e+00
-1.566314e-04 1.635578e+00
-3.333196e-04 1.567835e+00
+2.672088e-04 1.369377e+00
+3.421982e-05 1.221477e+00
+6.409623e-06 6.385956e-02
-2.139786e-05 9.329353e-02
+6.621684e-05 1.066414e-01
-7.207046e-05 1.580563e-01
-9.574497e-05 2.264358e-01
+6.109573e-06 2.329585e-01
+2.119219e-04 2.591446e-01
-4.657950e-05 2.987366e-01
+4.893767e-06 3.223378e-01
+1.965148e-04 3.144091e-01
+1.089181e-04 3.032847e-01
+1.214827e-04 2.645037e-01
+6.938122e-05 2.376494e-01
+1.372297e-05 1.295901e-02
+2.986811e+00 1.532455e+01
+4.841724e+00 1.380326e+01
-1.017050e+00 2.320923e+01
-1.857903e+00 2.331185e+01
-3.704735e+00 2.104397e+01
-1.575869e+00 2.194302e+01
-3.721913e-01 2.206307e+01
+1.085451e-01 2.061961e+01
-1.626142e+00 2.057144e+01
-7.686588e-01 2.097963e+01
-6.276511e-01 1.770910e+01
-7.585723e-01 1.432159e+01
+2.220916e+01 1.412572e+00
+1.622877e-04 6.102955e-01
-1.231785e-04 6.448006e-01
+2.871801e-04 9.629284e-01
-2.224152e-05 1.325222e+00
-5.208792e-04 1.277079e+00
-8.082156e-04 1.391698e+00
-2.327518e-04 1.570150e+00
+2.848815e-04 1.668591e+00
+1.337950e-05 1.634835e+00
-2.576867e-04 1.567097e+00
+2.921272e-04 1.368929e+00
+4.945090e-05 1.220740e+00
+1.168554e-05 6.395979e-02
-1.894700e-05 9.335422e-02
+5.014038e-05 1.067846e-01
-4.848175e-05 1.582561e-01
-6.800507e-05 2.267137e-01
+4.494390e-05 2.333381e-01
+2.075862e-04 2.596414e-01
-1.036647e-05 2.993386e-01
+2.383066e-05 3.230716e-01
+1.426648e-04 3.150334e-01
+3.078963e-05 3.039373e-01
+8.216074e-05 2.650319e-01
+5.546433e-05 2.382033e-01
+1.540565e-05 1.300032e-02
+2.986971e+00 1.532446e+01
+4.841703e+00 1.380281e+01
-1.016817e+00 2.320886e+01
-1.858141e+00 2.331133e+01
-3.705148e+00 2.104281e+01
-1.576259e+00 2.194317e+01
-3.724464e-01 2.206428e+01
+1.086655e-01 2.062037e+01
-1.625819e+00 2.056999e+01
-7.686297e-01 2.097635e+01
-6.271859e-01 1.770881e+01
-7.584467e-01 1.432057e+01
+2.220914e+01 1.412432e+00
+1.606961e-04 6.102428e-01
-9.105220e-05 6.447225e-01
+2.745443e-04 9.628300e-01
-4.177406e-05 1.324844e+00
-4.485423e-04 1.276546e+00
-6.191131e-04 1.391165e+00
-2.019904e-04 1.569510e+00
+3.265097e-04 1.667982e+00
+5.856354e-05 1.633855e+00
-2.919774e-04 1.566427e+00
+3.253562e-04 1.368513e+00
+6.668867e-05 1.220147e+00
+2.423381e-05 6.405189e-02
-7.123102e-06 9.341221e-02
+3.756068e-05 1.069225e-01
-4.640283e-05 1.584543e-01
-3.287372e-05 2.269880e-01
+5.368216e-05 2.337073e-01
+1.803777e-04 2.601148e-01
+1.769516e-05 2.999356e-01
+4.231068e-05 3.237731e-01
+5.896443e-05 3.157057e-01
-3.413871e-05 3.045661e-01
+3.178741e-05 2.655506e-01
+1.901116e-05 2.387169e-01
+1.526217e-05 1.303312e-02
+2.987000e+00 1.532415e+01
+4.841527e+00 1.380254e+01
-1.016596e+00 2.320841e+01
-1.858276e+00 2.331130e+01
-3.705439e+00 2.104191e+01
-1.576578e+00 2.194416e+01
-3.724191e-01 2.206422e+01
+1.089020e-01 2.061968e+01
-1.625754e+00 2.056821e+01
-7.691294e-01 2.097517e+01
-6.271461e-01 1.770933e+01
-7.582459e-01 1.432027e+01
+2.220919e+01 1.412080e+00
+1.555815e-04 6.102738e-01
-7.554516e-05 6.448534e-01
+2.442761e-04 9.630502e-01
-6.172500e-05 1.324989e+00
-3.887658e-04 1.276637e+00
-4.867080e-04 1.391366e+00
-1.400027e-04 1.569960e+00
+3.695714e-04 1.668759e+00
+2.612265e-05 1.633952e+00
-4.284292e-04 1.566646e+00
+2.636677e-04 1.369040e+00
+4.404363e-05 1.220393e+00
+3.473303e-05 6.413431e-02
+9.051792e-06 9.345229e-02
+3.166771e-05 1.070150e-01
-5.056979e-05 1.585916e-01
-4.341309e-06 2.271824e-01
+4.248174e-05 2.339722e-01
+1.529665e-04 2.604446e-01
+3.248616e-05 3.003607e-01
+4.814373e-05 3.242422e-01
-1.541514e-05 3.161909e-01
-6.290279e-05 3.050282e-01
-1.623932e-05 2.659107e-01
-3.054649e-05 2.390792e-01
+1.143657e-05 1.305288e-02
+2.987213e+00 1.532392e+01
+4.841472e+00 1.380221e+01
-1.016398e+00 2.320815e+01
-1.858284e+00 2.331062e+01
-3.705826e+00 2.104051e+01
-1.577051e+00 2.194410e+01
-3.725217e-01 2.206417e+01
+1.093936e-01 2.062103e+01
-1.625865e+00 2.056675e+01
-7.696199e-01 2.097312e+01
-6.268877e-01 1.770972e+01
-7.583109e-01 1.431979e+01
+2.220922e+01 1.411774e+00
+1.793189e-04 6.102395e-01
-4.558603e-05 6.448148e-01
+1.876039e-04 9.630870e-01
-4.172382e-05 1.324868e+00
-3.697004e-04 1.276418e+00
-3.558589e-04 1.391098e+00
-1.092701e-04 1.569940e+00
+4.281397e-04 1.668832e+00
-1.548224e-05 1.633743e+00
-4.676633e-04 1.566339e+00
+2.248866e-04 1.369066e+00
-4.068328e-05 1.220177e+00
+4.209071e-05 6.412872e-02
+2.091607e-05 9.345027e-02
+2.604341e-05 1.070158e-01
-4.908144e-05 1.585901e-01
+1.697350e-05 2.271767e-01
+3.285599e-05 2.339722e-01
+1.408350e-04 2.604309e-01
+3.961486e-05 3.003624e-01
+4.325033e-05 3.242433e-01
-5.706684e-05 3.161984e-01
-5.946605e-05 3.050401e-01
-5.643642e-05 2.658917e-01
-7.651719e-05 2.390742e-01
+6.361407e-06 1.305338e-02
+2.987426e+00 1.532370e+01
+4.841417e+00 1.380189e+01
-1.016201e+00 2.320790e+01
-1.858292e+00 2.330994e+01
-3.706212e+00 2.103912e+01
-1.577523e+00 2.194404e+01
-3.726243e-01 2.206411e+01
+1.098852e-01 2.062238e+01
-1.625976e+00 2.056529e+01
-7.701104e-01 2.097107e+01
-6.266294e-01 1.771011e+01
-7.583759e-01 1.431930e+01
+2.220926e+01 1.411467e+00
+2.030564e-04 6.102052e-01
-1.562691e-05 6.447761e-01
+1.309318e-04 9.631238e-01
-2.172263e-05 1.324747e+00
-3.506351e-04 1.276199e+00
-2.250097e-04 1.390829e+00
-7.853746e-05 1.569921e+00
+4.867080e-04 1.668904e+00
-5.708712e-05 1.633533e+00
-5.068974e-04 1.566033e+00
+1.861055e-04 1.369091e+00
-1.254102e-04 1.219961e+00
+4.944839e-05 6.412313e-02
+3.278035e-05 9.344826e-02
+2.041911e-05 1.070166e-01
-4.759309e-05 1.585885e-01
+3.828831e-05 2.271710e-01
+2.323023e-05 2.339722e-01
+1.287035e-04 2.604172e-01
+4.674357e-05 3.003641e-01
+3.835694e-05 3.242443e-01
-9.871853e-05 3.162059e-01
-5.602931e-05 3.050520e-01
-9.663352e-05 2.658726e-01
-1.224879e-04 2.390691e-01
+1.286242e-06 1.305388e-02
+2.987654e+00 1.532356e+01
+4.841530e+00 1.380187e+01
-1.016077e+00 2.320796e+01
-1.858342e+00 2.331040e+01
-3.706610e+00 2.103846e+01
-1.577565e+00 2.194351e+01
-3.728901e-01 2.206449e+01
+1.103146e-01 2.062612e+01
-1.625785e+00 2.056728e+01
-7.704776e-01 2.097077e+01
-6.263198e-01 1.770976e+01
-7.585851e-01 1.431793e+01
+2.220931e+01 1.411081e+00
+2.415390e-04 6.100793e-01
+9.205771e-06 6.445847e-01
+8.580912e-05 9.629300e-01
+2.309221e-05 1.324420e+00
-3.033276e-04 1.275675e+00
-4.578733e-05 1.390189e+00
-3.464877e-05 1.569463e+00
+4.841930e-04 1.668202e+00
-1.851660e-04 1.632900e+00
-5.500737e-04 1.565124e+00
+8.195521e-05 1.368516e+00
-2.311705e-04 1.219352e+00
+4.868319e-05 6.402643e-02
+4.644795e-05 9.340328e-02
+7.269449e-06 1.069253e-01
-3.974310e-05 1.584499e-01
+5.960494e-05 2.269537e-01
+9.181940e-06 2.336927e-01
+7.704849e-05 2.600365e-01
+6.670773e-05 2.999493e-01
+5.796785e-05 3.237848e-01
-1.396965e-04 3.157443e-01
-6.605868e-05 3.046167e-01
-1.309612e-04 2.654789e-01
-1.638763e-04 2.386888e-01
-2.653572e-06 1.303564e-02
+2.987833e+00 1.532359e+01
+4.841514e+00 1.380177e+01
-1.016079e+00 2.320782e+01
-1.858522e+00 2.331009e+01
-3.706875e+00 2.103699e+01
-1.577440e+00 2.194071e+01
-3.728449e-01 2.206454e+01
+1.106314e-01 2.062696e+01
-1.625734e+00 2.056610e+01
-7.707109e-01 2.097172e+01
-6.261834e-01 1.771038e+01
-7.586781e-01 1.431763e+01
+2.220932e+01 1.410659e+00
+2.774702e-04 6.100363e-01
+8.547772e-06 6.446037e-01
+8.804229e-05 9.630443e-01
+7.775084e-05 1.324598e+00
-2.728849e-04 1.275981e+00
+5.924890e-05 1.390394e+00
+4.080566e-05 1.569852e+00
+5.241427e-04 1.668634e+00
-3.004214e-04 1.633389e+00
-6.138184e-04 1.565428e+00
-6.457038e-05 1.368576e+00
-4.022286e-04 1.219681e+00
+4.148784e-05 6.392879e-02
+5.746242e-05 9.333808e-02
-9.091775e-06 1.067848e-01
-4.350642e-05 1.582490e-01
+7.955415e-05 2.266428e-01
-9.451890e-06 2.332873e-01
-1.168067e-05 2.594978e-01
+7.799929e-05 2.993660e-01
+1.065401e-04 3.230663e-01
-1.709551e-04 3.150374e-01
-7.846549e-05 3.039676e-01
-1.308810e-04 2.649340e-01
-1.838831e-04 2.381611e-01
-8.073473e-07 1.300260e-02
+2.988110e+00 1.532341e+01
+4.841538e+00 1.380132e+01
-1.015960e+00 2.320734e+01
-1.858513e+00 2.330995e+01
-3.707065e+00 2.103622e+01
-1.577157e+00 2.194034e+01
-3.728895e-01 2.206526e+01
+1.106991e-01 2.062748e+01
-1.626045e+00 2.056727e+01
-7.710309e-01 2.097300e+01
-6.262873e-01 1.771046e+01
-7.589344e-01 1.431756e+01
+2.220931e+01 1.410198e+00
+3.236938e-04 6.100175e-01
-1.699170e-05 6.446530e-01
+9.840578e-05 9.631472e-01
+1.274967e-04 1.324817e+00
-2.561225e-04 1.276215e+00
+3.761024e-06 1.390590e+00
+1.646545e-04 1.570285e+00
+6.653815e-04 1.669328e+00
-4.187201e-04 1.633961e+00
-7.346095e-04 1.566066e+00
-1.605614e-04 1.368869e+00
-5.177264e-04 1.220309e+00
+4.318433e-05 6.383461e-02
+6.811679e-05 9.326209e-02
-1.805949e-05 1.066345e-01
-7.153766e-05 1.580438e-01
+8.165865e-05 2.263252e-01
-3.374492e-05 2.328873e-01
-1.047660e-04 2.589696e-01
+7.014384e-05 2.987617e-01
+1.616042e-04 3.223026e-01
-1.670250e-04 3.143161e-01
-7.157931e-05 3.032853e-01
-9.505568e-05 2.643329e-01
-1.795921e-04 2.375995e-01
+5.795698e-06 1.296012e-02
+2.988333e+00 1.532307e+01
+4.841498e+00 1.380080e+01
-1.015701e+00 2.320712e+01
-1.858570e+00 2.330992e+01
-3.707382e+00 2.103760e+01
-1.577108e+00 2.193901e+01
-3.728129e-01 2.206455e+01
+1.110725e-01 2.062781e+01
-1.625960e+00 2.056726e+01
-7.713488e-01 2.097267e+01
-6.264573e-01 1.770925e+01
-7.595076e-01 1.431654e+01
+2.220929e+01 1.409702e+00
+3.588781e-04 6.100010e-01
-4.871147e-05 6.446692e-01
+5.241220e-05 9.632643e-01
+1.852686e-04 1.324963e+00
-2.413267e-04 1.276335e+00
-1.326492e-04 1.390799e+00
+2.275212e-04 1.570854e+00
+8.702408e-04 1.669728e+00
-5.301368e-04 1.634291e+00
-8.407357e-04 1.566603e+00
-1.424643e-04 1.369246e+00
-5.646128e-04 1.221010e+00
+6.530364e-05 6.373044e-02
+8.458006e-05 9.319439e-02
-5.726291e-06 1.065075e-01
-1.122420e-04 1.578643e-01
+8.270765e-05 2.260576e-01
-4.980757e-05 2.325670e-01
-1.584544e-04 2.585181e-01
+2.813692e-05 2.982232e-01
+1.733689e-04 3.216458e-01
-1.722234e-04 3.137170e-01
-4.396850e-05 3.027182e-01
-5.681180e-05 2.637832e-01
-1.614418e-04 2.371119e-01
+1.073322e-05 1.292037e-02
