+3.393265e+00 1.089563e+01
+4.774911e+00 1.098429e+01
-1.409174e+00 1.711672e+01
-2.061864e+00 1.815350e+01
-3.779365e+00 1.709989e+01
-1.793073e+00 1.842821e+01
-1.766404e-01 1.876650e+01
+5.279541e-02 1.806176e+01
-1.610907e+00 1.784880e+01
-7.826151e-01 1.814118e+01
-7.268961e-01 1.536678e+01
-7.197406e-01 1.286928e+01
+2.289155e+01 1.298393e+00
+1.930569e-04 4.642599e-01
-2.398434e-04 5.670075e-01
+3.534945e-04 8.134802e-01
+1.534546e-04 1.117581e+00
-6.147068e-04 1.132836e+00
-1.264142e-03 1.289199e+00
-2.559140e-04 1.460106e+00
+4.071466e-04 1.583119e+00
-2.268119e-04 1.547260e+00
-3.726391e-04 1.503868e+00
+4.927149e-05 1.299233e+00
+1.942617e-04 1.178024e+00
+1.414742e-05 6.662989e-02
-1.444082e-05 7.262818e-02
+8.436310e-05 9.534493e-02
-1.335773e-04 1.381998e-01
-1.178728e-04 1.964146e-01
-2.918047e-05 2.104110e-01
+1.795411e-04 2.439843e-01
-6.507168e-05 2.814573e-01
+6.917588e-06 3.096999e-01
+2.258316e-04 3.011363e-01
+1.192919e-04 2.942774e-01
+1.409200e-04 2.534811e-01
+6.138008e-05 2.308808e-01
+8.268766e-06 1.367206e-02
+3.393368e+00 1.089543e+01
+4.774721e+00 1.098413e+01
-1.409068e+00 1.711720e+01
-2.062021e+00 1.815314e+01
-3.779849e+00 1.709929e+01
-1.793675e+00 1.842976e+01
-1.767530e-01 1.876604e+01
+5.286873e-02 1.806187e+01
-1.610877e+00 1.784570e+01
-7.829165e-01 1.814013e+01
-7.272101e-01 1.536623e+01
-7.197615e-01 1.286920e+01
+2.289152e+01 1.298427e+00
+1.899299e-04 4.642097e-01
-1.835220e-04 5.669456e-01
+3.189754e-04 8.133770e-01
+6.773862e-05 1.117189e+00
-6.147358e-04 1.132383e+00
-1.063543e-03 1.288681e+00
-2.767798e-04 1.459700e+00
+3.474333e-04 1.582641e+00
-6.586853e-05 1.546433e+00
-2.288359e-04 1.502994e+00
+9.292846e-05 1.298808e+00
+1.664381e-04 1.177270e+00
+6.269272e-06 6.672595e-02
-1.639357e-05 7.268493e-02
+7.710412e-05 9.546716e-02
-9.198796e-05 1.383651e-01
-8.853150e-05 1.966580e-01
+1.030574e-05 2.107450e-01
+2.008795e-04 2.444343e-01
-4.389013e-05 2.819753e-01
+1.272485e-05 3.102957e-01
+2.028884e-04 3.016888e-01
+7.883075e-05 2.948687e-01
+1.374063e-04 2.539494e-01
+4.729764e-05 2.313661e-01
+1.312911e-05 1.371564e-02
+3.393620e+00 1.089542e+01
+4.774675e+00 1.098358e+01
-1.408999e+00 1.711723e+01
-2.061946e+00 1.815320e+01
-3.780403e+00 1.709886e+01
-1.794100e+00 1.843038e+01
-1.770461e-01 1.876655e+01
+5.316691e-02 1.806232e+01
-1.610676e+00 1.784264e+01
-7.826158e-01 1.813812e+01
-7.269104e-01 1.536545e+01
-7.198334e-01 1.286763e+01
+2.289152e+01 1.298417e+00
+1.668669e-04 4.641692e-01
-1.499052e-04 5.668666e-01
+3.132906e-04 8.132672e-01
+1.632675e-05 1.116793e+00
-5.363256e-04 1.131950e+00
-8.447671e-04 1.288267e+00
-2.664133e-04 1.459260e+00
+3.409974e-04 1.581919e+00
+9.256700e-05 1.545654e+00
-1.764338e-04 1.502326e+00
+1.444764e-04 1.298372e+00
+1.532829e-04 1.176505e+00
+1.174269e-05 6.682647e-02
-1.492492e-05 7.274824e-02
+6.292155e-05 9.561294e-02
-6.465751e-05 1.385653e-01
-6.389864e-05 1.969390e-01
+4.673624e-05 2.111293e-01
+2.042797e-04 2.449367e-01
-7.366588e-06 2.825804e-01
+3.036425e-05 3.110349e-01
+1.400680e-04 3.023185e-01
-2.809719e-06 2.955301e-01
+1.024103e-04 2.544874e-01
+2.990586e-05 2.319195e-01
+1.499357e-05 1.375692e-02
+3.393789e+00 1.089527e+01
+4.774642e+00 1.098318e+01
-1.408757e+00 1.711709e+01
-2.062141e+00 1.815273e+01
-3.780829e+00 1.709766e+01
-1.794529e+00 1.843069e+01
-1.773066e-01 1.876785e+01
+5.335522e-02 1.806317e+01
-1.610273e+00 1.784083e+01
-7.825382e-01 1.813472e+01
-7.265690e-01 1.536464e+01
-7.196410e-01 1.286640e+01
+2.289150e+01 1.298313e+00
+1.675996e-04 4.641213e-01
-1.068538e-04 5.667987e-01
+2.895583e-04 8.131795e-01
-1.150564e-06 1.116421e+00
-4.662173e-04 1.131443e+00
-6.491039e-04 1.287786e+00
-2.254104e-04 1.458632e+00
+3.872386e-04 1.581327e+00
+1.159858e-04 1.544641e+00
-2.438300e-04 1.501718e+00
+2.085595e-04 1.297970e+00
+1.455177e-04 1.175892e+00
+2.429105e-05 6.691879e-02
-3.785190e-06 7.280851e-02
+4.960641e-05 9.575307e-02
-6.026663e-05 1.387636e-01
-3.125401e-05 1.972153e-01
+5.581959e-05 2.114983e-01
+1.861330e-04 2.454075e-01
+1.924707e-05 2.831857e-01
+4.324496e-05 3.117449e-01
+4.853851e-05 3.029910e-01
-7.000567e-05 2.961658e-01
+5.557150e-05 2.550062e-01
-7.791641e-06 2.324327e-01
+1.481525e-05 1.378967e-02
+3.393833e+00 1.089496e+01
+4.774466e+00 1.098298e+01
-1.408529e+00 1.711698e+01
-2.062241e+00 1.815278e+01
-3.781139e+00 1.709674e+01
-1.794884e+00 1.843177e+01
-1.773153e-01 1.876740e+01
+5.365088e-02 1.806249e+01
-1.610178e+00 1.783877e+01
-7.830077e-01 1.813362e+01
-7.266116e-01 1.536507e+01
-7.194145e-01 1.286577e+01
+2.289154e+01 1.298011e+00
+1.647299e-04 4.641601e-01
-8.187851e-05 5.669461e-01
+2.521228e-04 8.134022e-01
-2.427446e-05 1.116580e+00
-4.031548e-04 1.131568e+00
-4.981272e-04 1.288015e+00
-1.629514e-04 1.459115e+00
+4.224868e-04 1.582133e+00
+6.682894e-05 1.544719e+00
-4.130959e-04 1.502000e+00
+1.687449e-04 1.298478e+00
+9.658911e-05 1.176130e+00
+3.441808e-05 6.700116e-02
+1.184830e-05 7.285017e-02
+4.106613e-05 9.584780e-02
-6.313159e-05 1.389017e-01
-4.404353e-06 1.974105e-01
+4.632334e-05 2.117621e-01
+1.660011e-04 2.457337e-01
+3.337981e-05 2.836184e-01
+4.132655e-05 3.122174e-01
-2.995750e-05 3.034760e-01
-9.700954e-05 2.966372e-01
+8.906360e-06 2.553707e-01
-5.458930e-05 2.327922e-01
+1.091766e-05 1.380943e-02
+3.394056e+00 1.089470e+01
+4.774409e+00 1.098270e+01
-1.408339e+00 1.711701e+01
-2.062202e+00 1.815226e+01
-3.781532e+00 1.709551e+01
-1.795336e+00 1.843159e+01
-1.774377e-01 1.876722e+01
+5.417647e-02 1.806430e+01
-1.610266e+00 1.783694e+01
-7.835147e-01 1.813170e+01
-7.264241e-01 1.536535e+01
-7.194371e-01 1.286534e+01
+2.289158e+01 1.297767e+00
+1.907214e-04 4.641289e-01
-4.512912e-05 5.669214e-01
+1.817501e-04 8.134451e-01
-2.805422e-06 1.116459e+00
-3.773118e-04 1.131371e+00
-3.537605e-04 1.287746e+00
-1.322006e-04 1.459134e+00
+4.689755e-04 1.582229e+00
+7.974841e-06 1.544466e+00
-4.830415e-04 1.501748e+00
+1.589839e-04 1.298438e+00
-8.614242e-06 1.175893e+00
+4.113057e-05 6.699542e-02
+2.308291e-05 7.284867e-02
+3.244656e-05 9.584907e-02
-6.101675e-05 1.389014e-01
+1.622305e-05 1.974054e-01
+3.919205e-05 2.117624e-01
+1.549605e-04 2.457199e-01
+3.923966e-05 2.836231e-01
+2.997204e-05 3.122174e-01
-7.419259e-05 3.034824e-01
-8.986679e-05 2.966534e-01
-2.987605e-05 2.553555e-01
-9.834860e-05 2.327844e-01
+5.847220e-06 1.380993e-02
+3.394279e+00 1.089445e+01
+4.774353e+00 1.098243e+01
-1.408148e+00 1.711704e+01
-2.062163e+00 1.815174e+01
-3.781925e+00 1.709428e+01
-1.795788e+00 1.843142e+01
-1.775602e-01 1.876704e+01
+5.470206e-02 1.806610e+01
-1.610353e+00 1.783511e+01
-7.840216e-01 1.812978e+01
-7.262367e-01 1.536564e+01
-7.194598e-01 1.286492e+01
+2.289162e+01 1.297524e+00
+2.167129e-04 4.640977e-01
-8.379726e-06 5.668967e-01
+1.113774e-04 8.134880e-01
+1.866361e-05 1.116337e+00
-3.514688e-04 1.131173e+00
-2.093937e-04 1.287477e+00
-1.014498e-04 1.459152e+00
+5.154642e-04 1.582325e+00
-5.087926e-05 1.544213e+00
-5.529871e-04 1.501497e+00
+1.492229e-04 1.298397e+00
-1.138176e-04 1.175657e+00
+4.784305e-05 6.698968e-02
+3.431751e-05 7.284716e-02
+2.382699e-05 9.585034e-02
-5.890190e-05 1.389010e-01
+3.685046e-05 1.974003e-01
+3.206075e-05 2.117627e-01
+1.439199e-04 2.457060e-01
+4.509950e-05 2.836278e-01
+1.861752e-05 3.122174e-01
-1.184277e-04 3.034889e-01
-8.272404e-05 2.966696e-01
-6.865845e-05 2.553404e-01
-1.421079e-04 2.327766e-01
+7.767788e-07 1.381043e-02
+3.394520e+00 1.089420e+01
+4.774472e+00 1.098250e+01
-1.408039e+00 1.711731e+01
-2.062193e+00 1.815225e+01
-3.782323e+00 1.709370e+01
-1.795845e+00 1.843072e+01
-1.778451e-01 1.876724e+01
+5.517451e-02 1.807023e+01
-1.610146e+00 1.783673e+01
-7.844465e-01 1.812934e+01
-7.259616e-01 1.536543e+01
-7.196614e-01 1.286378e+01
+2.289167e+01 1.297222e+00
+2.570226e-04 4.639809e-01
+1.862963e-05 5.667172e-01
+5.484731e-05 8.133056e-01
+5.849555e-05 1.116002e+00
-2.961000e-04 1.130689e+00
-1.866828e-05 1.286826e+00
-5.996283e-05 1.458706e+00
+4.906100e-04 1.581620e+00
-1.961232e-04 1.543541e+00
-6.232185e-04 1.500625e+00
+6.894019e-05 1.297764e+00
-2.410221e-04 1.175026e+00
+4.681468e-05 6.689279e-02
+4.649448e-05 7.280141e-02
+7.937234e-06 9.575905e-02
-4.802787e-05 1.387638e-01
+6.008139e-05 1.971843e-01
+1.857327e-05 2.114842e-01
+9.540437e-05 2.453305e-01
+6.615785e-05 2.832139e-01
+3.240333e-05 3.117548e-01
-1.611078e-04 3.030245e-01
-8.756526e-05 2.962360e-01
-1.023851e-04 2.549458e-01
-1.795066e-04 2.323893e-01
-3.106589e-06 1.379219e-02
+3.394721e+00 1.089417e+01
+4.774475e+00 1.098247e+01
-1.408090e+00 1.711750e+01
-2.062316e+00 1.815175e+01
-3.782576e+00 1.709228e+01
-1.795701e+00 1.842794e+01
-1.778137e-01 1.876738e+01
+5.550687e-02 1.807154e+01
-1.610093e+00 1.783547e+01
-7.847409e-01 1.813052e+01
-7.258279e-01 1.536616e+01
-7.197809e-01 1.286386e+01
+2.289167e+01 1.296901e+00
+2.923386e-04 4.639537e-01
+1.756613e-05 5.667516e-01
+5.123658e-05 8.134271e-01
+1.126773e-04 1.116192e+00
-2.578014e-04 1.131008e+00
+1.019175e-04 1.286978e+00
+2.082532e-05 1.459149e+00
+5.101298e-04 1.582056e+00
-3.458363e-04 1.543990e+00
-7.044181e-04 1.500963e+00
-4.065469e-05 1.297803e+00
-4.284459e-04 1.175356e+00
+3.958853e-05 6.679481e-02
+5.560262e-05 7.273516e-02
-1.027321e-05 9.561894e-02
-4.837687e-05 1.385656e-01
+8.210157e-05 1.968720e-01
-7.287487e-08 2.110840e-01
+1.019236e-05 2.447997e-01
+7.967674e-05 2.826261e-01
+7.916498e-05 3.110267e-01
-1.907731e-04 3.023136e-01
-9.549121e-05 2.955859e-01
-1.044964e-04 2.543969e-01
-1.925670e-04 2.318533e-01
-1.310196e-06 1.375916e-02
+3.395013e+00 1.089389e+01
+4.774487e+00 1.098207e+01
-1.407992e+00 1.711722e+01
-2.062301e+00 1.815160e+01
-3.782753e+00 1.709172e+01
-1.795426e+00 1.842777e+01
-1.778867e-01 1.876760e+01
+5.555255e-02 1.807221e+01
-1.610395e+00 1.783657e+01
-7.851020e-01 1.813191e+01
-7.259760e-01 1.536645e+01
-7.200515e-01 1.286428e+01
+2.289166e+01 1.296559e+00
+3.348632e-04 4.639421e-01
-5.811863e-06 5.668170e-01
+6.496209e-05 8.135330e-01
+1.727018e-04 1.116440e+00
-2.427486e-04 1.131232e+00
+7.019869e-05 1.287162e+00
+1.579554e-04 1.459617e+00
+6.331642e-04 1.582767e+00
-4.855399e-04 1.544548e+00
-8.400535e-04 1.501627e+00
-1.103146e-04 1.298059e+00
-5.539572e-04 1.175956e+00
+4.139664e-05 6.670031e-02
+6.494328e-05 7.266029e-02
-1.989128e-05 9.546839e-02
-7.518452e-05 1.383628e-01
+8.634107e-05 1.965508e-01
-2.340097e-05 2.106933e-01
-7.909528e-05 2.442707e-01
+7.213423e-05 2.820124e-01
+1.362242e-04 3.102487e-01
-1.806146e-04 3.015859e-01
-8.728905e-05 2.949047e-01
-7.021822e-05 2.537976e-01
-1.818032e-04 2.312862e-01
+4.982714e-06 1.371666e-02
+3.395244e+00 1.089356e+01
+4.774442e+00 1.098167e+01
-1.407745e+00 1.711701e+01
-2.062317e+00 1.815156e+01
-3.783056e+00 1.709321e+01
-1.795369e+00 1.842634e+01
-1.777923e-01 1.876699e+01
+5.593687e-02 1.807283e+01
-1.610394e+00 1.783666e+01
-7.854435e-01 1.813171e+01
-7.260860e-01 1.536578e+01
-7.206371e-01 1.286352e+01
+2.289164e+01 1.296203e+00
+3.655984e-04 4.639328e-01
-3.450605e-05 5.668501e-01
+2.082567e-05 8.136677e-01
+2.329327e-04 1.116584e+00
-2.271033e-04 1.131359e+00
-4.567108e-05 1.287375e+00
+2.345853e-04 1.460188e+00
+8.336490e-04 1.583160e+00
-6.083691e-04 1.544886e+00
-9.640375e-04 1.502183e+00
-7.712638e-05 1.298403e+00
-5.997336e-04 1.176630e+00
+6.321600e-05 6.659586e-02
+8.070618e-05 7.259421e-02
-8.554468e-06 9.534144e-02
-1.167760e-04 1.381839e-01
+8.732696e-05 1.962847e-01
-3.899714e-05 2.103783e-01
-1.319627e-04 2.438171e-01
+2.406101e-05 2.814738e-01
+1.491259e-04 3.095859e-01
-1.760627e-04 3.009786e-01
-5.925152e-05 2.943447e-01
-3.586319e-05 2.532532e-01
-1.605775e-04 2.307937e-01
+9.488890e-06 1.367688e-02
