+4.137437e+00 2.167249e+00
+4.543069e+00 3.715653e+00
-2.484210e+00 4.842138e+00
-2.170882e+00 7.147658e+00
-4.025424e+00 8.091976e+00
-2.452301e+00 9.216412e+00
+2.897103e-01 9.959266e+00
-7.586564e-02 1.136706e+01
-1.520694e+00 1.091014e+01
-7.978247e-01 1.091125e+01
-9.168318e-01 9.261556e+00
-5.963620e-01 8.777741e+00
+2.334268e+01 1.351320e+00
+1.670734e-04 1.534020e-01
-2.452624e-04 2.927626e-01
+4.255005e-04 3.983520e-01
+1.456960e-04 5.873919e-01
-7.232935e-04 7.479990e-01
-1.177618e-03 9.468916e-01
-2.341871e-04 1.075822e+00
+3.793815e-04 1.285816e+00
-1.078701e-04 1.221389e+00
-3.095015e-04 1.234154e+00
-1.216717e-04 1.043826e+00
+3.541402e-04 9.975191e-01
+1.430718e-05 7.212475e-02
-1.135699e-05 2.987082e-02
+8.635367e-05 5.750954e-02
-1.517310e-04 7.957263e-02
-1.023876e-04 1.184553e-01
-6.295074e-06 1.505813e-01
+1.295714e-04 1.931441e-01
-6.418172e-05 2.206744e-01
+2.034851e-05 2.648468e-01
+2.329971e-04 2.494602e-01
+1.041973e-04 2.535229e-01
+1.372103e-04 2.128583e-01
+4.913831e-05 2.026102e-01
+7.145157e-06 1.487840e-02
+4.137533e+00 2.167094e+00
+4.542875e+00 3.715507e+00
-2.484083e+00 4.842905e+00
-2.171021e+00 7.147437e+00
-4.025903e+00 8.091096e+00
-2.452900e+00 9.217736e+00
+2.895433e-01 9.958880e+00
-7.583643e-02 1.136740e+01
-1.520579e+00 1.090718e+01
-7.980471e-01 1.091026e+01
-9.172782e-01 9.260939e+00
-5.963135e-01 8.776887e+00
+2.334266e+01 1.351148e+00
+1.653116e-04 1.533606e-01
-1.882719e-04 2.926940e-01
+3.736476e-04 3.982673e-01
+6.621510e-05 5.870010e-01
-7.043600e-04 7.475749e-01
-1.001869e-03 9.464036e-01
-2.428615e-04 1.075413e+00
+3.225960e-04 1.285397e+00
+4.824182e-05 1.220513e+00
-1.625703e-04 1.233334e+00
-7.331412e-05 1.043356e+00
+3.250519e-04 9.967449e-01
+6.564124e-06 7.222067e-02
-1.375569e-05 2.992991e-02
+8.427475e-05 5.763419e-02
-1.122037e-04 7.973930e-02
-7.398479e-05 1.187036e-01
+2.863601e-05 1.509160e-01
+1.574057e-04 1.936036e-01
-3.773276e-05 2.211922e-01
+2.896714e-05 2.654515e-01
+1.981458e-04 2.500160e-01
+6.065656e-05 2.541298e-01
+1.428259e-04 2.133416e-01
+3.109845e-05 2.030866e-01
+1.240990e-05 1.492202e-02
+4.137772e+00 2.166929e+00
+4.542822e+00 3.715028e+00
-2.484003e+00 4.843073e+00
-2.170938e+00 7.147705e+00
-4.026481e+00 8.090618e+00
-2.453346e+00 9.218589e+00
+2.892875e-01 9.959445e+00
-7.557992e-02 1.136806e+01
-1.520294e+00 1.090449e+01
-7.977028e-01 1.090866e+01
-9.170799e-01 9.260336e+00
-5.962560e-01 8.774814e+00
+2.334265e+01 1.350919e+00
+1.448873e-04 1.533301e-01
-1.479671e-04 2.926189e-01
+3.513920e-04 3.981749e-01
+2.416839e-05 5.866443e-01
-6.154297e-04 7.471305e-01
-8.194939e-04 9.460251e-01
-2.254596e-04 1.074974e+00
+3.303664e-04 1.284701e+00
+1.821950e-04 1.219702e+00
-1.173384e-04 1.232776e+00
+7.986014e-07 1.042913e+00
+2.836510e-04 9.959436e-01
+1.230340e-05 7.232150e-02
-1.212770e-05 2.999540e-02
+7.382779e-05 5.778037e-02
-8.403292e-05 7.994092e-02
-5.137304e-05 1.189875e-01
+5.981876e-05 1.513032e-01
+1.732100e-04 1.941139e-01
-6.443044e-06 2.217994e-01
+4.958624e-05 2.661998e-01
+1.247240e-04 2.506519e-01
-2.551149e-05 2.547998e-01
+1.179532e-04 2.138891e-01
+3.247852e-06 2.036422e-01
+1.444916e-05 1.496326e-02
+4.137923e+00 2.166669e+00
+4.542804e+00 3.714684e+00
-2.483759e+00 4.843591e+00
-2.171097e+00 7.147255e+00
-4.026956e+00 8.089220e+00
-2.453781e+00 9.218568e+00
+2.890763e-01 9.960999e+00
-7.534024e-02 1.136956e+01
-1.519814e+00 1.090224e+01
-7.975680e-01 1.090567e+01
-9.168776e-01 9.259226e+00
-5.959737e-01 8.773124e+00
+2.334263e+01 1.350595e+00
+1.482817e-04 1.532898e-01
-9.485636e-05 2.925620e-01
+3.115318e-04 3.981015e-01
+1.569567e-05 5.862905e-01
-5.425503e-04 7.466209e-01
-6.309165e-04 9.456436e-01
-1.848245e-04 1.074379e+00
+3.966928e-04 1.284144e+00
+1.777246e-04 1.218699e+00
-2.125937e-04 1.232248e+00
+9.132503e-05 1.042533e+00
+2.437103e-04 9.953019e-01
+2.477076e-05 7.241413e-02
-5.787767e-07 3.005779e-02
+5.992884e-05 5.792061e-02
-7.724489e-05 8.014118e-02
-2.223403e-05 1.192648e-01
+6.884125e-05 1.516742e-01
+1.695623e-04 1.945814e-01
+1.049785e-05 2.224098e-01
+5.709120e-05 2.669187e-01
+2.664073e-05 2.513191e-01
-9.785988e-05 2.554465e-01
+7.786457e-05 2.144041e-01
-4.011066e-05 2.041599e-01
+1.417044e-05 1.499592e-02
+4.137962e+00 2.166437e+00
+4.542647e+00 3.714516e+00
-2.483529e+00 4.844369e+00
-2.171155e+00 7.147631e+00
-4.027339e+00 8.088220e+00
-2.454154e+00 9.219447e+00
+2.890753e-01 9.960365e+00
-7.502646e-02 1.136918e+01
-1.519687e+00 1.090010e+01
-7.980179e-01 1.090493e+01
-9.170065e-01 9.259670e+00
-5.957181e-01 8.771934e+00
+2.334267e+01 1.350152e+00
+1.486833e-04 1.533376e-01
-6.075560e-05 2.927179e-01
+2.605301e-04 3.983176e-01
-7.574538e-07 5.864615e-01
-4.653687e-04 7.467715e-01
-4.762848e-04 9.459341e-01
-1.428180e-04 1.074890e+00
+4.407709e-04 1.284984e+00
+9.863656e-05 1.218804e+00
-4.084365e-04 1.232643e+00
+7.801231e-05 1.043005e+00
+1.564748e-04 9.955458e-01
+3.430192e-05 7.249642e-02
+1.519106e-05 3.010119e-02
+4.877693e-05 5.801678e-02
-7.776242e-05 8.028090e-02
-1.074729e-07 1.194622e-01
+6.246972e-05 1.519368e-01
+1.631353e-04 1.949064e-01
+1.690599e-05 2.228468e-01
+4.542513e-05 2.673932e-01
-5.352707e-05 2.517973e-01
-1.257830e-04 2.559286e-01
+3.421596e-05 2.147710e-01
-8.538003e-05 2.045199e-01
+1.014745e-05 1.501567e-02
+4.138170e+00 2.166053e+00
+4.542620e+00 3.714307e+00
-2.483342e+00 4.844937e+00
-2.171090e+00 7.147282e+00
-4.027774e+00 8.087127e+00
-2.454549e+00 9.218962e+00
+2.889551e-01 9.960527e+00
-7.449740e-02 1.137152e+01
-1.519770e+00 1.089824e+01
-7.985497e-01 1.090359e+01
-9.168805e-01 9.259767e+00
-5.956926e-01 8.771510e+00
+2.334271e+01 1.349776e+00
+1.777878e-04 1.533126e-01
-1.975006e-05 2.927034e-01
+1.780627e-04 3.983649e-01
+2.110725e-05 5.863351e-01
-4.181843e-04 7.465968e-01
-3.299921e-04 9.457072e-01
-1.307530e-04 1.074966e+00
+4.808065e-04 1.285092e+00
+1.596235e-05 1.218549e+00
-5.039125e-04 1.232483e+00
+9.702402e-05 1.042887e+00
+2.696565e-05 9.953064e-01
+4.008308e-05 7.249052e-02
+2.649643e-05 3.010035e-02
+3.696481e-05 5.801859e-02
-7.364489e-05 8.028277e-02
+1.610233e-05 1.194581e-01
+5.887815e-05 1.519360e-01
+1.588624e-04 1.948965e-01
+1.853036e-05 2.228553e-01
+2.427270e-05 2.673932e-01
-9.854840e-05 2.517998e-01
-1.155500e-04 2.559489e-01
-2.331481e-06 2.147592e-01
-1.262120e-04 2.045091e-01
+5.072457e-06 1.501617e-02
+4.138377e+00 2.165668e+00
+4.542592e+00 3.714099e+00
-2.483155e+00 4.845505e+00
-2.171025e+00 7.146933e+00
-4.028210e+00 8.086033e+00
-2.454943e+00 9.218476e+00
+2.888350e-01 9.960689e+00
-7.396833e-02 1.137386e+01
-1.519852e+00 1.089639e+01
-7.990815e-01 1.090224e+01
-9.167544e-01 9.259864e+00
-5.956671e-01 8.771086e+00
+2.334275e+01 1.349401e+00
+2.068923e-04 1.532876e-01
+2.125548e-05 2.926890e-01
+9.559519e-05 3.984123e-01
+4.297195e-05 5.862088e-01
-3.710000e-04 7.464222e-01
-1.836993e-04 9.454804e-01
-1.186880e-04 1.075041e+00
+5.208421e-04 1.285201e+00
-6.671186e-05 1.218293e+00
-5.993886e-04 1.232322e+00
+1.160357e-04 1.042769e+00
-1.025435e-04 9.950671e-01
+4.586424e-05 7.248461e-02
+3.780180e-05 3.009950e-02
+2.515270e-05 5.802040e-02
-6.952737e-05 8.028463e-02
+3.231212e-05 1.194541e-01
+5.528658e-05 1.519352e-01
+1.545895e-04 1.948865e-01
+2.015474e-05 2.228638e-01
+3.120261e-06 2.673932e-01
-1.435697e-04 2.518024e-01
-1.053169e-04 2.559691e-01
-3.887892e-05 2.147474e-01
-1.670439e-04 2.044983e-01
-2.533434e-09 1.501668e-02
+4.138604e+00 2.165191e+00
+4.542733e+00 3.714353e+00
-2.483056e+00 4.846095e+00
-2.171056e+00 7.147501e+00
-4.028612e+00 8.085708e+00
-2.455036e+00 9.217455e+00
+2.885427e-01 9.961078e+00
-7.346528e-02 1.137820e+01
-1.519651e+00 1.089749e+01
-7.995558e-01 1.090224e+01
-9.165185e-01 9.259466e+00
-5.958644e-01 8.770461e+00
+2.334279e+01 1.348986e+00
+2.516594e-04 1.531844e-01
+4.896210e-05 2.925252e-01
+2.577482e-05 3.982513e-01
+7.434252e-05 5.858707e-01
-2.953439e-04 7.459765e-01
+1.710248e-05 9.448587e-01
-1.042376e-04 1.074642e+00
+4.780207e-04 1.284488e+00
-2.323432e-04 1.217611e+00
-6.948677e-04 1.231529e+00
+6.065601e-05 1.042073e+00
-2.578402e-04 9.944446e-01
+4.435187e-05 7.238748e-02
+4.877398e-05 3.005328e-02
+7.179582e-06 5.792957e-02
-5.390729e-05 8.014961e-02
+5.272399e-05 1.192408e-01
+4.183058e-05 1.516561e-01
+1.168997e-04 1.945230e-01
+3.961183e-05 2.224501e-01
+7.494041e-06 2.669311e-01
-1.876227e-04 2.513351e-01
-1.056653e-04 2.555360e-01
-7.014434e-05 2.143483e-01
-2.009203e-04 2.041042e-01
-3.809589e-06 1.499847e-02
+4.138807e+00 2.164944e+00
+4.542771e+00 3.714398e+00
-2.483158e+00 4.846464e+00
-2.171119e+00 7.146841e+00
-4.028841e+00 8.084468e+00
-2.454880e+00 9.214885e+00
+2.885375e-01 9.961525e+00
-7.312007e-02 1.137998e+01
-1.519622e+00 1.089613e+01
-7.998862e-01 1.090331e+01
-9.164036e-01 9.260586e+00
-5.960032e-01 8.770878e+00
+2.334280e+01 1.348600e+00
+2.893980e-04 1.531743e-01
+4.620936e-05 2.925786e-01
+1.591161e-05 3.983947e-01
+1.230070e-04 5.860743e-01
-2.396596e-04 7.463147e-01
+1.612303e-04 9.449712e-01
-4.170262e-05 1.075189e+00
+4.820346e-04 1.284956e+00
-4.186486e-04 1.218021e+00
-7.891396e-04 1.231949e+00
-1.052126e-05 1.042111e+00
-4.679099e-04 9.947983e-01
+3.696604e-05 7.228913e-02
+5.493678e-05 2.998632e-02
-1.124712e-05 5.779126e-02
-4.806489e-05 7.995465e-02
+7.175738e-05 1.189297e-01
+2.063655e-05 1.512596e-01
+4.111361e-05 1.940093e-01
+5.672715e-05 2.218570e-01
+4.865886e-05 2.662001e-01
-2.165027e-04 2.506233e-01
-1.111516e-04 2.548799e-01
-7.071128e-05 2.137980e-01
-2.087276e-04 2.035619e-01
-2.052475e-06 1.496547e-02
+4.139100e+00 2.164304e+00
+4.542794e+00 3.714120e+00
-2.483097e+00 4.846428e+00
-2.171119e+00 7.146756e+00
-4.029014e+00 8.084141e+00
-2.454576e+00 9.215372e+00
+2.884007e-01 9.961569e+00
-7.311022e-02 1.138048e+01
-1.519921e+00 1.089718e+01
-8.002886e-01 1.090474e+01
-9.166001e-01 9.260939e+00
-5.963002e-01 8.772119e+00
+2.334279e+01 1.348230e+00
+3.289848e-04 1.531666e-01
+2.788126e-05 2.926654e-01
+3.358261e-05 3.985090e-01
+1.840348e-04 5.863417e-01
-2.233115e-04 7.465555e-01
+1.666110e-04 9.451549e-01
+8.595367e-05 1.075707e+00
+5.902620e-04 1.285697e+00
-5.897750e-04 1.218568e+00
-9.369221e-04 1.232670e+00
-4.738964e-05 1.042317e+00
-6.158158e-04 9.953959e-01
+3.885662e-05 7.219431e-02
+6.075707e-05 2.991336e-02
-1.948534e-05 5.764213e-02
-6.960256e-05 7.975703e-02
+7.426305e-05 1.186087e-01
-4.205669e-06 1.508762e-01
-4.316066e-05 1.934864e-01
+5.434944e-05 2.212415e-01
+1.046256e-04 2.654127e-01
-2.026696e-04 2.498935e-01
-1.051251e-04 2.541961e-01
-3.309296e-05 2.132068e-01
-1.915665e-04 2.029916e-01
+3.880282e-06 1.492297e-02
+4.139323e+00 2.163761e+00
+4.542757e+00 3.713820e+00
-2.482862e+00 4.846510e+00
-2.171111e+00 7.146808e+00
-4.029298e+00 8.085651e+00
-2.454478e+00 9.213905e+00
+2.884841e-01 9.961149e+00
-7.271152e-02 1.138192e+01
-1.520017e+00 1.089736e+01
-8.006201e-01 1.090492e+01
-9.166650e-01 9.260783e+00
-5.969034e-01 8.771794e+00
+2.334276e+01 1.347961e+00
+3.514319e-04 1.531642e-01
+8.423502e-06 2.927194e-01
-5.078338e-06 3.986589e-01
+2.367415e-04 5.864775e-01
-2.117495e-04 7.467156e-01
+7.813783e-05 9.453892e-01
+1.705331e-04 1.076278e+00
+7.889094e-04 1.286103e+00
-7.341048e-04 1.218911e+00
-1.083641e-03 1.233247e+00
+1.488421e-05 1.042669e+00
-6.773513e-04 9.960782e-01
+6.028308e-05 7.208957e-02
+7.483454e-05 2.984868e-02
-8.608696e-06 5.751701e-02
-1.090496e-04 7.958197e-02
+7.281892e-05 1.183451e-01
-2.153364e-05 1.505664e-01
-9.619495e-05 1.930310e-01
+4.718109e-06 2.207132e-01
+1.133704e-04 2.647594e-01
-1.893465e-04 2.492786e-01
-8.189982e-05 2.536419e-01
+7.231738e-07 2.126724e-01
-1.634583e-04 2.024945e-01
+7.852464e-06 1.488316e-02
