-4.502371e+00 1.901949e+01
+4.736648e+00 1.794412e+01
-7.207107e-01 2.924796e+01
-6.637337e+00 3.210113e+01
+5.787915e-01 2.371792e+01
-2.049769e+00 2.556223e+01
-1.835876e+00 2.794146e+01
-3.452172e+00 2.620706e+01
-1.842849e+00 2.904387e+01
+4.106506e-01 2.659317e+01
-8.793406e-02 2.655911e+01
+1.554777e+00 2.783636e+01
+2.023737e+01 2.255799e+00
-3.683919e-04 7.668949e-01
-4.631216e-04 7.527614e-01
-3.055424e-04 1.232442e+00
+6.928185e-04 1.489428e+00
+7.847505e-04 1.478817e+00
-3.771195e-04 1.586915e+00
+5.993088e-04 1.786188e+00
+2.294889e-04 1.756512e+00
-5.456837e-05 1.910863e+00
+1.472504e-04 1.784021e+00
+3.618289e-04 1.771330e+00
+9.168709e-05 1.662002e+00
+3.859931e-05 4.870203e-02
-2.846251e-05 1.171277e-01
-3.088760e-05 1.229314e-01
-3.196914e-05 2.005338e-01
-6.765498e-05 2.495078e-01
+1.290682e-05 2.660571e-01
+1.810867e-04 2.950228e-01
-1.167622e-04 3.323479e-01
-1.486485e-04 3.334190e-01
-3.031905e-05 3.612171e-01
+2.454622e-05 3.372959e-01
-1.162328e-04 3.341652e-01
+1.890799e-04 3.183208e-01
-2.114553e-05 8.252765e-03
-4.502750e+00 1.901983e+01
+4.736214e+00 1.794461e+01
-7.211106e-01 2.924891e+01
-6.636822e+00 3.209967e+01
+5.792553e-01 2.372048e+01
-2.049973e+00 2.555808e+01
-1.835458e+00 2.794336e+01
-3.452273e+00 2.620558e+01
-1.842777e+00 2.904364e+01
+4.110848e-01 2.658964e+01
-8.794871e-02 2.655331e+01
+1.554898e+00 2.783883e+01
+2.023736e+01 2.255876e+00
-3.929692e-04 7.676087e-01
-4.727224e-04 7.532801e-01
-3.046413e-04 1.233343e+00
+5.567414e-04 1.489988e+00
+7.338984e-04 1.479503e+00
-2.681086e-04 1.587707e+00
+6.309970e-04 1.786960e+00
+1.911674e-04 1.757239e+00
-5.382202e-05 1.912257e+00
+1.918958e-04 1.784800e+00
+3.360846e-04 1.772258e+00
+2.272427e-04 1.663180e+00
+1.558789e-05 4.874445e-02
-7.978594e-06 1.173542e-01
-1.850748e-05 1.231485e-01
-1.397352e-05 2.009330e-01
-4.907834e-05 2.499455e-01
+1.517113e-05 2.666023e-01
+1.690869e-04 2.957298e-01
-1.259440e-04 3.331100e-01
-1.261815e-04 3.342008e-01
-2.300977e-05 3.620769e-01
+2.166657e-05 3.381091e-01
-6.841929e-05 3.349462e-01
+1.238902e-04 3.190772e-01
-2.316708e-05 8.275351e-03
-4.503071e+00 1.902003e+01
+4.735746e+00 1.794506e+01
-7.213864e-01 2.924927e+01
-6.636559e+00 3.209713e+01
+5.798458e-01 2.372075e+01
-2.050043e+00 2.555396e+01
-1.834905e+00 2.794474e+01
-3.452071e+00 2.620312e+01
-1.842651e+00 2.904711e+01
+4.114413e-01 2.658715e+01
-8.779558e-02 2.654936e+01
+1.555327e+00 2.784022e+01
+2.023733e+01 2.255979e+00
-3.932603e-04 7.682714e-01
-4.681139e-04 7.538172e-01
-3.211552e-04 1.234278e+00
+4.988793e-04 1.490693e+00
+6.919356e-04 1.480231e+00
-2.093127e-04 1.588359e+00
+5.880658e-04 1.788062e+00
+1.285470e-04 1.758207e+00
-5.388274e-05 1.913543e+00
+2.350992e-04 1.785599e+00
+3.163471e-04 1.773194e+00
+2.656839e-04 1.664361e+00
-1.123807e-05 4.879063e-02
+4.047685e-06 1.175724e-01
-1.526486e-06 1.233711e-01
-2.160495e-05 2.013303e-01
-4.060758e-06 2.503712e-01
-1.898040e-06 2.671562e-01
+1.287338e-04 2.964722e-01
-1.551945e-04 3.338369e-01
-1.164208e-04 3.349851e-01
-5.460909e-06 3.629750e-01
+7.925665e-06 3.389351e-01
-4.666012e-05 3.357855e-01
+1.123835e-05 3.198597e-01
-2.291971e-05 8.297079e-03
-4.503432e+00 1.902042e+01
+4.735240e+00 1.794566e+01
-7.216806e-01 2.924859e+01
-6.636368e+00 3.209272e+01
+5.802823e-01 2.372122e+01
-2.049990e+00 2.555018e+01
-1.834447e+00 2.794515e+01
-3.451939e+00 2.620123e+01
-1.842736e+00 2.905044e+01
+4.117573e-01 2.658652e+01
-8.742865e-02 2.654622e+01
+1.555659e+00 2.784469e+01
+2.023726e+01 2.256112e+00
-3.800804e-04 7.689785e-01
-4.516409e-04 7.544025e-01
-3.589480e-04 1.235147e+00
+5.018627e-04 1.491404e+00
+6.429486e-04 1.480940e+00
-1.672128e-04 1.589107e+00
+4.480005e-04 1.788970e+00
+7.796910e-05 1.758918e+00
-9.176526e-07 1.914585e+00
+2.475394e-04 1.786424e+00
+3.209744e-04 1.773821e+00
+1.564573e-04 1.665456e+00
-3.132138e-05 4.883172e-02
+1.185837e-05 1.177253e-01
+1.914811e-05 1.235514e-01
-3.338741e-05 2.016443e-01
+3.711078e-05 2.507301e-01
-1.304931e-05 2.676215e-01
+7.810927e-05 2.970631e-01
-1.764269e-04 3.344681e-01
-1.005833e-04 3.356700e-01
+3.426905e-05 3.637910e-01
+5.416708e-06 3.396481e-01
-4.042430e-05 3.365304e-01
-7.963202e-05 3.205654e-01
-1.796566e-05 8.314566e-03
-4.503818e+00 1.902119e+01
+4.734765e+00 1.794606e+01
-7.221890e-01 2.924885e+01
-6.635820e+00 3.208910e+01
+5.807482e-01 2.372220e+01
-2.050228e+00 2.554617e+01
-1.834118e+00 2.794704e+01
-3.452110e+00 2.620183e+01
-1.842696e+00 2.904925e+01
+4.121453e-01 2.658298e+01
-8.731866e-02 2.654145e+01
+1.555690e+00 2.784758e+01
+2.023721e+01 2.256162e+00
-3.726998e-04 7.695424e-01
-4.109651e-04 7.549646e-01
-4.126757e-04 1.235972e+00
+5.758025e-04 1.492174e+00
+5.984975e-04 1.481851e+00
-1.568034e-04 1.590015e+00
+2.722534e-04 1.790077e+00
-1.044874e-05 1.759933e+00
+7.772596e-05 1.916110e+00
+2.639920e-04 1.787633e+00
+2.926108e-04 1.775084e+00
-2.616575e-05 1.666946e+00
-4.379445e-05 4.887330e-02
+1.449617e-05 1.178060e-01
+3.625480e-05 1.236615e-01
-3.704869e-05 2.018389e-01
+5.442877e-05 2.509675e-01
-2.249057e-05 2.679251e-01
+3.964126e-05 2.974254e-01
-1.698377e-04 3.349023e-01
-7.665743e-05 3.361409e-01
+7.182663e-05 3.643131e-01
+6.360651e-06 3.401058e-01
-3.953314e-05 3.370323e-01
-1.313609e-04 3.210271e-01
-1.233287e-05 8.325472e-03
-4.504187e+00 1.902141e+01
+4.734426e+00 1.794613e+01
-7.226268e-01 2.924876e+01
-6.635139e+00 3.208460e+01
+5.813590e-01 2.372206e+01
-2.050392e+00 2.554286e+01
-1.833973e+00 2.795094e+01
-3.452123e+00 2.620064e+01
-1.842503e+00 2.904946e+01
+4.123774e-01 2.658120e+01
-8.698923e-02 2.653773e+01
+1.555505e+00 2.785361e+01
+2.023716e+01 2.256215e+00
-3.550046e-04 7.695526e-01
-3.656853e-04 7.550188e-01
-4.413006e-04 1.235915e+00
+6.284822e-04 1.492099e+00
+5.819009e-04 1.481839e+00
-1.419546e-04 1.589653e+00
+1.283501e-04 1.789879e+00
-5.453854e-05 1.759870e+00
+1.860575e-04 1.916230e+00
+2.813265e-04 1.787507e+00
+2.471789e-04 1.774967e+00
-1.592703e-04 1.667248e+00
-5.036664e-05 4.887097e-02
+1.501971e-05 1.178020e-01
+4.856832e-05 1.236604e-01
-3.486071e-05 2.018420e-01
+5.248201e-05 2.509708e-01
-3.098057e-05 2.679290e-01
+7.681481e-06 2.974215e-01
-1.402534e-04 3.348994e-01
-5.135611e-05 3.361503e-01
+9.621121e-05 3.643088e-01
+1.305600e-05 3.401042e-01
-4.021583e-05 3.370449e-01
-1.462165e-04 3.210316e-01
-8.809636e-06 8.325930e-03
-4.504556e+00 1.902164e+01
+4.734088e+00 1.794621e+01
-7.230647e-01 2.924867e+01
-6.634457e+00 3.208011e+01
+5.819697e-01 2.372192e+01
-2.050557e+00 2.553955e+01
-1.833828e+00 2.795485e+01
-3.452136e+00 2.619944e+01
-1.842311e+00 2.904968e+01
+4.126095e-01 2.657943e+01
-8.665980e-02 2.653401e+01
+1.555321e+00 2.785964e+01
+2.023712e+01 2.256268e+00
-3.373095e-04 7.695628e-01
-3.204056e-04 7.550731e-01
-4.699255e-04 1.235858e+00
+6.811619e-04 1.492024e+00
+5.653043e-04 1.481827e+00
-1.271058e-04 1.589291e+00
-1.555320e-05 1.789681e+00
-9.862834e-05 1.759807e+00
+2.943890e-04 1.916350e+00
+2.986611e-04 1.787380e+00
+2.017471e-04 1.774850e+00
-2.923748e-04 1.667550e+00
-5.693884e-05 4.886864e-02
+1.554326e-05 1.177980e-01
+6.088184e-05 1.236592e-01
-3.267273e-05 2.018450e-01
+5.053525e-05 2.509741e-01
-3.947056e-05 2.679329e-01
-2.427830e-05 2.974176e-01
-1.106692e-04 3.348965e-01
-2.605479e-05 3.361597e-01
+1.205958e-04 3.643045e-01
+1.975134e-05 3.401026e-01
-4.089852e-05 3.370575e-01
-1.610721e-04 3.210361e-01
-5.286402e-06 8.326387e-03
-4.504838e+00 1.902196e+01
+4.733750e+00 1.794668e+01
-7.234492e-01 2.924934e+01
-6.633907e+00 3.207653e+01
+5.825810e-01 2.372092e+01
-2.050535e+00 2.553959e+01
-1.833950e+00 2.796012e+01
-3.452199e+00 2.619864e+01
-1.841999e+00 2.904707e+01
+4.129318e-01 2.657547e+01
-8.652218e-02 2.653546e+01
+1.555047e+00 2.786452e+01
+2.023706e+01 2.256240e+00
-3.226770e-04 7.690226e-01
-2.540790e-04 7.546086e-01
-5.046267e-04 1.234900e+00
+7.115931e-04 1.491180e+00
+5.046420e-04 1.480998e+00
-1.436543e-04 1.587656e+00
-1.093634e-04 1.788008e+00
-1.347216e-04 1.758442e+00
+3.718069e-04 1.914961e+00
+2.954849e-04 1.785703e+00
+1.653270e-04 1.773404e+00
-4.415204e-04 1.666394e+00
-6.879738e-05 4.882051e-02
+1.405578e-05 1.177027e-01
+7.343614e-05 1.235434e-01
-2.890006e-05 2.016546e-01
+5.610037e-05 2.507385e-01
-5.677594e-05 2.676199e-01
-8.607605e-05 2.970223e-01
-7.881644e-05 3.344669e-01
+2.309109e-05 3.357273e-01
+1.568087e-04 3.637851e-01
+2.902939e-05 3.396273e-01
-1.846568e-05 3.366131e-01
-1.785883e-04 3.206188e-01
+1.445506e-06 8.316850e-03
-4.505162e+00 1.902216e+01
+4.733401e+00 1.794832e+01
-7.239484e-01 2.924963e+01
-6.633454e+00 3.207499e+01
+5.828619e-01 2.371878e+01
-2.050537e+00 2.553950e+01
-1.833986e+00 2.796457e+01
-3.452341e+00 2.619776e+01
-1.841678e+00 2.904362e+01
+4.133673e-01 2.657060e+01
-8.639622e-02 2.653082e+01
+1.554866e+00 2.786884e+01
+2.023696e+01 2.256237e+00
-3.105054e-04 7.683180e-01
-1.888638e-04 7.540324e-01
-5.409928e-04 1.233846e+00
+7.265970e-04 1.490423e+00
+4.213106e-04 1.480409e+00
-2.478743e-04 1.586472e+00
-1.424758e-04 1.786672e+00
-8.495517e-05 1.757560e+00
+5.473077e-04 1.913871e+00
+3.512163e-04 1.784495e+00
+1.705690e-04 1.772315e+00
-6.417639e-04 1.665230e+00
-7.157179e-05 4.877876e-02
+9.283481e-06 1.175342e-01
+9.153865e-05 1.233564e-01
-1.959544e-05 2.013361e-01
+6.751389e-05 2.503550e-01
-6.553885e-05 2.671183e-01
-1.498801e-04 2.963771e-01
-6.933033e-05 3.338061e-01
+6.845446e-05 3.350419e-01
+1.913702e-04 3.629840e-01
+2.620497e-05 3.388758e-01
+6.063052e-06 3.359130e-01
-1.894490e-04 3.199660e-01
+1.179715e-05 8.299174e-03
-4.505481e+00 1.902281e+01
+4.733163e+00 1.794982e+01
-7.244207e-01 2.924781e+01
-6.633064e+00 3.207190e+01
+5.830876e-01 2.371874e+01
-2.050684e+00 2.553855e+01
-1.833814e+00 2.796785e+01
-3.452404e+00 2.619441e+01
-1.841517e+00 2.904324e+01
+4.136437e-01 2.656731e+01
-8.621937e-02 2.653081e+01
+1.554558e+00 2.787454e+01
+2.023686e+01 2.256198e+00
-3.071585e-04 7.675794e-01
-1.218891e-04 7.534143e-01
-5.686030e-04 1.232781e+00
+7.868740e-04 1.489668e+00
+3.052368e-04 1.479618e+00
-4.574484e-04 1.585488e+00
-1.945949e-04 1.785462e+00
+4.110421e-05 1.756801e+00
+7.329089e-04 1.912604e+00
+3.904074e-04 1.783457e+00
+2.705576e-04 1.771318e+00
-8.297609e-04 1.663957e+00
-6.284489e-05 4.874249e-02
-3.411134e-06 1.173107e-01
+1.137108e-04 1.231271e-01
-1.782847e-05 2.009336e-01
+8.581838e-05 2.498963e-01
-5.088788e-05 2.665674e-01
-1.777189e-04 2.956407e-01
-9.673868e-05 3.330212e-01
+6.912793e-05 3.342559e-01
+2.156810e-04 3.620888e-01
-1.599377e-06 3.379937e-01
+1.510130e-05 3.350946e-01
-1.829839e-04 3.191651e-01
+2.390383e-05 8.276577e-03
-4.505771e+00 1.902373e+01
+4.732865e+00 1.795053e+01
-7.248881e-01 2.924833e+01
-6.632785e+00 3.206852e+01
+5.832279e-01 2.371700e+01
-2.051104e+00 2.553704e+01
-1.833576e+00 2.796946e+01
-3.452103e+00 2.619184e+01
-1.840726e+00 2.904609e+01
+4.143393e-01 2.656636e+01
-8.595555e-02 2.652823e+01
+1.554014e+00 2.787561e+01
+2.023679e+01 2.256031e+00
-3.173547e-04 7.667781e-01
-1.752964e-05 7.528325e-01
-5.759696e-04 1.231718e+00
+8.426322e-04 1.488867e+00
+2.262137e-04 1.478733e+00
-6.400754e-04 1.584446e+00
-3.239971e-04 1.784451e+00
+1.141028e-04 1.755972e+00
+8.897459e-04 1.911307e+00
+3.671008e-04 1.782368e+00
+3.381583e-04 1.770146e+00
-9.986246e-04 1.662806e+00
-4.441314e-05 4.869589e-02
-2.778294e-05 1.170748e-01
+1.497203e-04 1.228861e-01
-2.280009e-05 2.005319e-01
+9.629403e-05 2.494535e-01
-3.029810e-06 2.660578e-01
-1.527347e-04 2.949450e-01
-1.331649e-04 3.322593e-01
-9.588858e-06 3.335344e-01
+1.892073e-04 3.612131e-01
-6.916185e-05 3.371876e-01
-3.908270e-06 3.342640e-01
-1.630995e-04 3.183085e-01
+3.090355e-05 8.256102e-03
