+4.024415e+00 2.979177e+00
+4.573994e+00 4.585016e+00
-2.346758e+00 5.946668e+00
-2.208552e+00 8.207386e+00
-3.974422e+00 9.027311e+00
-2.350060e+00 1.027708e+01
+2.086894e-01 1.097438e+01
-6.942067e-02 1.208302e+01
-1.530553e+00 1.163494e+01
-8.039505e-01 1.170992e+01
-8.925515e-01 9.966247e+00
-6.169331e-01 9.287177e+00
+2.334170e+01 1.346740e+00
+1.694989e-04 1.863704e-01
-2.462494e-04 3.342776e-01
+4.171193e-04 4.492618e-01
+1.585673e-04 6.449902e-01
-7.215297e-04 7.940919e-01
-1.182832e-03 9.947846e-01
-2.362573e-04 1.125306e+00
+3.904861e-04 1.322052e+00
-1.288733e-04 1.263199e+00
-3.054678e-04 1.273423e+00
-1.028247e-04 1.082579e+00
+3.399107e-04 1.026341e+00
+1.428040e-05 7.187486e-02
-1.065405e-05 3.438315e-02
+8.729001e-05 6.334987e-02
-1.505094e-04 8.721495e-02
-1.061172e-04 1.270409e-01
-6.744976e-06 1.577848e-01
+1.338381e-04 2.004270e-01
-6.357924e-05 2.284644e-01
+1.726328e-05 2.703969e-01
+2.350044e-04 2.562420e-01
+1.034190e-04 2.597505e-01
+1.372682e-04 2.193393e-01
+5.122445e-05 2.073469e-01
+7.243928e-06 1.482521e-02
+4.024511e+00 2.979038e+00
+4.573800e+00 4.584873e+00
-2.346632e+00 5.947394e+00
-2.208690e+00 8.207142e+00
-3.974903e+00 9.026496e+00
-2.350659e+00 1.027849e+01
+2.085288e-01 1.097389e+01
-6.938452e-02 1.208337e+01
-1.530447e+00 1.163200e+01
-8.041788e-01 1.170896e+01
-8.929854e-01 9.965580e+00
-6.168878e-01 9.286395e+00
+2.334167e+01 1.346557e+00
+1.680776e-04 1.863282e-01
-1.887968e-04 3.342099e-01
+3.659963e-04 4.491749e-01
+7.742350e-05 6.445988e-01
-7.027046e-04 7.936695e-01
-1.006390e-03 9.942915e-01
-2.458895e-04 1.124895e+00
+3.321741e-04 1.321630e+00
+3.032831e-05 1.262324e+00
-1.617602e-04 1.272601e+00
-5.433008e-05 1.082115e+00
+3.112527e-04 1.025567e+00
+6.524929e-06 7.197079e-02
-1.314780e-05 3.444218e-02
+8.455520e-05 6.347442e-02
-1.109058e-04 8.738135e-02
-7.739494e-05 1.272889e-01
+2.874976e-05 1.581197e-01
+1.608331e-04 2.008856e-01
-3.810391e-05 2.289826e-01
+2.577376e-05 2.710010e-01
+2.016344e-04 2.567975e-01
+5.943470e-05 2.603570e-01
+1.424744e-04 2.198212e-01
+3.300015e-05 2.078241e-01
+1.247363e-05 1.486883e-02
+4.024752e+00 2.978919e+00
+4.573749e+00 4.584387e+00
-2.346558e+00 5.947540e+00
-2.208599e+00 8.207426e+00
-3.975484e+00 9.026082e+00
-2.351104e+00 1.027939e+01
+2.082706e-01 1.097438e+01
-6.912209e-02 1.208404e+01
-1.530170e+00 1.162929e+01
-8.038375e-01 1.170734e+01
-8.927729e-01 9.964933e+00
-6.168428e-01 9.284340e+00
+2.334167e+01 1.346319e+00
+1.476555e-04 1.862967e-01
-1.487273e-04 3.341346e-01
+3.450762e-04 4.490810e-01
+3.307930e-05 6.442385e-01
-6.130639e-04 7.932297e-01
-8.219154e-04 9.939088e-01
-2.294616e-04 1.124455e+00
+3.374316e-04 1.320936e+00
+1.699095e-04 1.261513e+00
-1.197387e-04 1.272038e+00
+1.847585e-05 1.081672e+00
+2.719012e-04 1.024763e+00
+1.224145e-05 7.207159e-02
-1.171043e-05 3.450763e-02
+7.355926e-05 6.362076e-02
-8.256773e-05 8.758290e-02
-5.461193e-05 1.275730e-01
+6.035396e-05 1.585067e-01
+1.757222e-04 2.013955e-01
-6.605906e-06 2.295897e-01
+4.615645e-05 2.717490e-01
+1.292885e-04 2.574335e-01
-2.648392e-05 2.610264e-01
+1.164643e-04 2.203684e-01
+5.863222e-06 2.083794e-01
+1.449911e-05 1.491007e-02
+4.024907e+00 2.978690e+00
+4.573729e+00 4.584034e+00
-2.346317e+00 5.947991e+00
-2.208756e+00 8.206948e+00
-3.975954e+00 9.024749e+00
-2.351542e+00 1.027945e+01
+2.080552e-01 1.097585e+01
-6.888181e-02 1.208554e+01
-1.529698e+00 1.162708e+01
-8.037111e-01 1.170430e+01
-8.925509e-01 9.963807e+00
-6.165704e-01 9.282682e+00
+2.334165e+01 1.345987e+00
+1.511867e-04 1.862559e-01
-9.621772e-05 3.340772e-01
+3.063933e-04 4.490062e-01
+2.233625e-05 6.438849e-01
-5.390380e-04 7.927222e-01
-6.330765e-04 9.935161e-01
-1.891797e-04 1.123856e+00
+4.004702e-04 1.320380e+00
+1.707044e-04 1.260505e+00
-2.151778e-04 1.271506e+00
+1.062637e-04 1.081289e+00
+2.348494e-04 1.024120e+00
+2.471945e-05 7.216419e-02
-4.834067e-07 3.456998e-02
+5.959109e-05 6.376100e-02
-7.571075e-05 8.778300e-02
-2.521799e-05 1.278505e-01
+6.912973e-05 1.588777e-01
+1.711303e-04 2.018634e-01
+1.117919e-05 2.302000e-01
+5.404230e-05 2.724680e-01
+3.158537e-05 2.581016e-01
-9.790307e-05 2.616722e-01
+7.512660e-05 2.208841e-01
-3.683157e-05 2.088964e-01
+1.422984e-05 1.494274e-02
+4.024948e+00 2.978461e+00
+4.573571e+00 4.583855e+00
-2.346090e+00 5.948676e+00
-2.208812e+00 8.207285e+00
-3.976332e+00 9.023781e+00
-2.351914e+00 1.028041e+01
+2.080526e-01 1.097517e+01
-6.856747e-02 1.208514e+01
-1.529571e+00 1.162495e+01
-8.041658e-01 1.170355e+01
-8.926694e-01 9.964190e+00
-6.163166e-01 9.281499e+00
+2.334169e+01 1.345532e+00
+1.513833e-04 1.863031e-01
-6.264840e-05 3.342331e-01
+2.571480e-04 4.492232e-01
+2.921470e-06 6.440576e-01
-4.618141e-04 7.928730e-01
-4.784716e-04 9.938010e-01
-1.453891e-04 1.124363e+00
+4.419579e-04 1.321222e+00
+9.703125e-05 1.260605e+00
-4.108649e-04 1.271893e+00
+8.911388e-05 1.081764e+00
+1.519147e-04 1.024359e+00
+3.430676e-05 7.224649e-02
+1.499891e-05 3.461333e-02
+4.861336e-05 6.385696e-02
-7.631302e-05 8.792261e-02
-2.603820e-06 1.280480e-01
+6.217315e-05 1.591405e-01
+1.637009e-04 2.021884e-01
+1.838294e-05 2.306373e-01
+4.313842e-05 2.729428e-01
-4.875970e-05 2.585808e-01
-1.251280e-04 2.621534e-01
+3.064355e-05 2.212509e-01
-8.197833e-05 2.092556e-01
+1.021773e-05 1.496248e-02
+4.025158e+00 2.978116e+00
+4.573541e+00 4.583640e+00
-2.345905e+00 5.949188e+00
-2.208745e+00 8.206929e+00
-3.976765e+00 9.022711e+00
-2.352314e+00 1.027998e+01
+2.079326e-01 1.097524e+01
-6.803822e-02 1.208748e+01
-1.529651e+00 1.162308e+01
-8.046986e-01 1.170217e+01
-8.925350e-01 9.964255e+00
-6.162946e-01 9.281058e+00
+2.334173e+01 1.345144e+00
+1.800846e-04 1.862774e-01
-2.150075e-05 3.342181e-01
+1.759534e-04 4.492706e-01
+2.290944e-05 6.439340e-01
-4.158973e-04 7.926986e-01
-3.318123e-04 9.935669e-01
-1.314376e-04 1.124434e+00
+4.804687e-04 1.321334e+00
+1.891144e-05 1.260346e+00
-5.054431e-04 1.271726e+00
+1.041153e-04 1.081652e+00
+2.537329e-05 1.024114e+00
+4.017113e-05 7.224060e-02
+2.602404e-05 3.461249e-02
+3.704165e-05 6.385870e-02
-7.230649e-05 8.792430e-02
+1.415730e-05 1.280441e-01
+5.801972e-05 1.591399e-01
+1.588220e-04 2.021779e-01
+2.046504e-05 2.306458e-01
+2.283343e-05 2.729427e-01
-9.390072e-05 2.585836e-01
-1.148361e-04 2.621733e-01
-6.342119e-06 2.212390e-01
-1.229967e-04 2.092447e-01
+5.142391e-06 1.496299e-02
+4.025368e+00 2.977771e+00
+4.573511e+00 4.583424e+00
-2.345720e+00 5.949701e+00
-2.208678e+00 8.206573e+00
-3.977199e+00 9.021641e+00
-2.352713e+00 1.027956e+01
+2.078127e-01 1.097532e+01
-6.750898e-02 1.208982e+01
-1.529731e+00 1.162121e+01
-8.052314e-01 1.170080e+01
-8.924006e-01 9.964319e+00
-6.162727e-01 9.280616e+00
+2.334176e+01 1.344756e+00
+2.087860e-04 1.862517e-01
+1.964691e-05 3.342032e-01
+9.475882e-05 4.493181e-01
+4.289741e-05 6.438104e-01
-3.699805e-04 7.925242e-01
-1.851529e-04 9.933327e-01
-1.174861e-04 1.124504e+00
+5.189794e-04 1.321447e+00
-5.920837e-05 1.260088e+00
-6.000212e-04 1.271559e+00
+1.191166e-04 1.081540e+00
-1.011682e-04 1.023869e+00
+4.603550e-05 7.223471e-02
+3.704916e-05 3.461166e-02
+2.546994e-05 6.386044e-02
-6.829995e-05 8.792599e-02
+3.091841e-05 1.280403e-01
+5.386628e-05 1.591392e-01
+1.539430e-04 2.021675e-01
+2.254714e-05 2.306543e-01
+2.528427e-06 2.729427e-01
-1.390417e-04 2.585865e-01
-1.045441e-04 2.621931e-01
-4.332779e-05 2.212271e-01
-1.640152e-04 2.092339e-01
+6.705416e-08 1.496350e-02
+4.025598e+00 2.977336e+00
+4.573651e+00 4.583667e+00
-2.345622e+00 5.950263e+00
-2.208708e+00 8.207133e+00
-3.977599e+00 9.021280e+00
-2.352801e+00 1.027857e+01
+2.075180e-01 1.097569e+01
-6.700871e-02 1.209414e+01
-1.529523e+00 1.162237e+01
-8.057055e-01 1.170075e+01
-8.921647e-01 9.963905e+00
-6.164655e-01 9.279929e+00
+2.334181e+01 1.344334e+00
+2.526056e-04 1.861477e-01
+4.784285e-05 3.340378e-01
+2.605549e-05 4.491564e-01
+7.313484e-05 6.434748e-01
-2.948562e-04 7.920755e-01
+1.437395e-05 9.927046e-01
-1.008062e-04 1.124097e+00
+4.761263e-04 1.320740e+00
-2.206793e-04 1.259407e+00
-6.947800e-04 1.270760e+00
+5.955182e-05 1.080847e+00
-2.535930e-04 1.023238e+00
+4.456705e-05 7.213760e-02
+4.783968e-05 3.456548e-02
+7.562977e-06 6.376958e-02
-5.301041e-05 8.779082e-02
+5.206558e-05 1.278268e-01
+3.992324e-05 1.588606e-01
+1.152817e-04 2.018025e-01
+4.243646e-05 2.302408e-01
+7.723906e-06 2.724805e-01
-1.832921e-04 2.581190e-01
-1.049019e-04 2.617602e-01
-7.477923e-05 2.208291e-01
-1.981716e-04 2.088396e-01
-3.747824e-06 1.494528e-02
+4.025802e+00 2.977129e+00
+4.573688e+00 4.583713e+00
-2.345722e+00 5.950636e+00
-2.208778e+00 8.206484e+00
-3.977829e+00 9.020055e+00
-2.352648e+00 1.027595e+01
+2.075184e-01 1.097613e+01
-6.666884e-02 1.209592e+01
-1.529482e+00 1.162101e+01
-8.060423e-01 1.170188e+01
-8.920449e-01 9.964974e+00
-6.166025e-01 9.280302e+00
+2.334182e+01 1.343945e+00
+2.894509e-04 1.861371e-01
+4.518054e-05 3.340895e-01
+1.713431e-05 4.492984e-01
+1.213713e-04 6.436794e-01
-2.405476e-04 7.924099e-01
+1.563571e-04 9.928185e-01
-3.655842e-05 1.124636e+00
+4.798103e-04 1.321207e+00
-4.016905e-04 1.259824e+00
-7.892236e-04 1.271174e+00
-1.638118e-05 1.080879e+00
-4.609918e-04 1.023587e+00
+3.719625e-05 7.203928e-02
+5.406184e-05 3.449851e-02
-1.098323e-05 6.363117e-02
-4.765427e-05 8.759565e-02
+7.205220e-05 1.275156e-01
+1.817408e-05 1.584645e-01
+3.895408e-05 2.012868e-01
+5.954113e-05 2.296476e-01
+4.936643e-05 2.717497e-01
-2.127890e-04 2.574071e-01
-1.098297e-04 2.611049e-01
-7.559684e-05 2.202794e-01
-2.062055e-04 2.082970e-01
-1.988816e-06 1.491228e-02
+4.026094e+00 2.976556e+00
+4.573712e+00 4.583426e+00
-2.345661e+00 5.950589e+00
-2.208776e+00 8.206402e+00
-3.977997e+00 9.019731e+00
-2.352351e+00 1.027636e+01
+2.073850e-01 1.097617e+01
-6.665558e-02 1.209643e+01
-1.529774e+00 1.162207e+01
-8.064487e-01 1.170333e+01
-8.922398e-01 9.965315e+00
-6.168969e-01 9.281458e+00
+2.334181e+01 1.343567e+00
+3.286104e-04 1.861298e-01
+2.627108e-05 3.341745e-01
+3.473714e-05 4.494124e-01
+1.825384e-04 6.439445e-01
-2.247792e-04 7.926483e-01
+1.582005e-04 9.930011e-01
+9.294151e-05 1.125154e+00
+5.877282e-04 1.321949e+00
-5.684781e-04 1.260375e+00
-9.370735e-04 1.271892e+00
-5.645894e-05 1.081089e+00
-6.065934e-04 1.024183e+00
+3.907892e-05 7.194448e-02
+6.019398e-05 3.442554e-02
-1.938966e-05 6.348197e-02
-6.969710e-05 8.739785e-02
+7.532191e-05 1.271947e-01
-7.339016e-06 1.580807e-01
-4.530050e-05 2.007628e-01
+5.722238e-05 2.290315e-01
+1.051929e-04 2.709625e-01
-1.997943e-04 2.566779e-01
-1.027007e-04 2.604215e-01
-3.815400e-05 2.196871e-01
-1.896006e-04 2.077261e-01
+3.974186e-06 1.486978e-02
+4.026318e+00 2.976059e+00
+4.573673e+00 4.583124e+00
-2.345425e+00 5.950620e+00
-2.208769e+00 8.206449e+00
-3.978284e+00 9.021260e+00
-2.352258e+00 1.027486e+01
+2.074689e-01 1.097578e+01
-6.626083e-02 1.209780e+01
-1.529853e+00 1.162226e+01
-8.067894e-01 1.170347e+01
-8.923085e-01 9.965096e+00
-6.174949e-01 9.281092e+00
+2.334178e+01 1.343287e+00
+3.513301e-04 1.861272e-01
+5.813137e-06 3.342269e-01
-4.343488e-06 4.495622e-01
+2.365623e-04 6.440814e-01
-2.141675e-04 7.928072e-01
+6.821558e-05 9.932329e-01
+1.772563e-04 1.125724e+00
+7.850823e-04 1.322357e+00
-7.102864e-04 1.260722e+00
-1.081160e-03 1.272467e+00
+1.421721e-06 1.081440e+00
-6.654231e-04 1.024863e+00
+6.053787e-05 7.183976e-02
+7.439132e-05 3.436094e-02
-8.230719e-06 6.335669e-02
-1.095410e-04 8.722250e-02
+7.421535e-05 1.269308e-01
-2.480260e-05 1.577707e-01
-9.802388e-05 2.003073e-01
+8.151241e-06 2.285024e-01
+1.140837e-04 2.703080e-01
-1.876523e-04 2.560636e-01
-7.806746e-05 2.598675e-01
-4.470510e-06 2.191512e-01
-1.622363e-04 2.072293e-01
+7.992273e-06 1.482997e-02
