-5.536903e+00 2.347521e+01
+4.607063e+00 2.027870e+01
-1.540614e+00 3.266871e+01
-4.399584e+00 3.588771e+01
-3.730967e-01 2.933242e+01
-8.957929e-01 2.934313e+01
-6.006867e-01 3.136174e+01
-4.861314e+00 3.271257e+01
-2.562564e+00 3.167111e+01
-9.247788e-01 3.115547e+01
-2.066365e-01 2.795914e+01
+2.111840e+00 2.770843e+01
+2.026047e+01 2.960354e+00
+6.133943e-05 8.147919e-01
-1.761298e-04 8.355220e-01
-2.459438e-04 1.250366e+00
-4.445937e-04 1.588996e+00
-3.925236e-04 1.580119e+00
+5.594576e-04 1.628962e+00
+4.633214e-04 1.838853e+00
-1.427684e-04 1.856518e+00
+5.254146e-04 1.906011e+00
-7.758117e-05 1.811461e+00
-9.468460e-04 1.763848e+00
-9.206722e-04 1.612963e+00
-3.655655e-05 5.170019e-02
-8.851384e-06 1.224488e-01
-8.774196e-05 1.403416e-01
+5.685198e-05 2.061205e-01
-9.782123e-05 2.658860e-01
-3.346167e-05 2.814898e-01
+8.338276e-06 2.989423e-01
-7.156816e-05 3.408949e-01
+2.283557e-05 3.472081e-01
-4.942553e-05 3.571733e-01
-9.914820e-05 3.397379e-01
+6.461499e-05 3.331584e-01
+1.247750e-04 3.025111e-01
-1.881123e-05 8.143949e-03
-5.536826e+00 2.347478e+01
+4.606738e+00 2.028202e+01
-1.540634e+00 3.266738e+01
-4.400290e+00 3.588864e+01
-3.735141e-01 2.933153e+01
-8.957041e-01 2.934304e+01
-6.006391e-01 3.136599e+01
-4.861519e+00 3.271826e+01
-2.562205e+00 3.166697e+01
-9.245761e-01 3.115068e+01
-2.074496e-01 2.795946e+01
+2.110988e+00 2.770599e+01
+2.026045e+01 2.960276e+00
+9.755419e-05 8.153963e-01
-2.550226e-04 8.362939e-01
-1.241434e-04 1.251288e+00
-5.059954e-04 1.589863e+00
-4.737554e-04 1.580811e+00
+5.856164e-04 1.629930e+00
+4.608954e-04 1.839625e+00
-1.679169e-04 1.857339e+00
+3.893989e-04 1.906978e+00
-1.552279e-04 1.812319e+00
-9.519089e-04 1.764696e+00
-8.994221e-04 1.614087e+00
-6.047790e-05 5.177670e-02
+3.441888e-06 1.226586e-01
-6.128892e-05 1.406302e-01
+6.329419e-05 2.065334e-01
-2.176323e-05 2.663557e-01
-4.737405e-05 2.820266e-01
-5.903607e-06 2.996187e-01
-2.987230e-05 3.416555e-01
+8.966370e-05 3.480538e-01
-4.426101e-05 3.580292e-01
-1.387575e-04 3.406037e-01
+6.082198e-05 3.340224e-01
+1.551174e-04 3.032816e-01
-2.096229e-05 8.165746e-03
-5.536717e+00 2.347409e+01
+4.606340e+00 2.028480e+01
-1.540487e+00 3.266497e+01
-4.400850e+00 3.589178e+01
-3.742341e-01 2.932739e+01
-8.953101e-01 2.934599e+01
-6.002051e-01 3.136754e+01
-4.861559e+00 3.272219e+01
-2.562228e+00 3.166755e+01
-9.249756e-01 3.114619e+01
-2.080843e-01 2.795837e+01
+2.110339e+00 2.770145e+01
+2.026039e+01 2.960310e+00
+1.304000e-04 8.160995e-01
-3.090090e-04 8.371361e-01
-4.426312e-05 1.252184e+00
-4.599490e-04 1.590806e+00
-5.363223e-04 1.581416e+00
+5.565335e-04 1.631012e+00
+4.888281e-04 1.840271e+00
-2.083228e-05 1.858461e+00
+3.467382e-04 1.908040e+00
-2.827424e-04 1.813204e+00
-9.432652e-04 1.765629e+00
-8.435880e-04 1.615140e+00
-8.694281e-05 5.184962e-02
+5.134419e-06 1.228481e-01
-2.869014e-05 1.408931e-01
+5.037758e-05 2.069387e-01
+4.082170e-05 2.668581e-01
-3.675956e-05 2.825924e-01
-4.813645e-05 3.003247e-01
-2.300334e-05 3.424604e-01
+1.358434e-04 3.488958e-01
-1.670448e-05 3.589402e-01
-1.422783e-04 3.415064e-01
+5.726184e-05 3.348833e-01
+1.677045e-04 3.040963e-01
-1.666203e-05 8.187204e-03
-5.536519e+00 2.347313e+01
+4.606005e+00 2.028687e+01
-1.540302e+00 3.266150e+01
-4.401297e+00 3.589428e+01
-3.748689e-01 2.932485e+01
-8.946990e-01 2.934872e+01
-5.998589e-01 3.136793e+01
-4.861613e+00 3.272069e+01
-2.561930e+00 3.166876e+01
-9.253366e-01 3.114119e+01
-2.088980e-01 2.795775e+01
+2.109737e+00 2.769842e+01
+2.026027e+01 2.960517e+00
+1.481953e-04 8.169355e-01
-2.976284e-04 8.379586e-01
+9.887020e-06 1.253083e+00
-3.501962e-04 1.591689e+00
-5.720430e-04 1.582042e+00
+4.889671e-04 1.632087e+00
+4.891242e-04 1.841216e+00
+1.394281e-04 1.859635e+00
+3.347674e-04 1.909259e+00
-4.291133e-04 1.814315e+00
-9.085861e-04 1.766726e+00
-7.234715e-04 1.616380e+00
-9.760639e-05 5.192285e-02
+9.365314e-07 1.229701e-01
+5.641467e-07 1.410932e-01
+4.125708e-05 2.072406e-01
+6.604074e-05 2.672713e-01
-2.535744e-05 2.830852e-01
-9.749556e-05 3.009108e-01
-2.528136e-05 3.431073e-01
+1.370888e-04 3.496029e-01
-1.186611e-05 3.596984e-01
-1.162716e-04 3.422187e-01
+5.709727e-05 3.355738e-01
+1.610112e-04 3.047665e-01
-5.525893e-06 8.202957e-03
-5.536392e+00 2.347280e+01
+4.605678e+00 2.028897e+01
-1.540366e+00 3.265770e+01
-4.401571e+00 3.589723e+01
-3.753361e-01 2.932081e+01
-8.945089e-01 2.935005e+01
-5.996152e-01 3.137231e+01
-4.861154e+00 3.271856e+01
-2.561399e+00 3.166594e+01
-9.257242e-01 3.113507e+01
-2.097738e-01 2.795581e+01
+2.108927e+00 2.769766e+01
+2.026017e+01 2.960833e+00
+1.524914e-04 8.175704e-01
-2.673921e-04 8.385680e-01
+4.388287e-05 1.253825e+00
-2.780238e-04 1.592723e+00
-5.758968e-04 1.582876e+00
+3.452836e-04 1.633291e+00
+4.466784e-04 1.842485e+00
+2.451794e-04 1.861123e+00
+3.382271e-04 1.910910e+00
-4.751068e-04 1.815675e+00
-8.839772e-04 1.768030e+00
-6.093600e-04 1.617749e+00
-9.355955e-05 5.198072e-02
-2.145567e-06 1.230370e-01
+1.695421e-05 1.412104e-01
+4.482691e-05 2.074181e-01
+5.941860e-05 2.675332e-01
-2.375397e-05 2.833869e-01
-1.320914e-04 3.012798e-01
-2.808620e-05 3.435007e-01
+9.773144e-05 3.500657e-01
-3.751666e-05 3.601817e-01
-7.890825e-05 3.426519e-01
+5.579073e-05 3.360098e-01
+1.420860e-04 3.051782e-01
+5.602402e-06 8.211432e-03
-5.536248e+00 2.347293e+01
+4.605456e+00 2.028966e+01
-1.540259e+00 3.265396e+01
-4.401815e+00 3.589810e+01
-3.760046e-01 2.931925e+01
-8.942525e-01 2.935035e+01
-5.991139e-01 3.137534e+01
-4.860925e+00 3.271729e+01
-2.561158e+00 3.166707e+01
-9.262740e-01 3.112854e+01
-2.105724e-01 2.795424e+01
+2.108509e+00 2.769337e+01
+2.026010e+01 2.961168e+00
+1.461570e-04 8.176065e-01
-2.506179e-04 8.385478e-01
+9.521186e-05 1.253730e+00
-2.456604e-04 1.592758e+00
-6.135612e-04 1.582715e+00
+2.002664e-04 1.633166e+00
+4.320453e-04 1.842346e+00
+3.025454e-04 1.861271e+00
+2.541975e-04 1.911061e+00
-5.261254e-04 1.815576e+00
-8.173394e-04 1.767815e+00
-4.841172e-04 1.617727e+00
-7.887688e-05 5.198525e-02
-8.676413e-07 1.230345e-01
+1.838531e-05 1.412028e-01
+5.555821e-05 2.074130e-01
+4.381322e-05 2.675350e-01
-3.070643e-05 2.833823e-01
-1.513787e-04 3.012825e-01
-2.108953e-05 3.434932e-01
+6.118987e-05 3.500605e-01
-7.084824e-05 3.601870e-01
-4.781132e-05 3.426396e-01
+5.028411e-05 3.360114e-01
+1.109048e-04 3.051824e-01
+1.209939e-05 8.211641e-03
-5.536103e+00 2.347306e+01
+4.605235e+00 2.029035e+01
-1.540152e+00 3.265023e+01
-4.402059e+00 3.589897e+01
-3.766732e-01 2.931769e+01
-8.939961e-01 2.935064e+01
-5.986125e-01 3.137837e+01
-4.860695e+00 3.271602e+01
-2.560917e+00 3.166820e+01
-9.268237e-01 3.112201e+01
-2.113710e-01 2.795267e+01
+2.108091e+00 2.768909e+01
+2.026002e+01 2.961502e+00
+1.398226e-04 8.176425e-01
-2.338438e-04 8.385276e-01
+1.465409e-04 1.253635e+00
-2.132970e-04 1.592793e+00
-6.512256e-04 1.582553e+00
+5.524919e-05 1.633040e+00
+4.174122e-04 1.842207e+00
+3.599114e-04 1.861420e+00
+1.701679e-04 1.911212e+00
-5.771440e-04 1.815478e+00
-7.507016e-04 1.767600e+00
-3.588745e-04 1.617704e+00
-6.419420e-05 5.198978e-02
+4.102844e-07 1.230320e-01
+1.981641e-05 1.411953e-01
+6.628950e-05 2.074080e-01
+2.820784e-05 2.675369e-01
-3.765888e-05 2.833777e-01
-1.706661e-04 3.012852e-01
-1.409286e-05 3.434857e-01
+2.464829e-05 3.500552e-01
-1.041798e-04 3.601924e-01
-1.671439e-05 3.426273e-01
+4.477748e-05 3.360131e-01
+7.972361e-05 3.051867e-01
+1.859638e-05 8.211849e-03
-5.535932e+00 2.347357e+01
+4.604973e+00 2.028917e+01
-1.539933e+00 3.264725e+01
-4.402282e+00 3.589824e+01
-3.772682e-01 2.931440e+01
-8.939541e-01 2.935110e+01
-5.982001e-01 3.138258e+01
-4.860330e+00 3.271818e+01
-2.560900e+00 3.167496e+01
-9.274175e-01 3.111803e+01
-2.121861e-01 2.795613e+01
+2.107735e+00 2.768495e+01
+2.025995e+01 2.961803e+00
+1.501915e-04 8.171116e-01
-2.224759e-04 8.378632e-01
+2.363492e-04 1.252666e+00
-1.634934e-04 1.591848e+00
-6.879106e-04 1.581281e+00
-1.229095e-04 1.631555e+00
+3.983094e-04 1.840641e+00
+3.880112e-04 1.860130e+00
+6.455574e-05 1.909779e+00
-6.171514e-04 1.814011e+00
-7.238034e-04 1.765859e+00
-2.941902e-04 1.616198e+00
-5.179211e-05 5.193997e-02
+8.251417e-07 1.229507e-01
+2.545201e-05 1.410503e-01
+6.530712e-05 2.072068e-01
+1.190975e-05 2.672881e-01
-3.918011e-05 2.830517e-01
-1.749091e-04 3.009012e-01
-1.977525e-06 3.430421e-01
-9.479715e-06 3.496145e-01
-1.419508e-04 3.597224e-01
+2.176551e-05 3.421260e-01
+3.201454e-05 3.355703e-01
+3.548532e-05 3.047893e-01
+2.534804e-05 8.204409e-03
-5.535788e+00 2.347420e+01
+4.604689e+00 2.028895e+01
-1.539633e+00 3.264246e+01
-4.402593e+00 3.589766e+01
-3.780274e-01 2.931015e+01
-8.939940e-01 2.934686e+01
-5.980114e-01 3.138633e+01
-4.860051e+00 3.271586e+01
-2.560765e+00 3.167660e+01
-9.279306e-01 3.111468e+01
-2.126970e-01 2.795944e+01
+2.107533e+00 2.768303e+01
+2.025989e+01 2.962060e+00
+1.713400e-04 8.163642e-01
-1.945056e-04 8.370275e-01
+3.162495e-04 1.251602e+00
-1.205831e-04 1.590862e+00
-7.419780e-04 1.580241e+00
-2.696752e-04 1.630456e+00
+4.219174e-04 1.839410e+00
+4.043894e-04 1.858976e+00
-5.953701e-05 1.908534e+00
-6.110307e-04 1.813052e+00
-7.178020e-04 1.764582e+00
-3.052660e-04 1.615051e+00
-3.414838e-05 5.187507e-02
-2.208822e-06 1.228061e-01
+3.071879e-05 1.408151e-01
+4.459052e-05 2.068821e-01
-1.188393e-06 2.668995e-01
-2.591359e-05 2.825360e-01
-1.607353e-04 3.002722e-01
+1.198946e-05 3.423457e-01
-3.587121e-05 3.489147e-01
-1.897345e-04 3.589216e-01
+5.873647e-05 3.413749e-01
+1.943976e-05 3.348508e-01
+9.815707e-07 3.041513e-01
+3.234071e-05 8.190028e-03
-5.535547e+00 2.347380e+01
+4.604389e+00 2.028908e+01
-1.539181e+00 3.263785e+01
-4.402772e+00 3.589491e+01
-3.786996e-01 2.930349e+01
-8.941586e-01 2.934377e+01
-5.977332e-01 3.139052e+01
-4.859875e+00 3.271303e+01
-2.560797e+00 3.167937e+01
-9.284290e-01 3.111173e+01
-2.135587e-01 2.796254e+01
+2.106951e+00 2.768399e+01
+2.025982e+01 2.962369e+00
+1.827834e-04 8.156291e-01
-1.538140e-04 8.360594e-01
+3.425355e-04 1.250451e+00
-7.768969e-05 1.589893e+00
-7.601980e-04 1.579259e+00
-3.569158e-04 1.629324e+00
+4.497633e-04 1.838218e+00
+4.386963e-04 1.858000e+00
-1.965865e-04 1.907440e+00
-5.910592e-04 1.812110e+00
-7.376338e-04 1.763357e+00
-3.437473e-04 1.614027e+00
-1.785209e-05 5.181166e-02
-1.704281e-05 1.225994e-01
+3.834537e-05 1.405341e-01
+1.381935e-05 2.064815e-01
-2.871436e-05 2.664219e-01
-4.968992e-06 2.819317e-01
-1.479461e-04 2.995313e-01
+1.477075e-05 3.415187e-01
-5.537336e-05 3.480847e-01
-2.143134e-04 3.579623e-01
+8.148776e-05 3.405585e-01
+2.963256e-05 3.339798e-01
+6.142752e-06 3.033629e-01
+4.040071e-05 8.169481e-03
-5.535287e+00 2.347366e+01
+4.604160e+00 2.028766e+01
-1.538799e+00 3.263471e+01
-4.403042e+00 3.589241e+01
-3.794654e-01 2.929733e+01
-8.942112e-01 2.934092e+01
-5.973307e-01 3.139443e+01
-4.859639e+00 3.270940e+01
-2.560950e+00 3.168057e+01
-9.287261e-01 3.110987e+01
-2.143578e-01 2.796420e+01
+2.106211e+00 2.768449e+01
+2.025978e+01 2.962642e+00
+1.901868e-04 8.148782e-01
-1.240303e-04 8.350631e-01
+3.161972e-04 1.249313e+00
-1.006795e-05 1.589039e+00
-7.219133e-04 1.578314e+00
-3.984052e-04 1.628101e+00
+4.825135e-04 1.837058e+00
+4.880883e-04 1.856911e+00
-3.880125e-04 1.905840e+00
-5.800523e-04 1.811233e+00
-7.634780e-04 1.762086e+00
-3.501323e-04 1.612981e+00
-8.173622e-07 5.174441e-02
-3.808043e-05 1.223729e-01
+4.309479e-05 1.402516e-01
-6.501838e-06 2.060511e-01
-6.516616e-05 2.659352e-01
+1.431063e-05 2.813542e-01
-1.659714e-04 2.988151e-01
+6.043792e-06 3.407177e-01
-8.570121e-05 3.472748e-01
-2.088616e-04 3.570757e-01
+9.055511e-05 3.398041e-01
+6.010502e-05 3.331490e-01
+4.146537e-05 3.026112e-01
+4.751754e-05 8.148519e-03
