-5.995629e+00 1.940440e+01
+4.537891e+00 1.879071e+01
-1.910335e+00 2.903122e+01
-4.851481e+00 3.285735e+01
-3.324308e-01 2.798828e+01
-9.951577e-01 2.875820e+01
-6.765563e-01 3.078296e+01
-5.452317e+00 3.194737e+01
-2.803513e+00 3.161939e+01
-1.068773e+00 3.112896e+01
-2.986292e-01 2.812547e+01
+2.263320e+00 2.798116e+01
+2.113744e+01 2.400571e+00
+1.309567e-04 7.140633e-01
-9.236845e-05 7.868004e-01
-1.575707e-04 1.163503e+00
-4.100216e-04 1.462436e+00
-3.842347e-04 1.500847e+00
+6.172516e-04 1.588798e+00
+5.521267e-04 1.796603e+00
-3.839606e-05 1.815733e+00
+6.292401e-04 1.889712e+00
+1.100678e-04 1.801298e+00
-7.781431e-04 1.761313e+00
-8.506197e-04 1.618043e+00
-3.713579e-05 4.269800e-02
-2.157373e-05 1.104010e-01
-1.205391e-04 1.339144e-01
+2.246485e-05 1.960934e-01
-1.120127e-04 2.498935e-01
-2.555756e-05 2.708436e-01
-5.862718e-06 2.935609e-01
-8.320372e-05 3.350512e-01
+8.634309e-06 3.414936e-01
-6.633679e-05 3.554065e-01
-1.308079e-04 3.389980e-01
+1.479331e-05 3.337536e-01
+6.731779e-05 3.043890e-01
-1.845265e-05 7.236917e-03
-5.995510e+00 1.940389e+01
+4.537580e+00 1.879435e+01
-1.910330e+00 2.902991e+01
-4.852193e+00 3.285843e+01
-3.328450e-01 2.798707e+01
-9.950130e-01 2.875702e+01
-6.764332e-01 3.078706e+01
-5.452455e+00 3.195402e+01
-2.803077e+00 3.161688e+01
-1.068478e+00 3.112340e+01
-2.993514e-01 2.812597e+01
+2.262466e+00 2.797850e+01
+2.113741e+01 2.400531e+00
+1.581141e-04 7.146896e-01
-1.956721e-04 7.876513e-01
-5.925985e-05 1.164520e+00
-4.770688e-04 1.463356e+00
-4.636757e-04 1.501575e+00
+6.256652e-04 1.589824e+00
+5.421784e-04 1.797547e+00
-7.360663e-05 1.816674e+00
+4.727193e-04 1.890793e+00
-4.577326e-06 1.802286e+00
-8.030965e-04 1.762287e+00
-8.481825e-04 1.619205e+00
-6.117031e-05 4.277528e-02
-1.049874e-05 1.106140e-01
-8.847754e-05 1.342197e-01
+3.404336e-05 1.965206e-01
-2.993385e-05 2.503858e-01
-3.784263e-05 2.713887e-01
-1.731670e-05 2.942549e-01
-4.386033e-05 3.358366e-01
+7.424247e-05 3.423486e-01
-6.767864e-05 3.562851e-01
-1.825543e-04 3.398772e-01
+3.241994e-06 3.346428e-01
+1.051756e-04 3.051829e-01
-2.083620e-05 7.258934e-03
-5.995369e+00 1.940300e+01
+4.537185e+00 1.879759e+01
-1.910163e+00 2.902766e+01
-4.852733e+00 3.286176e+01
-3.335498e-01 2.798195e+01
-9.946360e-01 2.875957e+01
-6.759743e-01 3.078834e+01
-5.452457e+00 3.195830e+01
-2.803119e+00 3.161774e+01
-1.068849e+00 3.111904e+01
-2.998944e-01 2.812539e+01
+2.261854e+00 2.797311e+01
+2.113736e+01 2.400593e+00
+1.785893e-04 7.154110e-01
-2.610422e-04 7.885701e-01
+1.392550e-05 1.165478e+00
-4.255499e-04 1.464380e+00
-5.253119e-04 1.502228e+00
+5.881113e-04 1.590963e+00
+5.602117e-04 1.798310e+00
+5.304663e-05 1.817887e+00
+4.009685e-04 1.891932e+00
-1.854268e-04 1.803297e+00
-8.427530e-04 1.763344e+00
-8.097030e-04 1.620382e+00
-8.760096e-05 4.284894e-02
-7.148931e-06 1.108068e-01
-4.694036e-05 1.344979e-01
+2.821058e-05 1.969387e-01
+3.696065e-05 2.509022e-01
-2.461718e-05 2.719617e-01
-5.206170e-05 2.949755e-01
-3.572453e-05 3.366617e-01
+1.193184e-04 3.432118e-01
-3.908677e-05 3.572211e-01
-1.897426e-04 3.407950e-01
-4.187864e-06 3.355266e-01
+1.251672e-04 3.060051e-01
-1.664105e-05 7.280559e-03
-5.995149e+00 1.940204e+01
+4.536851e+00 1.879996e+01
-1.909952e+00 2.902431e+01
-4.853133e+00 3.286459e+01
-3.341467e-01 2.797953e+01
-9.940102e-01 2.876215e+01
-6.755847e-01 3.078884e+01
-5.452474e+00 3.195734e+01
-2.802810e+00 3.162041e+01
-1.069196e+00 3.111386e+01
-3.007150e-01 2.812535e+01
+2.261208e+00 2.796985e+01
+2.113724e+01 2.400818e+00
+1.877068e-04 7.162635e-01
-2.544970e-04 7.894810e-01
+5.799787e-05 1.166452e+00
-3.145928e-04 1.465392e+00
-5.490713e-04 1.502888e+00
+5.170070e-04 1.592086e+00
+5.452033e-04 1.799360e+00
+1.899256e-04 1.819171e+00
+3.640650e-04 1.893290e+00
-3.800268e-04 1.804520e+00
-8.620487e-04 1.764556e+00
-7.089619e-04 1.621716e+00
-9.833907e-05 4.292297e-02
-8.277489e-06 1.109323e-01
-1.075008e-05 1.347068e-01
+2.396395e-05 1.972486e-01
+6.163436e-05 2.513201e-01
-1.314249e-05 2.724582e-01
-9.887436e-05 2.955726e-01
-3.885986e-05 3.373249e-01
+1.198374e-04 3.439330e-01
-3.124502e-05 3.579901e-01
-1.606258e-04 3.415119e-01
+2.897759e-06 3.362295e-01
+1.302263e-04 3.066818e-01
-5.387853e-06 7.296406e-03
-5.994994e+00 1.940148e+01
+4.536574e+00 1.880224e+01
-1.909961e+00 2.902047e+01
-4.853380e+00 3.286776e+01
-3.345964e-01 2.797510e+01
-9.937578e-01 2.876253e+01
-6.752778e-01 3.079318e+01
-5.452004e+00 3.195576e+01
-2.802264e+00 3.161859e+01
-1.069574e+00 3.110797e+01
-3.016127e-01 2.812375e+01
+2.260386e+00 2.796846e+01
+2.113714e+01 2.401162e+00
+1.870344e-04 7.169098e-01
-2.283770e-04 7.901607e-01
+7.947377e-05 1.167247e+00
-2.483924e-04 1.466505e+00
-5.420328e-04 1.503739e+00
+3.771797e-04 1.593357e+00
+4.921589e-04 1.800688e+00
+2.787527e-04 1.820784e+00
+3.567865e-04 1.895022e+00
-4.627700e-04 1.805944e+00
-8.788179e-04 1.765905e+00
-6.114335e-04 1.623152e+00
-9.420646e-05 4.298150e-02
-7.847662e-06 1.110009e-01
+8.877163e-06 1.348267e-01
+2.896886e-05 1.974282e-01
+5.231253e-05 2.515831e-01
-1.264717e-05 2.727608e-01
-1.343801e-04 2.959452e-01
-4.207625e-05 3.377251e-01
+8.237912e-05 3.444012e-01
-5.323363e-05 3.584726e-01
-1.170542e-04 3.419452e-01
+1.721278e-05 3.366727e-01
+1.243018e-04 3.071017e-01
+5.867560e-06 7.304933e-03
-5.994813e+00 1.940134e+01
+4.536386e+00 1.880328e+01
-1.909829e+00 2.901689e+01
-4.853592e+00 3.286899e+01
-3.352114e-01 2.797366e+01
-9.934793e-01 2.876215e+01
-6.747491e-01 3.079593e+01
-5.451758e+00 3.195526e+01
-2.802027e+00 3.162012e+01
-1.070141e+00 3.110048e+01
-3.024043e-01 2.812188e+01
+2.259982e+00 2.796385e+01
+2.113707e+01 2.401538e+00
+1.772240e-04 7.169493e-01
-2.201049e-04 7.901582e-01
+1.141011e-04 1.167161e+00
-2.255770e-04 1.466567e+00
-5.713015e-04 1.503535e+00
+2.249360e-04 1.593260e+00
+4.612252e-04 1.800545e+00
+3.217596e-04 1.820994e+00
+2.555918e-04 1.895158e+00
-5.471244e-04 1.805824e+00
-8.323385e-04 1.765687e+00
-4.893949e-04 1.623141e+00
-7.915145e-05 4.298620e-02
-4.167305e-06 1.109985e-01
+1.216389e-05 1.348179e-01
+4.205602e-05 1.974217e-01
+3.557874e-05 2.515844e-01
-2.280697e-05 2.727532e-01
-1.563035e-04 2.959459e-01
-3.488072e-05 3.377181e-01
+4.768084e-05 3.444005e-01
-8.515419e-05 3.584781e-01
-8.191821e-05 3.419342e-01
+2.720298e-05 3.366792e-01
+1.062463e-04 3.071062e-01
+1.249739e-05 7.305136e-03
-5.994632e+00 1.940120e+01
+4.536199e+00 1.880431e+01
-1.909697e+00 2.901331e+01
-4.853805e+00 3.287022e+01
-3.358264e-01 2.797222e+01
-9.932008e-01 2.876177e+01
-6.742205e-01 3.079867e+01
-5.451512e+00 3.195477e+01
-2.801789e+00 3.162164e+01
-1.070708e+00 3.109298e+01
-3.031959e-01 2.812002e+01
+2.259579e+00 2.795924e+01
+2.113699e+01 2.401914e+00
+1.674135e-04 7.169889e-01
-2.118327e-04 7.901558e-01
+1.487284e-04 1.167075e+00
-2.027616e-04 1.466628e+00
-6.005702e-04 1.503332e+00
+7.269230e-05 1.593163e+00
+4.302915e-04 1.800403e+00
+3.647665e-04 1.821204e+00
+1.543970e-04 1.895294e+00
-6.314787e-04 1.805704e+00
-7.858591e-04 1.765469e+00
-3.673563e-04 1.623129e+00
-6.409644e-05 4.299090e-02
-4.869476e-07 1.109962e-01
+1.545061e-05 1.348091e-01
+5.514318e-05 1.974151e-01
+1.884495e-05 2.515858e-01
-3.296678e-05 2.727456e-01
-1.782268e-04 2.959467e-01
-2.768519e-05 3.377111e-01
+1.298256e-05 3.443998e-01
-1.170747e-04 3.584835e-01
-4.678219e-05 3.419231e-01
+3.719319e-05 3.366856e-01
+8.819083e-05 3.071107e-01
+1.912723e-05 7.305339e-03
-5.994443e+00 1.940135e+01
+4.535938e+00 1.880343e+01
-1.909513e+00 2.901081e+01
-4.854049e+00 3.287001e+01
-3.363882e-01 2.796915e+01
-9.931640e-01 2.876169e+01
-6.738073e-01 3.080273e+01
-5.451111e+00 3.195730e+01
-2.801770e+00 3.162780e+01
-1.071364e+00 3.108822e+01
-3.040851e-01 2.812260e+01
+2.259165e+00 2.795565e+01
+2.113692e+01 2.402261e+00
+1.766809e-04 7.164528e-01
-2.019497e-04 7.894644e-01
+2.336509e-04 1.166065e+00
-1.595144e-04 1.465672e+00
-6.338376e-04 1.501963e+00
-1.122665e-04 1.591644e+00
+4.017335e-04 1.798795e+00
+3.853230e-04 1.819945e+00
+3.948849e-05 1.893745e+00
-7.052636e-04 1.804108e+00
-7.725133e-04 1.763642e+00
-2.997686e-04 1.621544e+00
-5.090712e-05 4.294045e-02
+3.801742e-06 1.109138e-01
+2.510693e-05 1.346579e-01
+5.803762e-05 1.972074e-01
+1.727112e-06 2.513317e-01
-3.757219e-05 2.724092e-01
-1.856390e-04 2.955579e-01
-1.714569e-05 3.372620e-01
-2.141674e-05 3.439660e-01
-1.557370e-04 3.580101e-01
-3.488792e-06 3.414226e-01
+4.377585e-05 3.362487e-01
+6.275430e-05 3.067101e-01
+2.584488e-05 7.297851e-03
-5.994289e+00 1.940162e+01
+4.535637e+00 1.880330e+01
-1.909226e+00 2.900648e+01
-4.854336e+00 3.286981e+01
-3.370754e-01 2.796534e+01
-9.931917e-01 2.875706e+01
-6.736254e-01 3.080557e+01
-5.450878e+00 3.195586e+01
-2.801703e+00 3.162918e+01
-1.071994e+00 3.108377e+01
-3.046776e-01 2.812536e+01
+2.258925e+00 2.795380e+01
+2.113686e+01 2.402564e+00
+1.992303e-04 7.156969e-01
-1.708524e-04 7.885659e-01
+3.114358e-04 1.164914e+00
-1.207497e-04 1.464616e+00
-6.882431e-04 1.500792e+00
-2.704219e-04 1.590453e+00
+4.104595e-04 1.797510e+00
+3.828459e-04 1.818767e+00
-1.032028e-04 1.892334e+00
-7.286628e-04 1.802972e+00
-7.569154e-04 1.762260e+00
-2.743347e-04 1.620301e+00
-3.302442e-05 4.287466e-02
+4.649782e-06 1.107658e-01
+3.366288e-05 1.344142e-01
+3.830646e-05 1.968738e-01
-1.381145e-05 2.509338e-01
-2.652866e-05 2.718781e-01
-1.729305e-04 2.949185e-01
-5.936056e-06 3.365522e-01
-4.722969e-05 3.432698e-01
-2.028794e-04 3.572009e-01
+4.112371e-05 3.406665e-01
+4.763195e-05 3.355250e-01
+4.302715e-05 3.060629e-01
+3.262211e-05 7.283385e-03
-5.994023e+00 1.940071e+01
+4.535364e+00 1.880371e+01
-1.908739e+00 2.900222e+01
-4.854500e+00 3.286688e+01
-3.377198e-01 2.795830e+01
-9.933507e-01 2.875398e+01
-6.733161e-01 3.080920e+01
-5.450674e+00 3.195297e+01
-2.801729e+00 3.163145e+01
-1.072584e+00 3.107969e+01
-3.055841e-01 2.812761e+01
+2.258325e+00 2.795477e+01
+2.113679e+01 2.402896e+00
+2.181804e-04 7.149507e-01
-1.185143e-04 7.875203e-01
+3.418258e-04 1.163666e+00
-8.166404e-05 1.463547e+00
-7.043076e-04 1.499672e+00
-3.694231e-04 1.589248e+00
+4.172634e-04 1.796243e+00
+3.933805e-04 1.817753e+00
-2.657114e-04 1.891076e+00
-7.364678e-04 1.801834e+00
-7.594813e-04 1.760933e+00
-2.647289e-04 1.619204e+00
-1.704928e-05 4.281051e-02
-7.759901e-06 1.105541e-01
+4.115096e-05 1.341209e-01
+4.004215e-06 1.964603e-01
-4.497297e-05 2.504412e-01
-4.809363e-06 2.712568e-01
-1.598709e-04 2.941588e-01
-5.528417e-06 3.357164e-01
-6.430798e-05 3.424379e-01
-2.256749e-04 3.562188e-01
+7.608246e-05 3.398332e-01
+6.945625e-05 3.346402e-01
+5.443039e-05 3.052573e-01
+4.035070e-05 7.262646e-03
-5.993742e+00 1.940010e+01
+4.535147e+00 1.880263e+01
-1.908361e+00 2.899949e+01
-4.854764e+00 3.286398e+01
-3.384647e-01 2.795166e+01
-9.934308e-01 2.875061e+01
-6.729418e-01 3.081286e+01
-5.450492e+00 3.194895e+01
-2.801957e+00 3.163210e+01
-1.072987e+00 3.107681e+01
-3.063712e-01 2.812874e+01
+2.257689e+00 2.795543e+01
+2.113675e+01 2.403224e+00
+2.312658e-04 7.141746e-01
-8.149302e-05 7.864541e-01
+3.079329e-04 1.162441e+00
-2.462658e-05 1.462607e+00
-6.632972e-04 1.498603e+00
-4.137555e-04 1.587937e+00
+4.295669e-04 1.794970e+00
+4.291158e-04 1.816651e+00
-4.675687e-04 1.889370e+00
-7.401897e-04 1.800748e+00
-7.831650e-04 1.759518e+00
-2.458877e-04 1.618093e+00
-7.553678e-07 4.274268e-02
-2.805836e-05 1.103230e-01
+4.446095e-05 1.338217e-01
-1.947631e-05 1.960119e-01
-8.507010e-05 2.499305e-01
+1.623546e-05 2.706584e-01
-1.754430e-04 2.934230e-01
-1.039124e-05 3.349024e-01
-8.209343e-05 3.416154e-01
-2.107646e-04 3.552991e-01
+9.961454e-05 3.390567e-01
+1.061054e-04 3.337978e-01
+8.614638e-05 3.044845e-01
+4.730124e-05 7.241468e-03
