-6.959810e+00 1.224423e+01
+4.086524e+00 1.545283e+01
-2.831563e+00 2.198663e+01
-5.730351e+00 2.599217e+01
-4.156802e-01 2.470061e+01
-1.259227e+00 2.719381e+01
-8.520330e-01 2.914405e+01
-6.359254e+00 2.968682e+01
-3.163450e+00 3.084926e+01
-1.257311e+00 3.087610e+01
-3.997212e-01 2.804851e+01
+2.580370e+00 2.799772e+01
+2.324864e+01 1.077518e+00
+1.423706e-04 4.983967e-01
+3.860952e-06 6.571490e-01
+2.315032e-06 9.106907e-01
-3.686043e-04 1.110263e+00
-3.545416e-04 1.264999e+00
+7.006932e-04 1.451080e+00
+6.594660e-04 1.648751e+00
+8.740041e-05 1.663438e+00
+6.912679e-04 1.790572e+00
+2.112800e-04 1.720186e+00
-6.751806e-04 1.695667e+00
-8.544840e-04 1.568622e+00
-3.800088e-05 3.759753e-02
-1.409379e-05 8.323423e-02
-1.414871e-04 1.164477e-01
-1.201777e-05 1.633060e-01
-1.080210e-04 2.023346e-01
-2.097524e-06 2.367093e-01
-1.259754e-05 2.729469e-01
-8.894931e-05 3.120858e-01
+1.713652e-05 3.187005e-01
-4.526887e-05 3.411580e-01
-1.235632e-04 3.273249e-01
-1.120196e-05 3.245746e-01
+3.988813e-05 2.988087e-01
-1.764751e-05 6.927736e-03
-6.959665e+00 1.224381e+01
+4.086270e+00 1.545634e+01
-2.831459e+00 2.198580e+01
-5.731017e+00 2.599312e+01
-4.160300e-01 2.469913e+01
-1.258965e+00 2.719132e+01
-8.517749e-01 2.914793e+01
-6.359257e+00 2.969420e+01
-3.162904e+00 3.084829e+01
-1.256920e+00 3.087017e+01
-4.003505e-01 2.804955e+01
+2.579500e+00 2.799473e+01
+2.324861e+01 1.077475e+00
+1.693107e-04 4.990325e-01
-1.240322e-04 6.580664e-01
+6.779152e-05 9.117920e-01
-4.302220e-04 1.111261e+00
-4.247107e-04 1.265784e+00
+6.892007e-04 1.452195e+00
+6.336926e-04 1.649901e+00
+4.205751e-05 1.664459e+00
+5.181272e-04 1.791681e+00
+7.831939e-05 1.721276e+00
-7.000992e-04 1.696814e+00
-8.536479e-04 1.569893e+00
-6.160641e-05 3.767482e-02
-8.128908e-06 8.345032e-02
-1.119248e-04 1.167685e-01
-1.435413e-06 1.637431e-01
-2.268435e-05 2.028467e-01
-1.281894e-05 2.372533e-01
-2.089470e-05 2.736506e-01
-5.154501e-05 3.129052e-01
+7.518464e-05 3.195570e-01
-6.187763e-05 3.420566e-01
-1.911727e-04 3.281983e-01
-3.180275e-05 3.254823e-01
+7.708182e-05 2.996239e-01
-2.011528e-05 6.949853e-03
-6.959513e+00 1.224302e+01
+4.085900e+00 1.545968e+01
-2.831240e+00 2.198427e+01
-5.731527e+00 2.599619e+01
-4.166880e-01 2.469316e+01
-1.258578e+00 2.719363e+01
-8.513018e-01 2.914870e+01
-6.359211e+00 2.969849e+01
-3.162972e+00 3.084863e+01
-1.257257e+00 3.086640e+01
-4.008070e-01 2.805046e+01
+2.578937e+00 2.798924e+01
+2.324856e+01 1.077438e+00
+1.828057e-04 4.997650e-01
-2.081522e-04 6.590349e-01
+1.214983e-04 9.128237e-01
-3.586527e-04 1.112380e+00
-4.728780e-04 1.266503e+00
+6.449822e-04 1.453437e+00
+6.422519e-04 1.650848e+00
+1.535957e-04 1.665722e+00
+4.259619e-04 1.792855e+00
-1.344607e-04 1.722403e+00
-7.678050e-04 1.698037e+00
-8.226870e-04 1.571218e+00
-8.716518e-05 3.774885e-02
-6.347989e-06 8.364609e-02
-6.619928e-05 1.170605e-01
-1.772786e-06 1.641694e-01
+4.449270e-05 2.033733e-01
+2.299299e-06 2.378250e-01
-4.476061e-05 2.743771e-01
-3.776166e-05 3.137438e-01
+1.130787e-04 3.204303e-01
-4.104140e-05 3.430042e-01
-2.097286e-04 3.291078e-01
-4.840441e-05 3.263791e-01
+9.444811e-05 3.004498e-01
-1.607294e-05 6.971501e-03
-6.959288e+00 1.224249e+01
+4.085550e+00 1.546152e+01
-2.831003e+00 2.198162e+01
-5.731856e+00 2.599897e+01
-4.172338e-01 2.469055e+01
-1.257960e+00 2.719578e+01
-8.508639e-01 2.914883e+01
-6.359147e+00 2.969843e+01
-3.162658e+00 3.085180e+01
-1.257610e+00 3.086060e+01
-4.016373e-01 2.805117e+01
+2.578212e+00 2.798627e+01
+2.324844e+01 1.077512e+00
+1.885877e-04 5.006227e-01
-2.144938e-04 6.600205e-01
+1.446132e-04 9.138732e-01
-2.444261e-04 1.113520e+00
-4.759972e-04 1.267197e+00
+5.798769e-04 1.454624e+00
+6.205735e-04 1.652064e+00
+2.598904e-04 1.667086e+00
+3.624731e-04 1.794280e+00
-3.686265e-04 1.723673e+00
-8.322997e-04 1.699328e+00
-7.394745e-04 1.572657e+00
-9.767929e-05 3.782350e-02
-6.443906e-06 8.377597e-02
-2.180483e-05 1.172760e-01
+2.074306e-06 1.644835e-01
+6.305321e-05 2.037976e-01
+1.407225e-05 2.383162e-01
-8.196093e-05 2.749770e-01
-3.720073e-05 3.144099e-01
+1.058887e-04 3.211529e-01
-3.708450e-05 3.437747e-01
-1.839259e-04 3.298193e-01
-3.919500e-05 3.270976e-01
+1.069589e-04 3.011333e-01
-5.003870e-06 6.987366e-03
-6.959146e+00 1.224213e+01
+4.085318e+00 1.546318e+01
-2.830913e+00 2.197819e+01
-5.732000e+00 2.600234e+01
-4.175833e-01 2.468592e+01
-1.257583e+00 2.719549e+01
-8.504357e-01 2.915216e+01
-6.358627e+00 2.969815e+01
-3.162109e+00 3.085050e+01
-1.258001e+00 3.085582e+01
-4.025506e-01 2.805026e+01
+2.577342e+00 2.798457e+01
+2.324834e+01 1.077660e+00
+1.914523e-04 5.012677e-01
-1.907701e-04 6.607732e-01
+1.539307e-04 9.147144e-01
-1.812015e-04 1.114715e+00
-4.422046e-04 1.268079e+00
+4.686441e-04 1.455969e+00
+5.780923e-04 1.653477e+00
+3.294459e-04 1.668739e+00
+3.494945e-04 1.796011e+00
-4.761600e-04 1.725144e+00
-8.821482e-04 1.700708e+00
-6.580167e-04 1.574191e+00
-9.353040e-05 3.788271e-02
-3.726926e-06 8.384814e-02
+4.492401e-06 1.173972e-01
+1.244873e-05 1.646639e-01
+4.524580e-05 2.040620e-01
+1.273407e-05 2.386154e-01
-1.127414e-04 2.753524e-01
-3.968186e-05 3.148118e-01
+6.291760e-05 3.216149e-01
-6.218156e-05 3.442526e-01
-1.393272e-04 3.302493e-01
-1.344274e-05 3.275551e-01
+1.129194e-04 3.015602e-01
+6.044297e-06 6.995920e-03
-6.958948e+00 1.224207e+01
+4.085175e+00 1.546434e+01
-2.830711e+00 2.197492e+01
-5.732163e+00 2.600434e+01
-4.180680e-01 2.468466e+01
-1.257187e+00 2.719497e+01
-8.498205e-01 2.915416e+01
-6.358358e+00 2.969902e+01
-3.161902e+00 3.085261e+01
-1.258598e+00 3.084842e+01
-4.033457e-01 2.804820e+01
+2.576905e+00 2.797990e+01
+2.324827e+01 1.077804e+00
+1.878425e-04 5.013033e-01
-1.826938e-04 6.607967e-01
+1.743903e-04 9.146297e-01
-1.726249e-04 1.114829e+00
-4.504717e-04 1.267865e+00
+3.352706e-04 1.455904e+00
+5.436182e-04 1.653321e+00
+3.497094e-04 1.668936e+00
+2.366035e-04 1.796105e+00
-5.767588e-04 1.725046e+00
-8.489315e-04 1.700534e+00
-5.295603e-04 1.574245e+00
-7.845232e-05 3.788767e-02
+8.243980e-07 8.384700e-02
+1.222742e-05 1.173872e-01
+3.032128e-05 1.646563e-01
+2.400715e-05 2.040640e-01
-1.304888e-06 2.386032e-01
-1.347318e-04 2.753513e-01
-3.403516e-05 3.148048e-01
+2.466912e-05 3.216135e-01
-9.806494e-05 3.442548e-01
-1.031146e-04 3.302366e-01
+1.020268e-05 3.275718e-01
+1.086050e-04 3.015637e-01
+1.261723e-05 6.996130e-03
-6.958750e+00 1.224201e+01
+4.085032e+00 1.546549e+01
-2.830510e+00 2.197166e+01
-5.732326e+00 2.600634e+01
-4.185527e-01 2.468340e+01
-1.256791e+00 2.719445e+01
-8.492054e-01 2.915615e+01
-6.358089e+00 2.969989e+01
-3.161694e+00 3.085472e+01
-1.259196e+00 3.084103e+01
-4.041408e-01 2.804614e+01
+2.576469e+00 2.797522e+01
+2.324820e+01 1.077949e+00
+1.842328e-04 5.013388e-01
-1.746176e-04 6.608203e-01
+1.948498e-04 9.145449e-01
-1.640482e-04 1.114943e+00
-4.587388e-04 1.267651e+00
+2.018971e-04 1.455838e+00
+5.091441e-04 1.653166e+00
+3.699729e-04 1.669132e+00
+1.237126e-04 1.796199e+00
-6.773575e-04 1.724948e+00
-8.157147e-04 1.700360e+00
-4.011038e-04 1.574299e+00
-6.337424e-05 3.789264e-02
+5.375722e-06 8.384587e-02
+1.996244e-05 1.173771e-01
+4.819383e-05 1.646486e-01
+2.768494e-06 2.040661e-01
-1.534385e-05 2.385909e-01
-1.567222e-04 2.753501e-01
-2.838845e-05 3.147978e-01
-1.357935e-05 3.216121e-01
-1.339483e-04 3.442571e-01
-6.690201e-05 3.302239e-01
+3.384811e-05 3.275886e-01
+1.042906e-04 3.015672e-01
+1.919017e-05 6.996341e-03
-6.958547e+00 1.224211e+01
+4.084779e+00 1.546447e+01
-2.830332e+00 2.196910e+01
-5.732556e+00 2.600658e+01
-4.190015e-01 2.468029e+01
-1.256679e+00 2.719457e+01
-8.487610e-01 2.915974e+01
-6.357667e+00 2.970283e+01
-3.161682e+00 3.086016e+01
-1.259896e+00 3.083607e+01
-4.050869e-01 2.804731e+01
+2.576001e+00 2.797223e+01
+2.324812e+01 1.078086e+00
+1.963195e-04 5.007960e-01
-1.614331e-04 6.601178e-01
+2.757601e-04 9.134885e-01
-1.329669e-04 1.113997e+00
-4.742544e-04 1.266271e+00
+3.959147e-05 1.454279e+00
+4.848720e-04 1.651507e+00
+3.629726e-04 1.667867e+00
-1.496070e-05 1.794525e+00
-7.836008e-04 1.723289e+00
-8.145031e-04 1.698488e+00
-3.249058e-04 1.572703e+00
-4.967117e-05 3.784207e-02
+1.126413e-05 8.376467e-02
+3.568546e-05 1.172212e-01
+5.754313e-05 1.644368e-01
-1.958805e-05 2.038091e-01
-2.641060e-05 2.382431e-01
-1.678179e-04 2.749628e-01
-2.284842e-05 3.143501e-01
-5.284558e-05 3.211778e-01
-1.783046e-04 3.437770e-01
-2.232321e-05 3.297314e-01
+5.771930e-05 3.271696e-01
+9.786353e-05 3.011662e-01
+2.564026e-05 6.988851e-03
-6.958370e+00 1.224232e+01
+4.084479e+00 1.546418e+01
-2.830036e+00 2.196527e+01
-5.732800e+00 2.600624e+01
-4.195390e-01 2.467688e+01
-1.256596e+00 2.719035e+01
-8.485035e-01 2.916206e+01
-6.357452e+00 2.970299e+01
-3.161664e+00 3.086161e+01
-1.260597e+00 3.083084e+01
-4.057348e-01 2.804854e+01
+2.575717e+00 2.797045e+01
+2.324807e+01 1.078186e+00
+2.202470e-04 5.000369e-01
-1.238300e-04 6.591757e-01
+3.524413e-04 9.122476e-01
-1.088619e-04 1.112900e+00
-5.229144e-04 1.265028e+00
-1.099293e-04 1.452965e+00
+4.823225e-04 1.650137e+00
+3.163029e-04 1.666636e+00
-1.950191e-04 1.792990e+00
-8.373487e-04 1.721990e+00
-7.863007e-04 1.697050e+00
-2.606352e-04 1.571385e+00
-3.209769e-05 3.777621e-02
+1.409296e-05 8.361615e-02
+5.005951e-05 1.169719e-01
+4.218840e-05 1.640993e-01
-4.280862e-05 2.034028e-01
-2.255088e-05 2.377023e-01
-1.583729e-04 2.743279e-01
-1.864550e-05 3.136435e-01
-7.862613e-05 3.204829e-01
-2.240068e-04 3.429586e-01
+2.905037e-05 3.289769e-01
+7.614377e-05 3.264529e-01
+9.368847e-05 3.005219e-01
+3.195478e-05 6.974361e-03
-6.958101e+00 1.224140e+01
+4.084229e+00 1.546466e+01
-2.829497e+00 2.196192e+01
-5.732924e+00 2.600405e+01
-4.200684e-01 2.467015e+01
-1.256643e+00 2.718817e+01
-8.481016e-01 2.916484e+01
-6.357270e+00 2.970072e+01
-3.161778e+00 3.086281e+01
-1.261326e+00 3.082591e+01
-4.066918e-01 2.804867e+01
+2.575080e+00 2.797117e+01
+2.324800e+01 1.078295e+00
+2.449396e-04 4.993003e-01
-5.849614e-05 6.580750e-01
+3.886208e-04 9.109026e-01
-8.685825e-05 1.111741e+00
-5.401412e-04 1.263786e+00
-2.113692e-04 1.451707e+00
+4.683783e-04 1.648754e+00
+2.843791e-04 1.665521e+00
-3.967493e-04 1.791622e+00
-8.755132e-04 1.720718e+00
-7.704648e-04 1.695670e+00
-2.009645e-04 1.570234e+00
-1.707363e-05 3.771222e-02
+4.080650e-06 8.340291e-02
+6.080191e-05 1.166715e-01
+8.088948e-06 1.636792e-01
-8.258752e-05 2.028988e-01
-4.626597e-06 2.370760e-01
-1.449004e-04 2.735603e-01
-2.231168e-05 3.128142e-01
-8.798949e-05 3.196457e-01
-2.362995e-04 3.419526e-01
+8.009922e-05 3.281274e-01
+1.069956e-04 3.255685e-01
+1.112988e-04 2.997093e-01
+3.912120e-05 6.953502e-03
-6.957817e+00 1.224081e+01
+4.084021e+00 1.546370e+01
-2.829113e+00 2.195956e+01
-5.733177e+00 2.600128e+01
-4.207496e-01 2.466289e+01
-1.256702e+00 2.718489e+01
-8.477487e-01 2.916829e+01
-6.357194e+00 2.969751e+01
-3.162130e+00 3.086323e+01
-1.261830e+00 3.082199e+01
-4.074347e-01 2.804790e+01
+2.574544e+00 2.797132e+01
+2.324796e+01 1.078434e+00
+2.618000e-04 4.985244e-01
-1.121840e-05 6.569709e-01
+3.517564e-04 9.096041e-01
-5.687177e-05 1.110721e+00
-5.020764e-04 1.262611e+00
-2.486123e-04 1.450342e+00
+4.585470e-04 1.647349e+00
+2.988788e-04 1.664348e+00
-6.072647e-04 1.789848e+00
-8.903179e-04 1.719421e+00
-7.916819e-04 1.694123e+00
-1.538630e-04 1.569087e+00
-2.140237e-06 3.764443e-02
-1.445034e-05 8.317092e-02
+6.817366e-05 1.163576e-01
-1.283941e-05 1.632218e-01
-1.274054e-04 2.023711e-01
+2.137041e-05 2.364639e-01
-1.497047e-04 2.728116e-01
-1.999736e-05 3.119979e-01
-8.829103e-05 3.188076e-01
-2.055265e-04 3.410043e-01
+1.213015e-04 3.273297e-01
+1.449216e-04 3.247261e-01
+1.384635e-04 2.989117e-01
+4.574146e-05 6.932227e-03
