-8.674793e+00 8.907181e+00
+6.436386e+00 1.288067e+01
-2.499621e+00 2.015576e+01
-5.271856e+00 1.810036e+01
+9.930845e-01 1.635526e+01
-4.448791e+00 2.499030e+01
-2.922932e+00 3.273244e+01
-7.963856e+00 2.410761e+01
-2.496785e+00 2.279375e+01
-1.736646e+00 2.319050e+01
-4.808706e-01 2.392598e+01
+2.388907e+00 2.176732e+01
+2.359985e+01 5.536869e-01
-8.680732e-05 4.431467e-01
+1.038562e-03 5.664451e-01
-7.345971e-04 9.190272e-01
+2.626323e-04 1.090324e+00
-2.910574e-04 1.252997e+00
+9.935325e-04 1.481505e+00
-5.261502e-04 1.615393e+00
-1.999244e-03 1.636356e+00
+5.584158e-04 1.744708e+00
-1.060756e-03 1.744517e+00
-1.427275e-03 1.579394e+00
-6.467031e-05 1.509474e+00
+1.894225e-04 3.985413e-02
+4.440024e-05 7.375473e-02
-1.307597e-05 1.013499e-01
+1.378715e-04 1.705135e-01
+7.001030e-05 1.930441e-01
+4.847311e-05 2.359212e-01
-2.066100e-06 2.731518e-01
+2.025862e-04 3.082472e-01
+1.601224e-04 3.159138e-01
-1.069787e-04 3.399809e-01
+7.892847e-05 3.390731e-01
+1.064603e-04 3.113181e-01
-3.115847e-04 2.953901e-01
+1.049947e-05 7.766826e-03
-8.674895e+00 8.907560e+00
+6.437235e+00 1.288195e+01
-2.500189e+00 2.015947e+01
-5.271493e+00 1.810212e+01
+9.929642e-01 1.635109e+01
-4.447957e+00 2.499513e+01
-2.922997e+00 3.273286e+01
-7.965032e+00 2.410949e+01
-2.496975e+00 2.279177e+01
-1.737752e+00 2.318982e+01
-4.821669e-01 2.392498e+01
+2.388189e+00 2.176872e+01
+2.360006e+01 5.535657e-01
-3.777235e-05 4.438304e-01
+1.010854e-03 5.671168e-01
-6.436767e-04 9.198596e-01
+2.707614e-04 1.091420e+00
-2.544544e-04 1.254206e+00
+8.799218e-04 1.483078e+00
-4.058034e-04 1.616852e+00
-1.742910e-03 1.637680e+00
+4.193704e-04 1.745928e+00
-9.625976e-04 1.746018e+00
-1.264031e-03 1.580845e+00
-1.836632e-04 1.510450e+00
+2.004124e-04 3.991887e-02
+4.347790e-05 7.396442e-02
-4.999878e-05 1.016131e-01
+1.249917e-04 1.709758e-01
+1.468347e-05 1.935413e-01
+7.818631e-05 2.365411e-01
-9.697819e-05 2.739001e-01
+1.892852e-04 3.090238e-01
+2.266439e-04 3.167239e-01
-1.249186e-04 3.408850e-01
+1.027327e-04 3.399770e-01
+9.280937e-05 3.120933e-01
-2.578499e-04 2.961522e-01
-9.560951e-07 7.790640e-03
-8.675022e+00 8.908222e+00
+6.438212e+00 1.288309e+01
-2.500696e+00 2.016124e+01
-5.271160e+00 1.810414e+01
+9.929127e-01 1.634689e+01
-4.447088e+00 2.499972e+01
-2.923033e+00 3.273671e+01
-7.966476e+00 2.411300e+01
-2.497161e+00 2.278885e+01
-1.738679e+00 2.318900e+01
-4.833350e-01 2.392639e+01
+2.387691e+00 2.176768e+01
+2.360026e+01 5.534743e-01
-3.462502e-06 4.445208e-01
+9.346099e-04 5.677198e-01
-5.316072e-04 9.208233e-01
+2.505244e-04 1.092446e+00
-1.744355e-04 1.255352e+00
+6.808070e-04 1.484456e+00
-2.697684e-04 1.617989e+00
-1.445021e-03 1.638714e+00
+3.074478e-04 1.747204e+00
-8.242790e-04 1.747436e+00
-1.188894e-03 1.581977e+00
-3.250496e-04 1.511350e+00
+1.950055e-04 3.998564e-02
+4.027366e-05 7.416597e-02
-9.086345e-05 1.018904e-01
+1.071039e-04 1.714131e-01
-2.575814e-05 1.940564e-01
+9.839889e-05 2.371506e-01
-1.643303e-04 2.746599e-01
+1.377070e-04 3.098639e-01
+2.738046e-04 3.175967e-01
-1.404964e-04 3.418065e-01
+1.082096e-04 3.409179e-01
+5.738928e-05 3.129315e-01
-2.191231e-04 2.969681e-01
-8.127384e-06 7.813078e-03
-8.675013e+00 8.909171e+00
+6.438929e+00 1.288358e+01
-2.501109e+00 2.016551e+01
-5.270850e+00 1.810637e+01
+9.929771e-01 1.634351e+01
-4.446680e+00 2.500349e+01
-2.922947e+00 3.274041e+01
-7.967266e+00 2.411641e+01
-2.497248e+00 2.278331e+01
-1.739342e+00 2.318671e+01
-4.843764e-01 2.393032e+01
+2.387145e+00 2.176779e+01
+2.360045e+01 5.534282e-01
+3.163840e-05 4.452593e-01
+8.092067e-04 5.683337e-01
-4.375390e-04 9.217279e-01
+1.872155e-04 1.093525e+00
-5.865253e-05 1.256535e+00
+4.675558e-04 1.485896e+00
-2.596980e-04 1.619051e+00
-1.139962e-03 1.639681e+00
+1.705531e-04 1.748735e+00
-7.174517e-04 1.748857e+00
-1.158535e-03 1.582719e+00
-4.463250e-04 1.512278e+00
+1.846086e-04 4.005179e-02
+3.227610e-05 7.430860e-02
-1.069091e-04 1.021116e-01
+8.476418e-05 1.717665e-01
-4.729866e-05 1.944564e-01
+1.070330e-04 2.376585e-01
-1.629820e-04 2.752517e-01
+7.456582e-05 3.105778e-01
+2.657301e-04 3.183485e-01
-1.589421e-04 3.425444e-01
+7.399428e-05 3.416785e-01
+2.121374e-05 3.136604e-01
-1.805767e-04 2.976561e-01
-8.825109e-06 7.829715e-03
-8.675018e+00 8.910019e+00
+6.439614e+00 1.288541e+01
-2.501401e+00 2.017123e+01
-5.270664e+00 1.810970e+01
+9.929750e-01 1.634125e+01
-4.446421e+00 2.500636e+01
-2.923232e+00 3.274609e+01
-7.968040e+00 2.411867e+01
-2.497187e+00 2.277843e+01
-1.739975e+00 2.318478e+01
-4.856488e-01 2.393232e+01
+2.386344e+00 2.176868e+01
+2.360062e+01 5.533945e-01
+7.031438e-05 4.458277e-01
+6.756398e-04 5.688804e-01
-3.739894e-04 9.225676e-01
+1.176104e-04 1.094672e+00
+4.337837e-05 1.257669e+00
+2.859400e-04 1.487273e+00
-2.714212e-04 1.620394e+00
-8.379887e-04 1.640955e+00
-4.739832e-08 1.750491e+00
-6.768563e-04 1.750682e+00
-1.149683e-03 1.583896e+00
-5.813062e-04 1.513708e+00
+1.794979e-04 4.010438e-02
+2.455954e-05 7.438801e-02
-1.028085e-04 1.022445e-01
+5.690546e-05 1.719854e-01
-5.715070e-05 1.946874e-01
+1.017530e-04 2.379689e-01
-1.324209e-04 2.756062e-01
+2.214626e-05 3.110202e-01
+2.353755e-04 3.188078e-01
-1.837725e-04 3.430079e-01
+2.930473e-05 3.421576e-01
+6.913783e-06 3.141085e-01
-1.360596e-04 2.980838e-01
-5.343929e-06 7.838957e-03
-8.674903e+00 8.910955e+00
+6.440215e+00 1.288732e+01
-2.501784e+00 2.017549e+01
-5.270624e+00 1.811277e+01
+9.930888e-01 1.634033e+01
-4.446238e+00 2.501077e+01
-2.923556e+00 3.275012e+01
-7.968728e+00 2.412069e+01
-2.497357e+00 2.277559e+01
-1.740649e+00 2.318044e+01
-4.867531e-01 2.393225e+01
+2.385797e+00 2.177336e+01
+2.360081e+01 5.533535e-01
+8.314112e-05 4.458561e-01
+5.973057e-04 5.688547e-01
-3.413327e-04 9.224504e-01
+6.508573e-05 1.094696e+00
+1.288649e-04 1.257668e+00
+2.113081e-04 1.487153e+00
-2.705168e-04 1.620290e+00
-6.685349e-04 1.640915e+00
-2.052206e-04 1.750642e+00
-6.921732e-04 1.750802e+00
-1.143068e-03 1.583836e+00
-6.812566e-04 1.513739e+00
+1.783928e-04 4.010161e-02
+1.632725e-05 7.438570e-02
-8.805967e-05 1.022423e-01
+3.569886e-05 1.719800e-01
-5.775873e-05 1.946741e-01
+9.069542e-05 2.379696e-01
-1.021960e-04 2.756012e-01
-2.901026e-06 3.110177e-01
+2.038956e-04 3.188024e-01
-2.002378e-04 3.429932e-01
-2.463359e-06 3.421528e-01
+3.720193e-06 3.140967e-01
-9.419409e-05 2.980751e-01
-1.393367e-06 7.839022e-03
-8.674787e+00 8.911891e+00
+6.440815e+00 1.288923e+01
-2.502167e+00 2.017975e+01
-5.270583e+00 1.811584e+01
+9.932026e-01 1.633940e+01
-4.446056e+00 2.501517e+01
-2.923880e+00 3.275415e+01
-7.969415e+00 2.412271e+01
-2.497527e+00 2.277275e+01
-1.741323e+00 2.317610e+01
-4.878573e-01 2.393218e+01
+2.385250e+00 2.177804e+01
+2.360099e+01 5.533124e-01
+9.596786e-05 4.458845e-01
+5.189717e-04 5.688291e-01
-3.086760e-04 9.223332e-01
+1.256107e-05 1.094721e+00
+2.143514e-04 1.257667e+00
+1.366763e-04 1.487033e+00
-2.696125e-04 1.620185e+00
-4.990811e-04 1.640876e+00
-4.103938e-04 1.750792e+00
-7.074902e-04 1.750923e+00
-1.136453e-03 1.583775e+00
-7.812069e-04 1.513769e+00
+1.772877e-04 4.009885e-02
+8.094970e-06 7.438340e-02
-7.331083e-05 1.022401e-01
+1.449226e-05 1.719745e-01
-5.836677e-05 1.946607e-01
+7.963785e-05 2.379704e-01
-7.197115e-05 2.755962e-01
-2.794831e-05 3.110153e-01
+1.724156e-04 3.187970e-01
-2.167031e-04 3.429784e-01
-3.423145e-05 3.421480e-01
+5.266042e-07 3.140849e-01
-5.232859e-05 2.980664e-01
+2.557195e-06 7.839086e-03
-8.674712e+00 8.913751e+00
+6.441315e+00 1.289185e+01
-2.502433e+00 2.018564e+01
-5.270566e+00 1.811967e+01
+9.935076e-01 1.634072e+01
-4.445806e+00 2.501988e+01
-2.923975e+00 3.275372e+01
-7.969921e+00 2.412067e+01
-2.498104e+00 2.276857e+01
-1.742128e+00 2.317301e+01
-4.889875e-01 2.393148e+01
+2.384286e+00 2.178200e+01
+2.360116e+01 5.532860e-01
+1.004479e-04 4.453737e-01
+4.472424e-04 5.682510e-01
-2.917015e-04 9.213366e-01
-4.905348e-05 1.093778e+00
+3.093383e-04 1.256373e+00
+3.120763e-05 1.485376e+00
-2.751073e-04 1.618787e+00
-2.899380e-04 1.639432e+00
-6.254627e-04 1.749348e+00
-7.144515e-04 1.749604e+00
-1.146549e-03 1.582373e+00
-8.173450e-04 1.512579e+00
+1.787469e-04 4.003355e-02
+1.681788e-06 7.429380e-02
-5.695932e-05 1.020951e-01
-1.573487e-05 1.717212e-01
-6.362515e-05 1.943838e-01
+5.500291e-05 2.376614e-01
-3.191622e-05 2.752147e-01
-7.589011e-05 3.105487e-01
+1.254546e-04 3.183105e-01
-2.002303e-04 3.424737e-01
-6.676716e-05 3.416436e-01
-5.002324e-06 3.136219e-01
+1.142595e-05 2.976116e-01
+6.774988e-06 7.830403e-03
-8.674679e+00 8.915586e+00
+6.441734e+00 1.289432e+01
-2.502696e+00 2.018863e+01
-5.270434e+00 1.812286e+01
+9.938459e-01 1.634300e+01
-4.445766e+00 2.502546e+01
-2.923979e+00 3.275241e+01
-7.969998e+00 2.411700e+01
-2.498898e+00 2.276550e+01
-1.742782e+00 2.317320e+01
-4.900669e-01 2.392860e+01
+2.383322e+00 2.178297e+01
+2.360134e+01 5.531873e-01
+1.114854e-04 4.446344e-01
+3.646645e-04 5.675579e-01
-2.803787e-04 9.203584e-01
-1.193979e-04 1.092756e+00
+3.733554e-04 1.255200e+00
-6.899282e-05 1.483745e+00
-3.933875e-04 1.617456e+00
-9.586368e-05 1.638380e+00
-8.224499e-04 1.748139e+00
-7.426863e-04 1.748449e+00
-1.122684e-03 1.581235e+00
-7.787145e-04 1.511903e+00
+1.848179e-04 3.995874e-02
-1.179169e-06 7.413552e-02
-3.535468e-05 1.018735e-01
-4.801102e-05 1.713229e-01
-5.901946e-05 1.939495e-01
+2.140611e-05 2.371352e-01
+3.436476e-05 2.746189e-01
-1.356962e-04 3.098435e-01
+3.995236e-05 3.175361e-01
-1.605998e-04 3.417080e-01
-8.783106e-05 3.409018e-01
-1.427785e-05 3.128887e-01
+7.354838e-05 2.968915e-01
+1.068837e-05 7.813258e-03
-8.674666e+00 8.917592e+00
+6.442226e+00 1.289771e+01
-2.503039e+00 2.019182e+01
-5.270405e+00 1.812610e+01
+9.942150e-01 1.634507e+01
-4.445775e+00 2.502953e+01
-2.924061e+00 3.275423e+01
-7.970091e+00 2.411595e+01
-2.499633e+00 2.276207e+01
-1.743469e+00 2.317252e+01
-4.912553e-01 2.392870e+01
+2.382677e+00 2.178478e+01
+2.360153e+01 5.530453e-01
+1.283396e-04 4.438313e-01
+2.955244e-04 5.667779e-01
-3.113327e-04 9.191311e-01
-2.086291e-04 1.091604e+00
+3.849706e-04 1.254071e+00
-1.226770e-04 1.482220e+00
-5.697476e-04 1.615856e+00
+2.833965e-05 1.637183e+00
-8.637868e-04 1.746894e+00
-7.641224e-04 1.747003e+00
-1.127477e-03 1.580060e+00
-6.680230e-04 1.511020e+00
+1.899191e-04 3.989412e-02
-8.942183e-10 7.394057e-02
-4.794839e-06 1.016181e-01
-6.260688e-05 1.708760e-01
-2.707107e-05 1.934546e-01
-1.444326e-05 2.364657e-01
+1.119707e-04 2.738783e-01
-1.807872e-04 3.090427e-01
-7.493505e-05 3.166350e-01
-1.294349e-04 3.407692e-01
-1.146314e-04 3.400633e-01
-2.223871e-05 3.120381e-01
+1.053928e-04 2.960766e-01
+1.071684e-05 7.788197e-03
-8.674631e+00 8.919408e+00
+6.442576e+00 1.290147e+01
-2.503311e+00 2.019556e+01
-5.270381e+00 1.813113e+01
+9.945095e-01 1.634970e+01
-4.445700e+00 2.503236e+01
-2.924553e+00 3.275445e+01
-7.970160e+00 2.411832e+01
-2.500510e+00 2.275780e+01
-1.744311e+00 2.317126e+01
-4.922323e-01 2.392950e+01
+2.382037e+00 2.178957e+01
+2.360173e+01 5.529157e-01
+1.558733e-04 4.429900e-01
+2.492334e-04 5.660953e-01
-3.392345e-04 9.180036e-01
-2.436415e-04 1.090322e+00
+3.827277e-04 1.252855e+00
-8.390748e-05 1.480931e+00
-7.795889e-04 1.614458e+00
+1.461717e-05 1.635720e+00
-8.721085e-04 1.745745e+00
-7.274210e-04 1.745782e+00
-1.145030e-03 1.578807e+00
-5.696165e-04 1.509884e+00
+1.952654e-04 3.982648e-02
+1.498401e-06 7.374713e-02
+3.266012e-05 1.013488e-01
-5.759344e-05 1.704324e-01
+2.147375e-05 1.929752e-01
-5.017499e-05 2.358396e-01
+1.676719e-04 2.731343e-01
-2.059931e-04 3.082412e-01
-1.693349e-04 3.158220e-01
-1.068346e-04 3.398440e-01
-1.450278e-04 3.392027e-01
-4.098748e-05 3.112455e-01
+1.026305e-04 2.953434e-01
+7.429866e-06 7.763444e-03
