-5.148769e+00 1.151359e+01
+4.600859e+00 1.407313e+01
-1.355339e+00 2.150110e+01
-7.776159e+00 2.213091e+01
+7.872142e-01 1.902548e+01
-2.369149e+00 2.264111e+01
-2.042464e+00 2.555431e+01
-4.181852e+00 2.318184e+01
-1.896936e+00 2.786875e+01
+4.605701e-01 2.451931e+01
-1.481421e-01 2.546681e+01
+1.743963e+00 2.785839e+01
+2.206764e+01 1.406151e+00
-3.115525e-04 5.764650e-01
-4.180304e-04 6.161110e-01
-2.703815e-04 1.028972e+00
+7.562693e-04 1.178251e+00
+9.462930e-04 1.256317e+00
-2.607300e-04 1.485517e+00
+6.930000e-04 1.666355e+00
+3.130241e-04 1.640189e+00
+8.511618e-05 1.853379e+00
+4.190727e-04 1.730188e+00
+5.074537e-04 1.726853e+00
+1.427657e-04 1.654735e+00
+3.977775e-05 3.521075e-02
-3.918935e-05 9.467336e-02
-4.313935e-05 1.033824e-01
-3.390038e-05 1.749333e-01
-4.909523e-05 2.088053e-01
-1.065029e-06 2.350646e-01
+1.935780e-04 2.827036e-01
-8.794764e-05 3.141952e-01
-1.111912e-04 3.173158e-01
-3.538519e-05 3.551382e-01
+4.548419e-06 3.310337e-01
-1.519746e-04 3.283833e-01
+1.678003e-04 3.209580e-01
-2.608411e-05 7.021504e-03
-5.149117e+00 1.151351e+01
+4.600486e+00 1.407373e+01
-1.355728e+00 2.150134e+01
-7.775622e+00 2.213126e+01
+7.877581e-01 1.902699e+01
-2.369238e+00 2.263914e+01
-2.041967e+00 2.555655e+01
-4.181904e+00 2.318057e+01
-1.896728e+00 2.786777e+01
+4.612249e-01 2.451518e+01
-1.481041e-01 2.546145e+01
+1.744067e+00 2.786149e+01
+2.206762e+01 1.406172e+00
-3.462475e-04 5.772265e-01
-4.356413e-04 6.166997e-01
-2.869977e-04 1.029980e+00
+6.161163e-04 1.178897e+00
+8.682253e-04 1.257190e+00
-1.687321e-04 1.486446e+00
+7.144834e-04 1.667278e+00
+2.790859e-04 1.641009e+00
+7.703505e-05 1.854951e+00
+4.390052e-04 1.731151e+00
+4.600692e-04 1.728002e+00
+2.655910e-04 1.656129e+00
+1.311612e-05 3.525397e-02
-1.826354e-05 9.490944e-02
-2.822959e-05 1.036117e-01
-2.052868e-05 1.753603e-01
-4.278815e-05 2.092702e-01
-1.242830e-06 2.356150e-01
+1.745098e-04 2.834555e-01
-1.010882e-04 3.149938e-01
-9.462855e-05 3.181124e-01
-4.057883e-05 3.560315e-01
-8.881215e-06 3.318625e-01
-9.567154e-05 3.291939e-01
+1.127236e-04 3.217418e-01
-2.773419e-05 7.044136e-03
-5.149415e+00 1.151333e+01
+4.600046e+00 1.407395e+01
-1.356030e+00 2.150079e+01
-7.775309e+00 2.213023e+01
+7.884647e-01 1.902624e+01
-2.369214e+00 2.263599e+01
-2.041357e+00 2.555849e+01
-4.181612e+00 2.317875e+01
-1.896559e+00 2.787117e+01
+4.617223e-01 2.451224e+01
-1.478869e-01 2.545870e+01
+1.744524e+00 2.786331e+01
+2.206758e+01 1.406231e+00
-3.580342e-04 5.779254e-01
-4.296321e-04 6.173073e-01
-3.133232e-04 1.031028e+00
+5.329361e-04 1.179700e+00
+7.960098e-04 1.258093e+00
-1.175327e-04 1.487276e+00
+6.678168e-04 1.668476e+00
+2.215529e-04 1.642075e+00
+4.183175e-05 1.856321e+00
+4.508306e-04 1.732098e+00
+4.317873e-04 1.729156e+00
+3.018519e-04 1.657518e+00
-1.654549e-05 3.530098e-02
-5.754180e-06 9.513540e-02
-9.095704e-06 1.038451e-01
-3.091353e-05 1.757747e-01
-7.778182e-06 2.097124e-01
-1.744609e-05 2.361796e-01
+1.309622e-04 2.842329e-01
-1.336824e-04 3.157584e-01
-9.663647e-05 3.189141e-01
-3.192103e-05 3.569750e-01
-3.754158e-05 3.327166e-01
-7.199364e-05 3.300651e-01
+1.188915e-05 3.225544e-01
-2.625439e-05 7.065917e-03
-5.149754e+00 1.151327e+01
+4.599547e+00 1.407478e+01
-1.356341e+00 2.149903e+01
-7.775063e+00 2.212653e+01
+7.889793e-01 1.902658e+01
-2.369108e+00 2.263336e+01
-2.040814e+00 2.555924e+01
-4.181358e+00 2.317616e+01
-1.896579e+00 2.787393e+01
+4.621517e-01 2.451097e+01
-1.474517e-01 2.545669e+01
+1.744912e+00 2.786836e+01
+2.206751e+01 1.406292e+00
-3.549578e-04 5.786606e-01
-4.196409e-04 6.179905e-01
-3.683952e-04 1.032018e+00
+5.214264e-04 1.180542e+00
+7.359011e-04 1.258943e+00
-7.453929e-05 1.488256e+00
+5.330513e-04 1.669575e+00
+1.644296e-04 1.642896e+00
+4.515907e-05 1.857411e+00
+3.861320e-04 1.732984e+00
+4.124243e-04 1.730056e+00
+2.109577e-04 1.658787e+00
-3.803768e-05 3.534246e-02
+2.242170e-06 9.529348e-02
+1.282579e-05 1.040318e-01
-4.564860e-05 1.760952e-01
+3.174401e-05 2.100767e-01
-2.144178e-05 2.366587e-01
+8.334807e-05 2.848393e-01
-1.602301e-04 3.164179e-01
-9.714478e-05 3.196111e-01
+2.501648e-06 3.578274e-01
-5.321364e-05 3.334722e-01
-6.944316e-05 3.308283e-01
-7.432734e-05 3.232906e-01
-2.000132e-05 7.083498e-03
-5.150121e+00 1.151367e+01
+4.599149e+00 1.407558e+01
-1.356845e+00 2.149812e+01
-7.774574e+00 2.212473e+01
+7.894891e-01 1.902753e+01
-2.369208e+00 2.263041e+01
-2.040397e+00 2.556170e+01
-4.181475e+00 2.317620e+01
-1.896575e+00 2.787250e+01
+4.626308e-01 2.450716e+01
-1.472523e-01 2.545288e+01
+1.744989e+00 2.787222e+01
+2.206745e+01 1.406287e+00
-3.572257e-04 5.792356e-01
-3.831939e-04 6.186412e-01
-4.377780e-04 1.032896e+00
+5.853196e-04 1.181383e+00
+6.842425e-04 1.259973e+00
-5.896852e-05 1.489309e+00
+3.634028e-04 1.670885e+00
+5.603177e-05 1.643990e+00
+9.374724e-05 1.858967e+00
+3.365302e-04 1.734262e+00
+3.522536e-04 1.731523e+00
+3.719332e-05 1.660456e+00
-5.124477e-05 3.538419e-02
+5.286653e-06 9.537672e-02
+2.977928e-05 1.041441e-01
-5.344560e-05 1.762931e-01
+5.161841e-05 2.103176e-01
-2.392821e-05 2.369706e-01
+4.514011e-05 2.852096e-01
-1.617318e-04 3.168653e-01
-8.850185e-05 3.200866e-01
+4.201649e-05 3.583665e-01
-5.874798e-05 3.339593e-01
-7.360804e-05 3.313369e-01
-1.260100e-04 3.237700e-01
-1.336569e-05 7.094502e-03
-5.150483e+00 1.151347e+01
+4.598821e+00 1.407573e+01
-1.357326e+00 2.149724e+01
-7.773847e+00 2.212158e+01
+7.902169e-01 1.902721e+01
-2.369273e+00 2.262780e+01
-2.040170e+00 2.556650e+01
-4.181457e+00 2.317455e+01
-1.896386e+00 2.787166e+01
+4.628782e-01 2.450449e+01
-1.468846e-01 2.545043e+01
+1.744875e+00 2.787976e+01
+2.206739e+01 1.406293e+00
-3.483326e-04 5.792375e-01
-3.452047e-04 6.187306e-01
-4.859451e-04 1.032808e+00
+6.383511e-04 1.181329e+00
+6.714877e-04 1.260060e+00
-3.913901e-05 1.489032e+00
+2.198153e-04 1.670847e+00
-7.633618e-06 1.643925e+00
+1.775433e-04 1.858981e+00
+2.955674e-04 1.734203e+00
+2.720535e-04 1.731465e+00
-9.151711e-05 1.660871e+00
-5.845696e-05 3.538181e-02
+5.892957e-06 9.537281e-02
+4.329082e-05 1.041425e-01
-5.406221e-05 1.762968e-01
+4.961841e-05 2.103216e-01
-2.968101e-05 2.369727e-01
+1.131562e-05 2.852070e-01
-1.421255e-04 3.168643e-01
-7.481342e-05 3.200949e-01
+6.929912e-05 3.583670e-01
-5.048720e-05 3.339626e-01
-7.547592e-05 3.313528e-01
-1.439747e-04 3.237758e-01
-9.192470e-06 7.094960e-03
-5.150844e+00 1.151327e+01
+4.598494e+00 1.407588e+01
-1.357807e+00 2.149636e+01
-7.773119e+00 2.211843e+01
+7.909448e-01 1.902690e+01
-2.369338e+00 2.262518e+01
-2.039944e+00 2.557130e+01
-4.181438e+00 2.317290e+01
-1.896198e+00 2.787082e+01
+4.631257e-01 2.450182e+01
-1.465169e-01 2.544799e+01
+1.744760e+00 2.788730e+01
+2.206734e+01 1.406299e+00
-3.394394e-04 5.792395e-01
-3.072154e-04 6.188199e-01
-5.341123e-04 1.032720e+00
+6.913825e-04 1.181275e+00
+6.587330e-04 1.260148e+00
-1.930950e-05 1.488754e+00
+7.622775e-05 1.670809e+00
-7.129901e-05 1.643860e+00
+2.613393e-04 1.858994e+00
+2.546046e-04 1.734143e+00
+1.918534e-04 1.731406e+00
-2.202275e-04 1.661287e+00
-6.566916e-05 3.537944e-02
+6.499261e-06 9.536889e-02
+5.680236e-05 1.041408e-01
-5.467882e-05 1.763005e-01
+4.761841e-05 2.103255e-01
-3.543381e-05 2.369748e-01
-2.250888e-05 2.852043e-01
-1.225191e-04 3.168633e-01
-6.112498e-05 3.201031e-01
+9.658175e-05 3.583674e-01
-4.222642e-05 3.339659e-01
-7.734380e-05 3.313688e-01
-1.619393e-04 3.237816e-01
-5.019245e-06 7.095418e-03
-5.151135e+00 1.151346e+01
+4.598149e+00 1.407639e+01
-1.358290e+00 2.149659e+01
-7.772599e+00 2.211583e+01
+7.916089e-01 1.902548e+01
-2.369239e+00 2.262492e+01
-2.039941e+00 2.557828e+01
-4.181414e+00 2.317186e+01
-1.895879e+00 2.786722e+01
+4.633822e-01 2.449679e+01
-1.464591e-01 2.544990e+01
+1.744569e+00 2.789260e+01
+2.206727e+01 1.406200e+00
-3.343862e-04 5.786630e-01
-2.411761e-04 6.183636e-01
-5.905392e-04 1.031666e+00
+7.164870e-04 1.180408e+00
+6.002509e-04 1.259389e+00
-3.779065e-05 1.487196e+00
-3.398833e-05 1.669226e+00
-1.459722e-04 1.642458e+00
+3.078587e-04 1.857407e+00
+1.746587e-04 1.732402e+00
+1.152448e-04 1.729877e+00
-3.802050e-04 1.660168e+00
-7.678783e-05 3.533118e-02
+5.369266e-06 9.527169e-02
+7.063945e-05 1.040213e-01
-5.096741e-05 1.761061e-01
+5.641250e-05 2.100832e-01
-4.658555e-05 2.366561e-01
-8.341344e-05 2.848056e-01
-1.010961e-04 3.164341e-01
-2.714802e-05 3.196709e-01
+1.395390e-04 3.578434e-01
-1.982585e-05 3.334883e-01
-5.005753e-05 3.309249e-01
-1.837064e-04 3.233557e-01
+2.262561e-06 7.085812e-03
-5.151468e+00 1.151365e+01
+4.597813e+00 1.407810e+01
-1.358852e+00 2.149613e+01
-7.772103e+00 2.211442e+01
+7.919826e-01 1.902302e+01
-2.369133e+00 2.262413e+01
-2.039909e+00 2.558322e+01
-4.181549e+00 2.317197e+01
-1.895637e+00 2.786392e+01
+4.637181e-01 2.449144e+01
-1.463541e-01 2.544578e+01
+1.744447e+00 2.789753e+01
+2.206717e+01 1.406110e+00
-3.319389e-04 5.779003e-01
-1.784234e-04 6.177681e-01
-6.551722e-04 1.030485e+00
+7.143717e-04 1.179619e+00
+5.147900e-04 1.258778e+00
-1.468937e-04 1.485993e+00
-1.004383e-04 1.667930e+00
-1.515156e-04 1.641473e+00
+4.486336e-04 1.856184e+00
+1.664360e-04 1.731107e+00
+9.476136e-05 1.728671e+00
-5.678159e-04 1.658976e+00
-7.845810e-05 3.528884e-02
+1.064869e-06 9.510062e-02
+8.724935e-05 1.038285e-01
-4.025221e-05 1.757765e-01
+7.398972e-05 2.096838e-01
-4.772157e-05 2.361524e-01
-1.449528e-04 2.841523e-01
-9.878149e-05 3.157721e-01
+9.941065e-06 3.189977e-01
+1.895975e-04 3.570208e-01
-8.708403e-07 3.327173e-01
-2.084668e-05 3.302182e-01
-1.982982e-04 3.226897e-01
+1.268102e-05 7.068119e-03
-5.151799e+00 1.151424e+01
+4.597614e+00 1.407976e+01
-1.359416e+00 2.149406e+01
-7.771735e+00 2.211175e+01
+7.922728e-01 1.902217e+01
-2.369222e+00 2.262343e+01
-2.039725e+00 2.558736e+01
-4.181660e+00 2.316951e+01
-1.895543e+00 2.786262e+01
+4.638193e-01 2.448673e+01
-1.462547e-01 2.544644e+01
+1.744134e+00 2.790333e+01
+2.206706e+01 1.405981e+00
-3.368701e-04 5.771140e-01
-1.123997e-04 6.171103e-01
-6.940620e-04 1.029309e+00
+7.798367e-04 1.178781e+00
+4.158237e-04 1.257911e+00
-3.460862e-04 1.484917e+00
-1.796877e-04 1.666771e+00
-9.018128e-05 1.640609e+00
+6.206538e-04 1.854834e+00
+1.930507e-04 1.730039e+00
+1.919860e-04 1.727572e+00
-7.606221e-04 1.657598e+00
-6.930967e-05 3.525155e-02
-1.161816e-05 9.487189e-02
+1.048132e-04 1.035917e-01
-3.372132e-05 1.753552e-01
+1.061882e-04 2.092114e-01
-2.409614e-05 2.355935e-01
-1.685301e-04 2.834028e-01
-1.264525e-04 3.149799e-01
+1.240717e-05 3.182191e-01
+2.318094e-04 3.560809e-01
-1.622955e-06 3.318043e-01
-6.439776e-06 3.293671e-01
-1.957081e-04 3.218656e-01
+2.404094e-05 7.045457e-03
-5.152109e+00 1.151502e+01
+4.597321e+00 1.408059e+01
-1.360021e+00 2.149412e+01
-7.771543e+00 2.210901e+01
+7.924379e-01 1.902050e+01
-2.369585e+00 2.262176e+01
-2.039509e+00 2.559092e+01
-4.181434e+00 2.316746e+01
-1.894838e+00 2.786410e+01
+4.644011e-01 2.448461e+01
-1.460268e-01 2.544321e+01
+1.743740e+00 2.790503e+01
+2.206699e+01 1.405775e+00
-3.559040e-04 5.762861e-01
-2.012242e-05 6.164821e-01
-7.149343e-04 1.028126e+00
+8.414637e-04 1.177858e+00
+3.508251e-04 1.256973e+00
-5.225634e-04 1.483761e+00
-3.313941e-04 1.665792e+00
-5.222915e-05 1.639747e+00
+7.939195e-04 1.853404e+00
+1.655273e-04 1.728880e+00
+2.417753e-04 1.726290e+00
-9.305878e-04 1.656391e+00
-5.184055e-05 3.520435e-02
-3.570731e-05 9.462687e-02
+1.375739e-04 1.033423e-01
-3.219351e-05 1.749281e-01
+1.354313e-04 2.087562e-01
+3.010213e-05 2.350623e-01
-1.434206e-04 2.826866e-01
-1.577015e-04 3.141969e-01
-5.639443e-05 3.174857e-01
+2.182233e-04 3.551755e-01
-5.358542e-05 3.309830e-01
-2.287535e-05 3.285046e-01
-1.838556e-04 3.209786e-01
+3.034449e-05 7.024794e-03
