-4.846048e+00 1.480495e+01
+4.702332e+00 1.591115e+01
-1.038409e+00 2.506933e+01
-7.276112e+00 2.687720e+01
+7.126662e-01 2.119097e+01
-2.221805e+00 2.402145e+01
-1.948922e+00 2.673891e+01
-3.887897e+00 2.470859e+01
-1.886719e+00 2.848175e+01
+4.272145e-01 2.549137e+01
-1.350332e-01 2.605150e+01
+1.651086e+00 2.794390e+01
+2.113250e+01 1.727317e+00
-3.273356e-04 6.643660e-01
-4.411979e-04 6.845224e-01
-2.910089e-04 1.134117e+00
+7.492287e-04 1.336194e+00
+8.960362e-04 1.368714e+00
-3.114996e-04 1.539206e+00
+6.426783e-04 1.729764e+00
+2.736786e-04 1.703927e+00
+1.176775e-05 1.889681e+00
+3.245732e-04 1.763246e+00
+4.710325e-04 1.755938e+00
+1.234252e-04 1.665812e+00
+3.911431e-05 3.933087e-02
-3.566310e-05 1.051114e-01
-3.597545e-05 1.130860e-01
-3.351015e-05 1.885117e-01
-5.860434e-05 2.297631e-01
+5.313496e-06 2.510626e-01
+1.949721e-04 2.895904e-01
-9.425258e-05 3.239807e-01
-1.289737e-04 3.263973e-01
-3.222897e-05 3.596914e-01
+8.526005e-06 3.353292e-01
-1.425043e-04 3.324910e-01
+1.753994e-04 3.210035e-01
-2.419475e-05 7.327347e-03
-4.846408e+00 1.480508e+01
+4.701934e+00 1.591174e+01
-1.038810e+00 2.506988e+01
-7.275576e+00 2.687680e+01
+7.131809e-01 2.119283e+01
-2.221940e+00 2.401854e+01
-1.948460e+00 2.674095e+01
-3.887982e+00 2.470720e+01
-1.886582e+00 2.848113e+01
+4.277860e-01 2.548744e+01
-1.350045e-01 2.604577e+01
+1.651193e+00 2.794675e+01
+2.113248e+01 1.727380e+00
-3.591697e-04 6.651132e-01
-4.549644e-04 6.850871e-01
-3.008409e-04 1.135090e+00
+6.085114e-04 1.336810e+00
+8.278003e-04 1.369510e+00
-2.106632e-04 1.540088e+00
+6.726333e-04 1.730642e+00
+2.394231e-04 1.704719e+00
+6.892040e-06 1.891188e+00
+3.503282e-04 1.764132e+00
+4.321511e-04 1.756994e+00
+2.523470e-04 1.667135e+00
+1.386831e-05 3.937370e-02
-1.502092e-05 1.053447e-01
-2.227984e-05 1.133109e-01
-1.803080e-05 1.889297e-01
-4.723904e-05 2.302193e-01
+6.258231e-06 2.516124e-01
+1.778525e-04 2.903277e-01
-1.059514e-04 3.247669e-01
-1.077658e-04 3.271888e-01
-3.196178e-05 3.605729e-01
-4.852113e-07 3.361527e-01
-8.943914e-05 3.332905e-01
+1.167623e-04 3.217791e-01
-2.603902e-05 7.349977e-03
-4.846712e+00 1.480508e+01
+4.701477e+00 1.591207e+01
-1.039113e+00 2.506973e+01
-7.275275e+00 2.687518e+01
+7.138495e-01 2.119237e+01
-2.221959e+00 2.401499e+01
-1.947882e+00 2.674248e+01
-3.887729e+00 2.470510e+01
-1.886447e+00 2.848468e+01
+4.282204e-01 2.548453e+01
-1.348037e-01 2.604238e+01
+1.651644e+00 2.794840e+01
+2.113245e+01 1.727471e+00
-3.673194e-04 6.658014e-01
-4.481718e-04 6.856700e-01
-3.228546e-04 1.136103e+00
+5.336769e-04 1.337578e+00
+7.680319e-04 1.370347e+00
-1.544519e-04 1.540857e+00
+6.308642e-04 1.731814e+00
+1.828737e-04 1.705758e+00
-1.267714e-05 1.892532e+00
+3.714257e-04 1.765011e+00
+4.041087e-04 1.758061e+00
+2.900745e-04 1.668451e+00
-1.477628e-05 3.942045e-02
-2.880096e-06 1.055683e-01
-4.215797e-06 1.135406e-01
-2.687143e-05 1.893395e-01
-7.364565e-06 2.306568e-01
-1.048122e-05 2.521742e-01
+1.346070e-04 2.910945e-01
-1.375052e-04 3.255183e-01
-1.035412e-04 3.279842e-01
-1.962808e-05 3.615003e-01
-2.301471e-05 3.369949e-01
-6.761891e-05 3.341488e-01
+1.065054e-05 3.225823e-01
-2.507944e-05 7.371727e-03
-4.847057e+00 1.480524e+01
+4.700975e+00 1.591281e+01
-1.039422e+00 2.506842e+01
-7.275040e+00 2.687110e+01
+7.143502e-01 2.119266e+01
-2.221865e+00 2.401190e+01
-1.947367e+00 2.674293e+01
-3.887521e+00 2.470264e+01
-1.886508e+00 2.848777e+01
+4.286045e-01 2.548348e+01
-1.343849e-01 2.603980e+01
+1.652004e+00 2.795338e+01
+2.113238e+01 1.727580e+00
-3.612507e-04 6.665291e-01
-4.347365e-04 6.863162e-01
-3.704912e-04 1.137057e+00
+5.284282e-04 1.338375e+00
+7.129750e-04 1.371149e+00
-1.096607e-04 1.541754e+00
+4.972205e-04 1.732849e+00
+1.319216e-04 1.706549e+00
+1.223001e-05 1.893615e+00
+3.333139e-04 1.765862e+00
+3.875710e-04 1.758856e+00
+1.911518e-04 1.669667e+00
-3.587610e-05 3.946179e-02
+4.753349e-06 1.057248e-01
+1.643543e-05 1.137251e-01
-4.083863e-05 1.896588e-01
+3.333836e-05 2.310192e-01
-1.843676e-05 2.526490e-01
+8.372786e-05 2.916972e-01
-1.636938e-04 3.261671e-01
-9.757396e-05 3.286760e-01
+1.663741e-05 3.623405e-01
-3.371830e-05 3.377346e-01
-6.473814e-05 3.349043e-01
-7.792493e-05 3.233071e-01
-1.933994e-05 7.389261e-03
-4.847429e+00 1.480583e+01
+4.700548e+00 1.591344e+01
-1.039929e+00 2.506803e+01
-7.274513e+00 2.686853e+01
+7.148552e-01 2.119357e+01
-2.222013e+00 2.400839e+01
-1.946982e+00 2.674492e+01
-3.887659e+00 2.470288e+01
-1.886500e+00 2.848653e+01
+4.290494e-01 2.547962e+01
-1.342162e-01 2.603553e+01
+1.652067e+00 2.795703e+01
+2.113231e+01 1.727617e+00
-3.613587e-04 6.671019e-01
-3.961482e-04 6.869329e-01
-4.335974e-04 1.137925e+00
+5.965479e-04 1.339193e+00
+6.623814e-04 1.372140e+00
-9.548984e-05 1.542755e+00
+3.271162e-04 1.734081e+00
+3.230996e-05 1.707618e+00
+7.365639e-05 1.895176e+00
+3.065814e-04 1.767100e+00
+3.330294e-04 1.760239e+00
+1.170930e-05 1.671266e+00
-4.894604e-05 3.950342e-02
+7.302446e-06 1.058073e-01
+3.246807e-05 1.138368e-01
-4.770778e-05 1.898560e-01
+5.230765e-05 2.312588e-01
-2.524308e-05 2.529585e-01
+4.308710e-05 2.920658e-01
-1.637853e-04 3.266092e-01
-8.334691e-05 3.291493e-01
+5.463078e-05 3.628741e-01
-3.717035e-05 3.382104e-01
-6.703355e-05 3.354104e-01
-1.297993e-04 3.237798e-01
-1.307080e-05 7.400232e-03
-4.847794e+00 1.480584e+01
+4.700211e+00 1.591352e+01
-1.040402e+00 2.506756e+01
-7.273789e+00 2.686471e+01
+7.155449e-01 2.119335e+01
-2.222123e+00 2.400547e+01
-1.946794e+00 2.674910e+01
-3.887651e+00 2.470141e+01
-1.886326e+00 2.848628e+01
+4.292835e-01 2.547736e+01
-1.338650e-01 2.603255e+01
+1.651921e+00 2.796414e+01
+2.113226e+01 1.727658e+00
-3.507230e-04 6.671067e-01
-3.559849e-04 6.870082e-01
-4.757092e-04 1.137853e+00
+6.486824e-04 1.339126e+00
+6.449265e-04 1.372190e+00
-7.960556e-05 1.542439e+00
+1.826604e-04 1.733971e+00
-2.369408e-05 1.707558e+00
+1.674511e-04 1.895235e+00
+2.838398e-04 1.767005e+00
+2.599085e-04 1.760147e+00
-1.197607e-04 1.671631e+00
-5.597201e-05 3.950100e-02
+7.625527e-06 1.058034e-01
+4.465688e-05 1.138351e-01
-4.790537e-05 1.898594e-01
+5.002294e-05 2.312623e-01
-3.343804e-05 2.529612e-01
+7.792398e-06 2.920634e-01
-1.418558e-04 3.266075e-01
-6.537334e-05 3.291576e-01
+8.007697e-05 3.628725e-01
-2.991849e-05 3.382113e-01
-6.782951e-05 3.354250e-01
-1.462916e-04 3.237857e-01
-9.113594e-06 7.400691e-03
-4.848159e+00 1.480586e+01
+4.699874e+00 1.591359e+01
-1.040876e+00 2.506710e+01
-7.273065e+00 2.686089e+01
+7.162345e-01 2.119313e+01
-2.222232e+00 2.400254e+01
-1.946606e+00 2.675328e+01
-3.887643e+00 2.469994e+01
-1.886152e+00 2.848602e+01
+4.295177e-01 2.547509e+01
-1.335139e-01 2.602956e+01
+1.651775e+00 2.797125e+01
+2.113221e+01 1.727700e+00
-3.400873e-04 6.671115e-01
-3.158215e-04 6.870834e-01
-5.178210e-04 1.137781e+00
+7.008170e-04 1.339060e+00
+6.274715e-04 1.372240e+00
-6.372127e-05 1.542124e+00
+3.820464e-05 1.733860e+00
-7.969812e-05 1.707498e+00
+2.612458e-04 1.895294e+00
+2.610982e-04 1.766910e+00
+1.867877e-04 1.760054e+00
-2.512308e-04 1.671997e+00
-6.299798e-05 3.949859e-02
+7.948609e-06 1.057995e-01
+5.684568e-05 1.138334e-01
-4.810296e-05 1.898628e-01
+4.773822e-05 2.312658e-01
-4.163300e-05 2.529638e-01
-2.750230e-05 2.920609e-01
-1.199264e-04 3.266057e-01
-4.739977e-05 3.291658e-01
+1.055232e-04 3.628709e-01
-2.266663e-05 3.382123e-01
-6.862547e-05 3.354397e-01
-1.627840e-04 3.237915e-01
-5.156392e-06 7.401151e-03
-4.848446e+00 1.480611e+01
+4.699532e+00 1.591401e+01
-1.041327e+00 2.506764e+01
-7.272521e+00 2.685780e+01
+7.168852e-01 2.119195e+01
-2.222154e+00 2.400233e+01
-1.946642e+00 2.675942e+01
-3.887647e+00 2.469882e+01
-1.885844e+00 2.848272e+01
+4.297896e-01 2.547051e+01
-1.334365e-01 2.603138e+01
+1.651551e+00 2.797655e+01
+2.113215e+01 1.727643e+00
-3.337589e-04 6.665478e-01
-2.516155e-04 6.866218e-01
-5.679062e-04 1.136767e+00
+7.264085e-04 1.338201e+00
+5.632398e-04 1.371458e+00
-8.658296e-05 1.540526e+00
-6.760288e-05 1.732230e+00
-1.389408e-04 1.706116e+00
+3.188199e-04 1.893789e+00
+2.064631e-04 1.765175e+00
+1.215443e-04 1.758544e+00
-4.088364e-04 1.670857e+00
-7.441809e-05 3.945031e-02
+6.500774e-06 1.057026e-01
+6.913257e-05 1.137146e-01
-4.506423e-05 1.896688e-01
+5.524238e-05 2.310248e-01
-5.657521e-05 2.526457e-01
-9.158959e-05 2.916625e-01
-9.675539e-05 3.261757e-01
-7.960346e-06 3.287317e-01
+1.452512e-04 3.623466e-01
-5.358389e-06 3.377344e-01
-4.185053e-05 3.349953e-01
-1.825216e-04 3.233688e-01
+1.924143e-06 7.391564e-03
-4.848780e+00 1.480636e+01
+4.699188e+00 1.591570e+01
-1.041874e+00 2.506762e+01
-7.272033e+00 2.685620e+01
+7.172258e-01 2.118966e+01
-2.222094e+00 2.400183e+01
-1.946639e+00 2.676403e+01
-3.887786e+00 2.469856e+01
-1.885587e+00 2.847946e+01
+4.301465e-01 2.546541e+01
-1.333377e-01 2.602715e+01
+1.651397e+00 2.798142e+01
+2.113205e+01 1.727602e+00
-3.292929e-04 6.658053e-01
-1.900451e-04 6.860287e-01
-6.230413e-04 1.135633e+00
+7.310003e-04 1.337420e+00
+4.740272e-04 1.370858e+00
-1.997490e-04 1.539324e+00
-1.237477e-04 1.730900e+00
-1.202096e-04 1.705173e+00
+4.728841e-04 1.892617e+00
+2.185619e-04 1.763902e+00
+1.063776e-04 1.757364e+00
-6.011392e-04 1.669659e+00
-7.655682e-05 3.940817e-02
+2.048243e-06 1.055320e-01
+8.545557e-05 1.135233e-01
-3.556445e-05 1.893419e-01
+7.042002e-05 2.306294e-01
-6.175717e-05 2.521415e-01
-1.561065e-04 2.910103e-01
-9.342022e-05 3.255132e-01
+3.170208e-05 3.280518e-01
+1.889412e-04 3.615301e-01
+5.582974e-06 3.369675e-01
-1.268243e-05 3.342903e-01
-1.949736e-04 3.227071e-01
+1.229512e-05 7.373867e-03
-4.849112e+00 1.480703e+01
+4.698965e+00 1.591726e+01
-1.042413e+00 2.506579e+01
-7.271650e+00 2.685328e+01
+7.174875e-01 2.118926e+01
-2.222219e+00 2.400106e+01
-1.946462e+00 2.676765e+01
-3.887874e+00 2.469570e+01
-1.885485e+00 2.847870e+01
+4.303014e-01 2.546125e+01
-1.332102e-01 2.602770e+01
+1.651077e+00 2.798738e+01
+2.113194e+01 1.727516e+00
-3.327504e-04 6.650326e-01
-1.266664e-04 6.853780e-01
-6.594698e-04 1.134493e+00
+7.950364e-04 1.336607e+00
+3.635688e-04 1.370015e+00
-4.117258e-04 1.538272e+00
-1.985162e-04 1.729703e+00
-3.313611e-05 1.704335e+00
+6.501125e-04 1.891290e+00
+2.475757e-04 1.762839e+00
+2.040271e-04 1.756291e+00
-7.923202e-04 1.668301e+00
-6.771958e-05 3.937122e-02
-1.037070e-05 1.053049e-01
+1.045369e-04 1.132887e-01
-3.126412e-05 1.889267e-01
+9.717564e-05 2.301614e-01
-4.186196e-05 2.515851e-01
-1.820775e-04 2.902654e-01
-1.224811e-04 3.247236e-01
+3.208494e-05 3.272684e-01
+2.243375e-04 3.606062e-01
-5.078244e-06 3.360624e-01
+6.317209e-07 3.334506e-01
-1.904326e-04 3.218920e-01
+2.390699e-05 7.351219e-03
-4.849415e+00 1.480792e+01
+4.698667e+00 1.591799e+01
-1.042971e+00 2.506618e+01
-7.271411e+00 2.685021e+01
+7.176443e-01 2.118755e+01
-2.222609e+00 2.399948e+01
-1.946235e+00 2.677018e+01
-3.887604e+00 2.469338e+01
-1.884756e+00 2.848081e+01
+4.309098e-01 2.545967e+01
-1.329835e-01 2.602479e+01
+1.650628e+00 2.798902e+01
+2.113187e+01 1.727327e+00
-3.494232e-04 6.642103e-01
-3.198990e-05 6.847626e-01
-6.769331e-04 1.133349e+00
+8.544462e-04 1.335724e+00
+2.891461e-04 1.369103e+00
-5.958184e-04 1.537154e+00
-3.438278e-04 1.728695e+00
+1.926197e-05 1.703473e+00
+8.174582e-04 1.889910e+00
+2.203509e-04 1.761697e+00
+2.611731e-04 1.755040e+00
-9.607014e-04 1.667098e+00
-5.011518e-05 3.932420e-02
-3.454189e-05 1.050629e-01
+1.386277e-04 1.130411e-01
-3.264716e-05 1.885085e-01
+1.182750e-04 2.297097e-01
+9.591509e-06 2.510602e-01
-1.570412e-04 2.895564e-01
-1.568125e-04 3.239470e-01
-4.246786e-05 3.265381e-01
+2.053382e-04 3.597097e-01
-6.265528e-05 3.352439e-01
-1.602075e-05 3.325977e-01
-1.757205e-04 3.210146e-01
+3.048413e-05 7.330621e-03
