-5.955155e-01 2.719691e+00
+2.871317e+00 3.134485e+00
-2.801112e+00 4.274066e+00
-1.710537e-01 5.763135e+00
-1.061633e+00 7.136741e+00
-8.884665e-01 8.325703e+00
+3.918487e-01 8.980004e+00
-6.819366e-01 1.029947e+01
-1.495217e+00 1.043687e+01
-1.401542e+00 1.039569e+01
-2.278338e+00 1.063621e+01
-2.143887e+00 9.145449e+00
+2.370373e+01 8.669338e-01
+4.441354e-04 1.665631e-01
+3.691125e-04 2.989109e-01
+6.140879e-04 4.087743e-01
+1.663373e-04 5.716076e-01
-2.789170e-04 7.579701e-01
+4.807564e-04 8.873390e-01
-2.380184e-04 9.745341e-01
-2.414503e-04 1.131630e+00
+2.949726e-04 1.152756e+00
-2.805974e-04 1.113349e+00
-2.025297e-04 1.039312e+00
-1.055051e-03 9.588709e-01
+7.443129e-05 6.917272e-02
-6.777003e-05 3.289661e-02
-1.212436e-04 6.074075e-02
-4.456879e-05 8.389346e-02
-7.546458e-05 1.152970e-01
-1.745180e-04 1.557395e-01
-2.173922e-04 1.816827e-01
-4.427996e-06 1.975861e-01
+1.155298e-04 2.311203e-01
+1.187036e-04 2.339026e-01
+1.460259e-04 2.272956e-01
+2.525970e-04 2.113430e-01
+1.063668e-04 1.951435e-01
+3.045283e-05 1.380280e-02
-5.952145e-01 2.718992e+00
+2.871445e+00 3.135013e+00
-2.800694e+00 4.275125e+00
-1.709034e-01 5.762106e+00
-1.062204e+00 7.138320e+00
-8.885109e-01 8.325254e+00
+3.915846e-01 8.979348e+00
-6.818151e-01 1.029915e+01
-1.494795e+00 1.043578e+01
-1.401583e+00 1.039341e+01
-2.278159e+00 1.063628e+01
-2.144364e+00 9.143826e+00
+2.370384e+01 8.666060e-01
+3.714066e-04 1.666463e-01
+3.160294e-04 2.989209e-01
+5.663805e-04 4.086359e-01
+1.331950e-04 5.712857e-01
-3.498131e-04 7.576840e-01
+4.001494e-04 8.869572e-01
-2.072544e-04 9.740399e-01
-1.020428e-04 1.131282e+00
+4.265247e-04 1.151972e+00
-1.965208e-04 1.112845e+00
-1.041437e-04 1.038628e+00
-9.090430e-04 9.583490e-01
+9.217542e-05 6.928056e-02
-6.969877e-05 3.297236e-02
-1.199018e-04 6.089950e-02
-8.250414e-05 8.409848e-02
-6.857835e-05 1.155560e-01
-1.232613e-04 1.561153e-01
-1.770374e-04 1.820834e-01
+1.154581e-05 1.980162e-01
+1.191573e-04 2.316704e-01
+7.145004e-05 2.344332e-01
+1.145437e-04 2.277882e-01
+2.269865e-04 2.118269e-01
+1.006003e-04 1.956058e-01
+2.123351e-05 1.384036e-02
-5.949821e-01 2.718374e+00
+2.871538e+00 3.134924e+00
-2.800281e+00 4.275470e+00
-1.708106e-01 5.762552e+00
-1.062639e+00 7.139688e+00
-8.885161e-01 8.325031e+00
+3.915233e-01 8.980469e+00
-6.817428e-01 1.029897e+01
-1.494225e+00 1.043485e+01
-1.401558e+00 1.039102e+01
-2.278149e+00 1.063540e+01
-2.144662e+00 9.142518e+00
+2.370397e+01 8.663205e-01
+3.178593e-04 1.666996e-01
+2.421125e-04 2.989764e-01
+4.611184e-04 4.085585e-01
+7.983950e-05 5.709836e-01
-3.871525e-04 7.574140e-01
+2.701850e-04 8.865172e-01
-1.899123e-04 9.734963e-01
-7.361977e-06 1.130908e+00
+4.513405e-04 1.151389e+00
-9.454821e-05 1.112365e+00
+4.557747e-06 1.038034e+00
-8.251668e-04 9.577185e-01
+1.039044e-04 6.938583e-02
-5.658927e-05 3.305803e-02
-1.226677e-04 6.106356e-02
-1.066684e-04 8.431344e-02
-4.782023e-05 1.158585e-01
-7.939916e-05 1.565480e-01
-1.320084e-04 1.825651e-01
+4.134607e-05 1.985563e-01
+1.116040e-04 2.323104e-01
-4.023152e-06 2.350504e-01
+7.721805e-05 2.283760e-01
+2.000566e-04 2.123835e-01
+8.302518e-05 1.961733e-01
+1.262341e-05 1.387942e-02
-5.948436e-01 2.717796e+00
+2.871567e+00 3.135201e+00
-2.800100e+00 4.275789e+00
-1.708128e-01 5.761847e+00
-1.063048e+00 7.140302e+00
-8.881395e-01 8.324955e+00
+3.914693e-01 8.980829e+00
-6.814536e-01 1.029947e+01
-1.493423e+00 1.043345e+01
-1.401387e+00 1.039036e+01
-2.277812e+00 1.063682e+01
-2.145384e+00 9.141032e+00
+2.370406e+01 8.660765e-01
+2.775883e-04 1.667187e-01
+1.325456e-04 2.990049e-01
+3.305383e-04 4.084451e-01
+6.241153e-05 5.706538e-01
-3.956731e-04 7.572086e-01
+2.250624e-04 8.861850e-01
-5.697115e-05 9.729854e-01
+7.961681e-05 1.130544e+00
+3.563300e-04 1.150933e+00
-4.752671e-05 1.111752e+00
+1.150582e-04 1.037365e+00
-7.326449e-04 9.573048e-01
+1.076862e-04 6.948683e-02
-3.790523e-05 3.314232e-02
-1.223167e-04 6.122004e-02
-1.031911e-04 8.451740e-02
-1.199766e-05 1.161542e-01
-5.270007e-05 1.569434e-01
-1.134592e-04 1.830356e-01
+8.259295e-05 1.990685e-01
+9.871567e-05 2.329089e-01
-8.086496e-05 2.356326e-01
+3.782156e-05 2.289948e-01
+1.631476e-04 2.129498e-01
+1.014021e-04 1.967021e-01
+8.063468e-06 1.391077e-02
-5.945537e-01 2.716650e+00
+2.871629e+00 3.135300e+00
-2.799952e+00 4.275779e+00
-1.708650e-01 5.761047e+00
-1.063571e+00 7.140631e+00
-8.881891e-01 8.324694e+00
+3.914034e-01 8.982871e+00
-6.814113e-01 1.029977e+01
-1.493279e+00 1.043321e+01
-1.401319e+00 1.038888e+01
-2.277615e+00 1.063723e+01
-2.145931e+00 9.138567e+00
+2.370417e+01 8.658155e-01
+2.581185e-04 1.668203e-01
+2.354769e-05 2.992162e-01
+2.349044e-04 4.085983e-01
+9.227482e-05 5.708137e-01
-4.237948e-04 7.575851e-01
+1.552020e-04 8.866384e-01
+6.548207e-05 9.734907e-01
+1.829311e-04 1.131162e+00
+2.092259e-04 1.151482e+00
-4.648658e-05 1.112252e+00
+2.420539e-04 1.037524e+00
-6.258461e-04 9.578954e-01
+1.099565e-04 6.957829e-02
-2.401929e-05 3.319651e-02
-1.132745e-04 6.132692e-02
-8.070997e-05 8.466415e-02
+2.667518e-05 1.163683e-01
-3.499617e-05 1.572060e-01
-9.689794e-05 1.833506e-01
+1.149368e-04 1.994149e-01
+9.367371e-05 2.333140e-01
-1.224332e-04 2.360465e-01
-1.557833e-06 2.294367e-01
+1.188610e-04 2.133642e-01
+1.380743e-04 1.970712e-01
+5.972584e-06 1.392891e-02
-5.942866e-01 2.715717e+00
+2.871562e+00 3.135118e+00
-2.799697e+00 4.276568e+00
-1.706544e-01 5.760480e+00
-1.063993e+00 7.139852e+00
-8.880260e-01 8.324147e+00
+3.916455e-01 8.982256e+00
-6.810871e-01 1.029913e+01
-1.493128e+00 1.043335e+01
-1.401435e+00 1.038734e+01
-2.277265e+00 1.063705e+01
-2.146400e+00 9.138122e+00
+2.370429e+01 8.655026e-01
+2.423067e-04 1.668199e-01
-7.585564e-05 2.992604e-01
+1.888821e-04 4.085764e-01
+1.461420e-04 5.707637e-01
-4.459363e-04 7.574259e-01
+5.158822e-05 8.866223e-01
+1.876605e-04 9.733544e-01
+2.675534e-04 1.131031e+00
+8.155872e-05 1.151460e+00
-6.443458e-05 1.112420e+00
+3.177048e-04 1.037422e+00
-4.517136e-04 9.580874e-01
+1.169398e-04 6.958274e-02
-1.486875e-05 3.319762e-02
-9.715914e-05 6.133089e-02
-5.665985e-05 8.466418e-02
+5.343338e-05 1.163735e-01
-2.109592e-05 1.572018e-01
-9.483130e-05 1.833375e-01
+1.252097e-04 1.994059e-01
+8.853859e-05 2.333115e-01
-1.348268e-04 2.360370e-01
-2.534886e-05 2.294400e-01
+7.256517e-05 2.133630e-01
+1.715896e-04 1.970767e-01
+5.622298e-06 1.392925e-02
-5.940196e-01 2.714785e+00
+2.871494e+00 3.134936e+00
-2.799442e+00 4.277358e+00
-1.704439e-01 5.759912e+00
-1.064416e+00 7.139072e+00
-8.878628e-01 8.323600e+00
+3.918877e-01 8.981641e+00
-6.807628e-01 1.029848e+01
-1.492977e+00 1.043348e+01
-1.401550e+00 1.038580e+01
-2.276916e+00 1.063687e+01
-2.146869e+00 9.137675e+00
+2.370440e+01 8.651898e-01
+2.264949e-04 1.668195e-01
-1.752590e-04 2.993046e-01
+1.428597e-04 4.085546e-01
+2.000092e-04 5.707138e-01
-4.680778e-04 7.572668e-01
-5.202560e-05 8.866061e-01
+3.098390e-04 9.732182e-01
+3.521757e-04 1.130900e+00
-4.610841e-05 1.151438e+00
-8.238259e-05 1.112587e+00
+3.933557e-04 1.037321e+00
-2.775810e-04 9.582794e-01
+1.239232e-04 6.958719e-02
-5.718213e-06 3.319872e-02
-8.104382e-05 6.133485e-02
-3.260973e-05 8.466421e-02
+8.019159e-05 1.163787e-01
-7.195673e-06 1.571976e-01
-9.276465e-05 1.833245e-01
+1.354825e-04 1.993969e-01
+8.340348e-05 2.333090e-01
-1.472204e-04 2.360275e-01
-4.913990e-05 2.294433e-01
+2.626931e-05 2.133618e-01
+2.051050e-04 1.970822e-01
+5.272011e-06 1.392959e-02
-5.938991e-01 2.713791e+00
+2.871255e+00 3.135349e+00
-2.799410e+00 4.278180e+00
-1.702926e-01 5.760009e+00
-1.064856e+00 7.138199e+00
-8.880446e-01 8.321619e+00
+3.921655e-01 8.980490e+00
-6.804401e-01 1.029762e+01
-1.493166e+00 1.043601e+01
-1.401593e+00 1.038631e+01
-2.276573e+00 1.063753e+01
-2.147173e+00 9.138244e+00
+2.370454e+01 8.648128e-01
+2.190564e-04 1.667071e-01
-2.538467e-04 2.991335e-01
+9.326142e-05 4.083792e-01
+2.757113e-04 5.703921e-01
-4.790111e-04 7.568202e-01
-1.454805e-04 8.861798e-01
+4.468988e-04 9.725940e-01
+4.376876e-04 1.130076e+00
-1.901368e-04 1.151052e+00
-1.563229e-04 1.112300e+00
+4.022331e-04 1.036882e+00
-4.882896e-05 9.581360e-01
+1.288144e-04 6.950290e-02
+7.967123e-06 3.315260e-02
-4.470139e-05 6.124268e-02
+4.369379e-06 8.451436e-02
+1.115177e-04 1.161760e-01
+2.074161e-05 1.569212e-01
-7.277530e-05 1.829782e-01
+1.376114e-04 1.990099e-01
+6.322771e-05 2.328798e-01
-1.684596e-04 2.355868e-01
-6.995945e-05 2.290216e-01
-1.918894e-05 2.129467e-01
+2.224364e-04 1.967390e-01
+2.865884e-06 1.391300e-02
-5.937550e-01 2.713055e+00
+2.870938e+00 3.135646e+00
-2.799401e+00 4.278859e+00
-1.701273e-01 5.760415e+00
-1.065417e+00 7.137628e+00
-8.881200e-01 8.321112e+00
+3.925505e-01 8.980144e+00
-6.798680e-01 1.029840e+01
-1.492836e+00 1.043691e+01
-1.401456e+00 1.038541e+01
-2.275931e+00 1.063668e+01
-2.147146e+00 9.139085e+00
+2.370466e+01 8.643850e-01
+2.185225e-04 1.666732e-01
-2.980421e-04 2.991593e-01
+5.991416e-05 4.085026e-01
+3.691550e-04 5.706155e-01
-4.266247e-04 7.569925e-01
-1.684726e-04 8.864670e-01
+6.239010e-04 9.729147e-01
+5.078920e-04 1.130325e+00
-3.486531e-04 1.151517e+00
-1.907664e-04 1.112914e+00
+3.403134e-04 1.037415e+00
+1.502931e-04 9.587608e-01
+1.295343e-04 6.941034e-02
+2.012431e-05 3.308105e-02
-6.663948e-06 6.109858e-02
+4.640399e-05 8.430784e-02
+1.316957e-04 1.158869e-01
+6.218660e-05 1.565301e-01
-5.563126e-05 1.825092e-01
+1.281718e-04 1.984628e-01
+2.069936e-05 2.322682e-01
-1.984100e-04 2.349880e-01
-9.455990e-05 2.284297e-01
-4.978454e-05 2.123762e-01
+2.225766e-04 1.962657e-01
+7.862748e-07 1.388317e-02
-5.935808e-01 2.713247e+00
+2.870763e+00 3.135634e+00
-2.799398e+00 4.280087e+00
-1.698598e-01 5.760591e+00
-1.065861e+00 7.137653e+00
-8.881977e-01 8.320259e+00
+3.929563e-01 8.978929e+00
-6.794162e-01 1.029640e+01
-1.492847e+00 1.043786e+01
-1.401689e+00 1.038544e+01
-2.275772e+00 1.063775e+01
-2.147011e+00 9.139653e+00
+2.370477e+01 8.638631e-01
+2.372102e-04 1.666657e-01
-2.582981e-04 2.992053e-01
+8.308629e-05 4.085639e-01
+4.765673e-04 5.708327e-01
-3.357130e-04 7.572371e-01
-1.370826e-04 8.868433e-01
+7.402119e-04 9.732378e-01
+5.105469e-04 1.130587e+00
-5.441534e-04 1.152035e+00
-2.301009e-04 1.113503e+00
+3.179803e-04 1.038038e+00
+2.833102e-04 9.595776e-01
+1.220606e-04 6.931551e-02
+3.117160e-05 3.299909e-02
+1.504073e-05 6.093787e-02
+9.094112e-05 8.409527e-02
+1.335855e-04 1.155896e-01
+9.583242e-05 1.561265e-01
-6.279585e-05 1.820258e-01
+9.916328e-05 1.979196e-01
-1.026415e-05 2.316131e-01
-2.084532e-04 2.343841e-01
-1.199140e-04 2.278273e-01
-3.761358e-05 2.117874e-01
+2.098172e-04 1.957603e-01
-1.602587e-06 1.384311e-02
-5.934604e-01 2.713874e+00
+2.870603e+00 3.135469e+00
-2.799423e+00 4.280290e+00
-1.695843e-01 5.760854e+00
-1.066056e+00 7.136220e+00
-8.880944e-01 8.320156e+00
+3.935693e-01 8.978006e+00
-6.789815e-01 1.029516e+01
-1.492931e+00 1.043668e+01
-1.401504e+00 1.038467e+01
-2.275729e+00 1.063715e+01
-2.146996e+00 9.139503e+00
+2.370489e+01 8.634406e-01
+2.428330e-04 1.666398e-01
-2.416409e-04 2.992340e-01
+1.014882e-04 4.086946e-01
+5.321723e-04 5.710781e-01
-1.909213e-04 7.574629e-01
-1.420308e-04 8.873025e-01
+8.364667e-04 9.735258e-01
+4.356585e-04 1.130949e+00
-7.728989e-04 1.152695e+00
-3.138905e-04 1.114145e+00
+3.167804e-04 1.038657e+00
+3.907341e-04 9.604987e-01
+1.192702e-04 6.921450e-02
+5.005305e-05 3.292910e-02
+1.359395e-05 6.079872e-02
+1.216594e-04 8.389560e-02
+1.177473e-04 1.153306e-01
+9.247617e-05 1.557537e-01
-9.125042e-05 1.816064e-01
+6.190488e-05 1.974591e-01
-1.538037e-05 2.310412e-01
-1.919981e-04 2.338213e-01
-1.606713e-04 2.272680e-01
-1.883857e-05 2.112620e-01
+2.044385e-04 1.953142e-01
-3.334730e-06 1.380406e-02
