-5.627531e-01 3.359322e+00
+2.965750e+00 3.775523e+00
-2.642976e+00 5.344779e+00
-1.997636e-01 6.928014e+00
-1.056593e+00 8.017927e+00
-8.346244e-01 9.160209e+00
+3.240205e-01 9.876903e+00
-6.830423e-01 1.102348e+01
-1.495043e+00 1.117085e+01
-1.376303e+00 1.105224e+01
-2.205916e+00 1.119167e+01
-2.106060e+00 9.606836e+00
+2.370283e+01 8.649371e-01
+4.497719e-04 1.956838e-01
+3.733074e-04 3.277944e-01
+6.164108e-04 4.558667e-01
+1.729951e-04 6.365105e-01
-2.881443e-04 8.037371e-01
+4.744929e-04 9.279795e-01
-2.295360e-04 1.022656e+00
-2.346545e-04 1.172155e+00
+3.185426e-04 1.194652e+00
-2.831323e-04 1.150809e+00
-1.859833e-04 1.073978e+00
-1.039767e-03 9.863920e-01
+7.453589e-05 6.900084e-02
-6.774160e-05 3.684801e-02
-1.210750e-04 6.474382e-02
-4.189746e-05 9.066930e-02
-7.489128e-05 1.247182e-01
-1.727587e-04 1.624333e-01
-2.141356e-04 1.877841e-01
-4.154253e-06 2.054434e-01
+1.188779e-04 2.375767e-01
+1.198496e-04 2.406200e-01
+1.474235e-04 2.333178e-01
+2.520983e-04 2.169577e-01
+1.021777e-04 1.995354e-01
+3.044824e-05 1.376690e-02
-5.624497e-01 3.358604e+00
+2.965880e+00 3.776043e+00
-2.642556e+00 5.345715e+00
-1.996140e-01 6.926967e+00
-1.057170e+00 8.019501e+00
-8.346728e-01 9.159721e+00
+3.237618e-01 9.876196e+00
-6.829130e-01 1.102314e+01
-1.494614e+00 1.116978e+01
-1.376343e+00 1.104993e+01
-2.205728e+00 1.119172e+01
-2.106533e+00 9.605204e+00
+2.370294e+01 8.646103e-01
+3.772602e-04 1.957670e-01
+3.203486e-04 3.278054e-01
+5.695808e-04 4.557316e-01
+1.401144e-04 6.361866e-01
-3.584914e-04 8.034503e-01
+3.936470e-04 9.275973e-01
-1.987587e-04 1.022160e+00
-9.368824e-05 1.171807e+00
+4.487982e-04 1.193873e+00
-1.971387e-04 1.150305e+00
-8.978161e-05 1.073299e+00
-8.973547e-04 9.858699e-01
+9.224840e-05 6.910864e-02
-6.987957e-05 3.692375e-02
-1.197506e-04 6.490266e-02
-8.047046e-05 9.087423e-02
-6.769250e-05 1.249769e-01
-1.215097e-04 1.628086e-01
-1.742053e-04 1.881853e-01
+1.153325e-05 2.058739e-01
+1.221644e-04 2.381269e-01
+7.255575e-05 2.411509e-01
+1.157956e-04 2.338106e-01
+2.259943e-04 2.174418e-01
+9.606707e-05 1.999975e-01
+2.124002e-05 1.380447e-02
-5.622137e-01 3.357969e+00
+2.965975e+00 3.775948e+00
-2.642141e+00 5.345931e+00
-1.995168e-01 6.927388e+00
-1.057611e+00 8.020835e+00
-8.346794e-01 9.159489e+00
+3.237009e-01 9.877244e+00
-6.828318e-01 1.102293e+01
-1.494023e+00 1.116887e+01
-1.376315e+00 1.104747e+01
-2.205708e+00 1.119082e+01
-2.106828e+00 9.603892e+00
+2.370307e+01 8.643253e-01
+3.229894e-04 1.958205e-01
+2.468640e-04 3.278624e-01
+4.645894e-04 4.556567e-01
+8.746135e-05 6.358814e-01
-3.942183e-04 8.031802e-01
+2.643297e-04 9.271570e-01
-1.823722e-04 1.021617e+00
+1.410343e-06 1.171435e+00
+4.719849e-04 1.193288e+00
-9.456270e-05 1.149820e+00
+1.707812e-05 1.072708e+00
-8.181138e-04 9.852419e-01
+1.039815e-04 6.921389e-02
-5.722750e-05 3.700943e-02
-1.228479e-04 6.506675e-02
-1.054176e-04 9.108944e-02
-4.706084e-05 1.252792e-01
-7.814814e-05 1.632405e-01
-1.295798e-04 1.886675e-01
+4.088625e-05 2.064138e-01
+1.139367e-04 2.387674e-01
-3.441015e-06 2.417688e-01
+7.745598e-05 2.343986e-01
+1.988298e-04 2.179986e-01
+7.934679e-05 2.005649e-01
+1.264310e-05 1.384353e-02
-5.620700e-01 3.357382e+00
+2.966009e+00 3.776222e+00
-2.641956e+00 5.346203e+00
-1.995095e-01 6.926648e+00
-1.058024e+00 8.021456e+00
-8.343112e-01 9.159365e+00
+3.236562e-01 9.877532e+00
-6.825365e-01 1.102343e+01
-1.493203e+00 1.116747e+01
-1.376141e+00 1.104676e+01
-2.205365e+00 1.119223e+01
-2.107544e+00 9.602457e+00
+2.370316e+01 8.640820e-01
+2.816551e-04 1.958400e-01
+1.367609e-04 3.278916e-01
+3.342959e-04 4.555469e-01
+7.090390e-05 6.355497e-01
-4.024044e-04 8.029750e-01
+2.202271e-04 9.268274e-01
-5.034767e-05 1.021108e+00
+8.893052e-05 1.171070e+00
+3.771038e-04 1.192837e+00
-4.875608e-05 1.149202e+00
+1.259661e-04 1.072042e+00
-7.272922e-04 9.848309e-01
+1.077848e-04 6.931487e-02
-3.899211e-05 3.709376e-02
-1.231087e-04 6.522330e-02
-1.026287e-04 9.129367e-02
-1.192156e-05 1.255749e-01
-5.211391e-05 1.636355e-01
-1.111723e-04 1.891376e-01
+8.148243e-05 2.069261e-01
+1.003760e-04 2.393657e-01
-8.088802e-05 2.423512e-01
+3.722613e-05 2.350177e-01
+1.618034e-04 2.185658e-01
+9.901931e-05 2.010933e-01
+8.081819e-06 1.387488e-02
-5.617786e-01 3.356216e+00
+2.966074e+00 3.776318e+00
-2.641803e+00 5.346154e+00
-1.995540e-01 6.925794e+00
-1.058552e+00 8.021775e+00
-8.343637e-01 9.159087e+00
+3.235957e-01 9.879547e+00
-6.824852e-01 1.102373e+01
-1.493044e+00 1.116724e+01
-1.376079e+00 1.104520e+01
-2.205158e+00 1.119265e+01
-2.108092e+00 9.600055e+00
+2.370327e+01 8.638211e-01
+2.607275e-04 1.959422e-01
+2.644507e-05 3.281044e-01
+2.384964e-04 4.557030e-01
+9.984362e-05 6.357079e-01
-4.308710e-04 8.033471e-01
+1.516771e-04 9.272845e-01
+7.103799e-05 1.021612e+00
+1.930543e-04 1.171686e+00
+2.281934e-04 1.193390e+00
-4.939489e-05 1.149699e+00
+2.511908e-04 1.072199e+00
-6.212708e-04 9.854277e-01
+1.100658e-04 6.940632e-02
-2.532720e-05 3.714801e-02
-1.146888e-04 6.533031e-02
-8.074787e-05 9.144051e-02
+2.587864e-05 1.257889e-01
-3.516378e-05 1.638977e-01
-9.488239e-05 1.894522e-01
+1.132260e-04 2.072727e-01
+9.490356e-05 2.397705e-01
-1.230866e-04 2.427642e-01
-2.450987e-06 2.354597e-01
+1.173233e-04 2.189804e-01
+1.369112e-04 2.014618e-01
+5.978612e-06 1.389302e-02
-5.615102e-01 3.355268e+00
+2.966008e+00 3.776160e+00
-2.641545e+00 5.346867e+00
-1.993381e-01 6.925203e+00
-1.058983e+00 8.020989e+00
-8.342021e-01 9.158516e+00
+3.238405e-01 9.878957e+00
-6.821500e-01 1.102303e+01
-1.492872e+00 1.116743e+01
-1.376198e+00 1.104358e+01
-2.204800e+00 1.119244e+01
-2.108554e+00 9.599672e+00
+2.370339e+01 8.635081e-01
+2.435134e-04 1.959423e-01
-7.473307e-05 3.281500e-01
+1.919921e-04 4.556835e-01
+1.519432e-04 6.356579e-01
-4.533973e-04 8.031876e-01
+5.022147e-05 9.272697e-01
+1.907540e-04 1.021474e+00
+2.787476e-04 1.171551e+00
+9.956154e-05 1.193370e+00
-6.811099e-05 1.149863e+00
+3.252229e-04 1.072097e+00
-4.478178e-04 9.856212e-01
+1.170390e-04 6.941074e-02
-1.629026e-05 3.714914e-02
-9.892383e-05 6.533428e-02
-5.725600e-05 9.144072e-02
+5.190998e-05 1.257940e-01
-2.169375e-05 1.638932e-01
-9.319074e-05 1.894390e-01
+1.229058e-04 2.072637e-01
+8.928645e-05 2.397677e-01
-1.362687e-04 2.427543e-01
-2.612969e-05 2.354632e-01
+7.080386e-05 2.189795e-01
+1.709670e-04 2.014668e-01
+5.613592e-06 1.389336e-02
-5.612418e-01 3.354320e+00
+2.965942e+00 3.776002e+00
-2.641287e+00 5.347580e+00
-1.991222e-01 6.924611e+00
-1.059414e+00 8.020202e+00
-8.340406e-01 9.157944e+00
+3.240853e-01 9.878366e+00
-6.818148e-01 1.102234e+01
-1.492700e+00 1.116763e+01
-1.376317e+00 1.104197e+01
-2.204442e+00 1.119222e+01
-2.109016e+00 9.599289e+00
+2.370350e+01 8.631951e-01
+2.262992e-04 1.959425e-01
-1.759112e-04 3.281955e-01
+1.454879e-04 4.556640e-01
+2.040429e-04 6.356080e-01
-4.759236e-04 8.030280e-01
-5.123421e-05 9.272549e-01
+3.104699e-04 1.021335e+00
+3.644409e-04 1.171416e+00
-2.907027e-05 1.193349e+00
-8.682708e-05 1.150028e+00
+3.992550e-04 1.071996e+00
-2.743649e-04 9.858147e-01
+1.240122e-04 6.941517e-02
-7.253318e-06 3.715027e-02
-8.315889e-05 6.533826e-02
-3.376413e-05 9.144093e-02
+7.794133e-05 1.257992e-01
-8.223726e-06 1.638888e-01
-9.149909e-05 1.894258e-01
+1.325857e-04 2.072547e-01
+8.366935e-05 2.397649e-01
-1.494508e-04 2.427444e-01
-4.980838e-05 2.354667e-01
+2.428444e-05 2.189786e-01
+2.050227e-04 2.014719e-01
+5.248572e-06 1.389370e-02
-5.611209e-01 3.353322e+00
+2.965701e+00 3.776468e+00
-2.641254e+00 5.348399e+00
-1.989657e-01 6.924684e+00
-1.059860e+00 8.019319e+00
-8.342216e-01 9.155996e+00
+3.243651e-01 9.877263e+00
-6.814780e-01 1.102142e+01
-1.492877e+00 1.117019e+01
-1.376363e+00 1.104252e+01
-2.204096e+00 1.119284e+01
-2.109321e+00 9.599915e+00
+2.370364e+01 8.628182e-01
+2.174180e-04 1.958306e-01
-2.566801e-04 3.280257e-01
+9.452019e-05 4.554899e-01
+2.783542e-04 6.352863e-01
-4.883469e-04 8.025809e-01
-1.442711e-04 9.268304e-01
+4.444655e-04 1.020707e+00
+4.496696e-04 1.170585e+00
-1.756083e-04 1.192966e+00
-1.606884e-04 1.149734e+00
+4.059532e-04 1.071560e+00
-4.591033e-05 9.856699e-01
+1.288796e-04 6.933084e-02
+6.432697e-06 3.710425e-02
-4.698520e-05 6.524616e-02
+2.969064e-06 9.129154e-02
+1.083874e-04 1.255966e-01
+1.942149e-05 1.636118e-01
-7.190003e-05 1.890797e-01
+1.345468e-04 2.068680e-01
+6.293043e-05 2.393358e-01
-1.710724e-04 2.423035e-01
-7.046234e-05 2.350459e-01
-2.107987e-05 2.185643e-01
+2.237652e-04 2.011284e-01
+2.827948e-06 1.387710e-02
-5.609781e-01 3.352583e+00
+2.965382e+00 3.776824e+00
-2.641242e+00 5.349087e+00
-1.987984e-01 6.925109e+00
-1.060427e+00 8.018753e+00
-8.342964e-01 9.155512e+00
+3.247489e-01 9.877001e+00
-6.808969e-01 1.102219e+01
-1.492532e+00 1.117113e+01
-1.376228e+00 1.104155e+01
-2.203452e+00 1.119190e+01
-2.109292e+00 9.600789e+00
+2.370376e+01 8.623911e-01
+2.152452e-04 1.957971e-01
-3.027319e-04 3.280523e-01
+5.927020e-05 4.556141e-01
+3.692677e-04 6.355087e-01
-4.372045e-04 8.027513e-01
-1.676720e-04 9.271185e-01
+6.185843e-04 1.021022e+00
+5.185518e-04 1.170826e+00
-3.375861e-04 1.193433e+00
-1.966640e-04 1.150344e+00
+3.415073e-04 1.072092e+00
+1.539736e-04 9.862894e-01
+1.295646e-04 6.923827e-02
+1.881173e-05 3.703278e-02
-8.815818e-06 6.510216e-02
+4.522618e-05 9.108560e-02
+1.280230e-04 1.253077e-01
+6.101863e-05 1.632209e-01
-5.425779e-05 1.886109e-01
+1.252191e-04 2.063208e-01
+2.033684e-05 2.387243e-01
-2.007428e-04 2.417042e-01
-9.483445e-05 2.344539e-01
-5.156942e-05 2.179944e-01
+2.254453e-04 2.006548e-01
+7.397569e-07 1.384727e-02
-5.608046e-01 3.352773e+00
+2.965204e+00 3.776839e+00
-2.641241e+00 5.350318e+00
-1.985254e-01 6.925301e+00
-1.060883e+00 8.018762e+00
-8.343822e-01 9.154673e+00
+3.251520e-01 9.875846e+00
-6.804403e-01 1.102016e+01
-1.492538e+00 1.117208e+01
-1.376460e+00 1.104158e+01
-2.203293e+00 1.119294e+01
-2.109155e+00 9.601391e+00
+2.370387e+01 8.618700e-01
+2.329636e-04 1.957904e-01
-2.640985e-04 3.280984e-01
+8.236795e-05 4.556761e-01
+4.739535e-04 6.357266e-01
-3.469690e-04 8.029897e-01
-1.363539e-04 9.274991e-01
+7.340477e-04 1.021343e+00
+5.199982e-04 1.171085e+00
-5.340413e-04 1.193951e+00
-2.364588e-04 1.150941e+00
+3.184090e-04 1.072717e+00
+2.915764e-04 9.871032e-01
+1.220629e-04 6.914344e-02
+3.018101e-05 3.695083e-02
+1.309150e-05 6.494144e-02
+9.037454e-05 9.087342e-02
+1.296193e-04 1.250104e-01
+9.522663e-05 1.628177e-01
-5.989091e-05 1.881277e-01
+9.616540e-05 2.057769e-01
-9.929567e-06 2.380686e-01
-2.097091e-04 2.410995e-01
-1.201632e-04 2.338505e-01
-3.905267e-05 2.174055e-01
+2.134641e-04 2.001489e-01
-1.651084e-06 1.380720e-02
-5.606867e-01 3.353398e+00
+2.965042e+00 3.776707e+00
-2.641269e+00 5.350555e+00
-1.982519e-01 6.925573e+00
-1.061084e+00 8.017352e+00
-8.342856e-01 9.154551e+00
+3.257636e-01 9.875001e+00
-6.800024e-01 1.101888e+01
-1.492620e+00 1.117093e+01
-1.376282e+00 1.104076e+01
-2.203253e+00 1.119229e+01
-2.109136e+00 9.601252e+00
+2.370399e+01 8.614480e-01
+2.383679e-04 1.957648e-01
-2.476246e-04 3.281268e-01
+1.016797e-04 4.558078e-01
+5.288070e-04 6.359727e-01
-2.014689e-04 8.032160e-01
-1.379700e-04 9.279637e-01
+8.295348e-04 1.021626e+00
+4.456568e-04 1.171444e+00
-7.624549e-04 1.194611e+00
-3.205074e-04 1.151583e+00
+3.153438e-04 1.073337e+00
+4.025086e-04 9.880228e-01
+1.192638e-04 6.904242e-02
+4.933948e-05 3.688089e-02
+1.158029e-05 6.480233e-02
+1.216068e-04 9.067398e-02
+1.140474e-04 1.247511e-01
+9.210379e-05 1.624446e-01
-8.666827e-05 1.877084e-01
+5.861237e-05 2.053156e-01
-1.431238e-05 2.374965e-01
-1.918473e-04 2.405366e-01
-1.608510e-04 2.332909e-01
-1.952533e-05 2.168802e-01
+2.074964e-04 1.997017e-01
-3.382706e-06 1.376815e-02
