-7.148002e+00 1.161033e+01
+3.945179e+00 1.512056e+01
-3.018406e+00 2.139377e+01
-5.902986e+00 2.536063e+01
-4.891146e-01 2.430943e+01
-1.344570e+00 2.713317e+01
-9.176915e-01 2.909235e+01
-6.506700e+00 2.955987e+01
-3.243644e+00 3.086680e+01
-1.298536e+00 3.106961e+01
-4.128521e-01 2.823244e+01
+2.636801e+00 2.818698e+01
+2.341225e+01 9.488250e-01
+1.366940e-04 4.709466e-01
+1.189741e-05 6.390537e-01
+1.869666e-05 8.713102e-01
-3.686277e-04 1.055483e+00
-3.555600e-04 1.227064e+00
+6.990923e-04 1.427170e+00
+6.615038e-04 1.624272e+00
+9.194809e-05 1.635306e+00
+6.855122e-04 1.765885e+00
+2.104793e-04 1.698650e+00
-6.706462e-04 1.680416e+00
-8.552950e-04 1.553324e+00
-3.774061e-05 3.834139e-02
-1.243307e-05 7.947799e-02
-1.440952e-04 1.140216e-01
-1.685907e-05 1.577056e-01
-1.077632e-04 1.944576e-01
-3.371919e-07 2.311446e-01
-1.271031e-05 2.691299e-01
-8.760964e-05 3.080446e-01
+1.933615e-05 3.142680e-01
-4.367172e-05 3.372964e-01
-1.231630e-04 3.237704e-01
-1.205779e-05 3.220935e-01
+3.779859e-05 2.964942e-01
-1.760512e-05 7.071600e-03
-7.147857e+00 1.160997e+01
+3.944930e+00 1.512397e+01
-3.018294e+00 2.139303e+01
-5.903650e+00 2.536135e+01
-4.894611e-01 2.430795e+01
-1.344301e+00 2.713063e+01
-9.174224e-01 2.909616e+01
-6.506696e+00 2.956714e+01
-3.243095e+00 3.086585e+01
-1.298143e+00 3.106376e+01
-4.134728e-01 2.823346e+01
+2.635934e+00 2.818399e+01
+2.341223e+01 9.488368e-01
+1.640039e-04 4.715832e-01
-1.191850e-04 6.399771e-01
+7.949363e-05 8.724156e-01
-4.301259e-04 1.056485e+00
-4.252011e-04 1.227854e+00
+6.862953e-04 1.428296e+00
+6.345347e-04 1.625436e+00
+4.613375e-05 1.636326e+00
+5.116937e-04 1.766988e+00
+7.728093e-05 1.699742e+00
-6.951203e-04 1.681576e+00
-8.539739e-04 1.554611e+00
-6.130156e-05 3.841869e-02
-6.985067e-06 7.969427e-02
-1.152030e-04 1.143434e-01
-6.645134e-06 1.581435e-01
-2.229411e-05 1.949706e-01
-1.103711e-05 2.316882e-01
-2.099260e-05 2.698345e-01
-5.115568e-05 3.088674e-01
+7.601663e-05 3.151242e-01
-6.164980e-05 3.381948e-01
-1.916073e-04 3.246414e-01
-3.383785e-05 3.230008e-01
+7.439343e-05 2.973097e-01
-2.005035e-05 7.093714e-03
-7.147709e+00 1.160925e+01
+3.944562e+00 1.512718e+01
-3.018071e+00 2.139163e+01
-5.904160e+00 2.536413e+01
-4.901162e-01 2.430180e+01
-1.343914e+00 2.713301e+01
-9.169505e-01 2.909681e+01
-6.506646e+00 2.957131e+01
-3.243168e+00 3.086604e+01
-1.298477e+00 3.105998e+01
-4.139216e-01 2.823449e+01
+2.635375e+00 2.817865e+01
+2.341217e+01 9.488324e-01
+1.774309e-04 4.723168e-01
-2.065666e-04 6.409488e-01
+1.291395e-04 8.734536e-01
-3.571125e-04 1.057608e+00
-4.722442e-04 1.228581e+00
+6.414326e-04 1.429552e+00
+6.422081e-04 1.626395e+00
+1.563948e-04 1.637594e+00
+4.177412e-04 1.768161e+00
-1.370512e-04 1.700871e+00
-7.633612e-04 1.682809e+00
-8.223067e-04 1.555950e+00
-8.676044e-05 3.849277e-02
-5.188311e-06 7.989021e-02
-6.898791e-05 1.146360e-01
-6.171989e-06 1.585706e-01
+4.476435e-05 1.954968e-01
+4.438076e-06 2.322586e-01
-4.332176e-05 2.705621e-01
-3.660535e-05 3.097072e-01
+1.128801e-04 3.159970e-01
-4.133089e-05 3.391410e-01
-2.108670e-04 3.255488e-01
-5.173472e-05 3.238969e-01
+9.090924e-05 2.981356e-01
-1.602946e-05 7.115355e-03
-7.147486e+00 1.160883e+01
+3.944205e+00 1.512884e+01
-3.017837e+00 2.138911e+01
-5.904491e+00 2.536677e+01
-4.906644e-01 2.429912e+01
-1.343306e+00 2.713519e+01
-9.165150e-01 2.909696e+01
-6.506581e+00 2.957137e+01
-3.242865e+00 3.086915e+01
-1.298840e+00 3.105410e+01
-4.147612e-01 2.823515e+01
+2.634638e+00 2.817588e+01
+2.341206e+01 9.489100e-01
+1.839276e-04 4.731748e-01
-2.148735e-04 6.419396e-01
+1.494265e-04 8.745098e-01
-2.429613e-04 1.058751e+00
-4.733505e-04 1.229282e+00
+5.784344e-04 1.430751e+00
+6.214475e-04 1.627626e+00
+2.604386e-04 1.638959e+00
+3.527846e-04 1.769580e+00
-3.731300e-04 1.702133e+00
-8.315846e-04 1.684093e+00
-7.421863e-04 1.557396e+00
-9.728052e-05 3.856751e-02
-5.004502e-06 8.002041e-02
-2.323378e-05 1.148523e-01
-6.853250e-07 1.588844e-01
+6.295813e-05 1.959212e-01
+1.691531e-05 2.327482e-01
-7.811894e-05 2.711623e-01
-3.463599e-05 3.103731e-01
+1.054858e-04 3.167188e-01
-3.651724e-05 3.399099e-01
-1.845259e-04 3.262594e-01
-4.237874e-05 3.246167e-01
+1.038619e-04 2.988202e-01
-5.017336e-06 7.131214e-03
-7.147350e+00 1.160856e+01
+3.943972e+00 1.513032e+01
-3.017743e+00 2.138576e+01
-5.904629e+00 2.537006e+01
-4.910089e-01 2.429449e+01
-1.342929e+00 2.713491e+01
-9.160830e-01 2.910011e+01
-6.506063e+00 2.957124e+01
-3.242327e+00 3.086792e+01
-1.299237e+00 3.104936e+01
-4.156708e-01 2.823428e+01
+2.633767e+00 2.817432e+01
+2.341196e+01 9.490313e-01
+1.885183e-04 4.738195e-01
-1.911970e-04 6.426977e-01
+1.577042e-04 8.753554e-01
-1.802929e-04 1.059943e+00
-4.363475e-04 1.230166e+00
+4.731356e-04 1.432108e+00
+5.831203e-04 1.629048e+00
+3.290507e-04 1.640608e+00
+3.411668e-04 1.771296e+00
-4.809501e-04 1.703601e+00
-8.840196e-04 1.685466e+00
-6.630266e-04 1.558943e+00
-9.321604e-05 3.862680e-02
-1.977799e-06 8.009290e-02
+4.404903e-06 1.149738e-01
+1.115712e-05 1.590645e-01
+4.464124e-05 1.961856e-01
+1.610320e-05 2.330467e-01
-1.067955e-04 2.715385e-01
-3.598845e-05 3.107748e-01
+6.267001e-05 3.171805e-01
-6.042779e-05 3.403868e-01
-1.388734e-04 3.266887e-01
-1.575585e-05 3.250751e-01
+1.108068e-04 2.992477e-01
+5.970972e-06 7.139769e-03
-7.147151e+00 1.160858e+01
+3.943831e+00 1.513139e+01
-3.017536e+00 2.138256e+01
-5.904793e+00 2.537198e+01
-4.914825e-01 2.429322e+01
-1.342518e+00 2.713451e+01
-9.154573e-01 2.910207e+01
-6.505794e+00 2.957225e+01
-3.242124e+00 3.087003e+01
-1.299837e+00 3.104194e+01
-4.164693e-01 2.823213e+01
+2.633324e+00 2.816975e+01
+2.341189e+01 9.491244e-01
+1.868420e-04 4.738546e-01
-1.821985e-04 6.427256e-01
+1.778786e-04 8.752694e-01
-1.725701e-04 1.060056e+00
-4.411053e-04 1.229953e+00
+3.467759e-04 1.432051e+00
+5.524256e-04 1.628890e+00
+3.493812e-04 1.640798e+00
+2.310350e-04 1.771378e+00
-5.796712e-04 1.703502e+00
-8.513015e-04 1.685292e+00
-5.347997e-04 1.559009e+00
-7.824674e-05 3.863183e-02
+2.625568e-06 8.009190e-02
+1.303031e-05 1.149639e-01
+3.007227e-05 1.590569e-01
+2.324508e-05 1.961878e-01
+2.292801e-06 2.330343e-01
-1.276149e-04 2.715379e-01
-2.989745e-05 3.107677e-01
+2.464083e-05 3.171789e-01
-9.547142e-05 3.403883e-01
-1.016975e-04 3.266754e-01
+9.284707e-06 3.250922e-01
+1.081571e-04 2.992508e-01
+1.251306e-05 7.139980e-03
-7.146953e+00 1.160860e+01
+3.943690e+00 1.513247e+01
-3.017329e+00 2.137936e+01
-5.904956e+00 2.537390e+01
-4.919562e-01 2.429195e+01
-1.342108e+00 2.713410e+01
-9.148317e-01 2.910402e+01
-6.505524e+00 2.957327e+01
-3.241921e+00 3.087215e+01
-1.300436e+00 3.103452e+01
-4.172678e-01 2.822998e+01
+2.632881e+00 2.816519e+01
+2.341181e+01 9.492174e-01
+1.851657e-04 4.738898e-01
-1.732000e-04 6.427534e-01
+1.980531e-04 8.751834e-01
-1.648472e-04 1.060169e+00
-4.458630e-04 1.229741e+00
+2.204161e-04 1.431994e+00
+5.217310e-04 1.628732e+00
+3.697117e-04 1.640989e+00
+1.209032e-04 1.771460e+00
-6.783923e-04 1.703403e+00
-8.185834e-04 1.685117e+00
-4.065728e-04 1.559075e+00
-6.327744e-05 3.863686e-02
+7.228936e-06 8.009091e-02
+2.165571e-05 1.149541e-01
+4.898742e-05 1.590492e-01
+1.848915e-06 1.961900e-01
-1.151760e-05 2.330220e-01
-1.484344e-04 2.715373e-01
-2.380646e-05 3.107606e-01
-1.338835e-05 3.171774e-01
-1.305151e-04 3.403898e-01
-6.452161e-05 3.266621e-01
+3.432527e-05 3.251092e-01
+1.055074e-04 2.992539e-01
+1.905516e-05 7.140192e-03
-7.146750e+00 1.160878e+01
+3.943435e+00 1.513132e+01
-3.017155e+00 2.137677e+01
-5.905190e+00 2.537407e+01
-4.923963e-01 2.428879e+01
-1.341983e+00 2.713437e+01
-9.143785e-01 2.910769e+01
-6.505104e+00 2.957634e+01
-3.241913e+00 3.087750e+01
-1.301139e+00 3.102962e+01
-4.182192e-01 2.823101e+01
+2.632407e+00 2.816220e+01
+2.341174e+01 9.493100e-01
+1.987316e-04 4.733468e-01
-1.587204e-04 6.420524e-01
+2.796134e-04 8.741245e-01
-1.344587e-04 1.059218e+00
-4.571286e-04 1.228368e+00
+6.671971e-05 1.430436e+00
+5.026548e-04 1.627069e+00
+3.633124e-04 1.639717e+00
-1.444059e-05 1.769766e+00
-7.828965e-04 1.701744e+00
-8.178794e-04 1.683241e+00
-3.296277e-04 1.557492e+00
-4.968452e-05 3.858640e-02
+1.313852e-05 8.000992e-02
+3.835419e-05 1.147983e-01
+5.952674e-05 1.588375e-01
-2.067353e-05 1.959329e-01
-2.270988e-05 2.326735e-01
-1.591098e-04 2.711517e-01
-1.844972e-05 3.103135e-01
-5.252146e-05 3.167424e-01
-1.742399e-04 3.399089e-01
-1.912304e-05 3.261700e-01
+5.983251e-05 3.246909e-01
+1.011974e-04 2.988527e-01
+2.547090e-05 7.132708e-03
-7.146569e+00 1.160904e+01
+3.943134e+00 1.513093e+01
-3.016861e+00 2.137304e+01
-5.905434e+00 2.537355e+01
-4.929204e-01 2.428538e+01
-1.341881e+00 2.713027e+01
-9.141071e-01 2.911009e+01
-6.504889e+00 2.957668e+01
-3.241896e+00 3.087894e+01
-1.301842e+00 3.102428e+01
-4.188743e-01 2.823204e+01
+2.632112e+00 2.816038e+01
+2.341169e+01 9.493502e-01
+2.237576e-04 4.725872e-01
-1.193018e-04 6.411101e-01
+3.578349e-04 8.728771e-01
-1.111484e-04 1.058114e+00
-5.031526e-04 1.227125e+00
-7.617680e-05 1.429120e+00
+5.027237e-04 1.625693e+00
+3.147160e-04 1.638482e+00
-1.927523e-04 1.768215e+00
-8.347537e-04 1.700434e+00
-7.874695e-04 1.681796e+00
-2.616486e-04 1.556177e+00
-3.225836e-05 3.852059e-02
+1.592692e-05 7.986171e-02
+5.355361e-05 1.145494e-01
+4.514969e-05 1.585003e-01
-4.424048e-05 1.955259e-01
-1.929159e-05 2.321333e-01
-1.496655e-04 2.705191e-01
-1.469255e-05 3.096077e-01
-7.766843e-05 3.160468e-01
-2.192177e-04 3.390895e-01
+3.311628e-05 3.254158e-01
+7.973303e-05 3.239745e-01
+9.897264e-05 2.982102e-01
+3.175755e-05 7.118237e-03
-7.146300e+00 1.160822e+01
+3.942883e+00 1.513133e+01
-3.016319e+00 2.136987e+01
-5.905560e+00 2.537137e+01
-4.934351e-01 2.427868e+01
-1.341904e+00 2.712824e+01
-9.136866e-01 2.911289e+01
-6.504705e+00 2.957462e+01
-3.242010e+00 3.088000e+01
-1.302575e+00 3.101935e+01
-4.198376e-01 2.823197e+01
+2.631472e+00 2.816114e+01
+2.341162e+01 9.493793e-01
+2.495846e-04 4.718518e-01
-5.198729e-05 6.400083e-01
+3.958466e-04 8.715251e-01
-8.993033e-05 1.056946e+00
-5.187068e-04 1.225872e+00
-1.737531e-04 1.427866e+00
+4.895487e-04 1.624302e+00
+2.816985e-04 1.637357e+00
-3.929862e-04 1.766830e+00
-8.718211e-04 1.699155e+00
-7.695792e-04 1.680409e+00
-1.974879e-04 1.555020e+00
-1.738057e-05 3.845666e-02
+5.988408e-06 7.964865e-02
+6.471385e-05 1.142494e-01
+1.144367e-05 1.580805e-01
-8.458416e-05 1.950210e-01
-1.900004e-06 2.315085e-01
-1.362916e-04 2.697520e-01
-1.861684e-05 3.087793e-01
-8.607088e-05 3.152092e-01
-2.308008e-04 3.380814e-01
+8.522855e-05 3.245657e-01
+1.112930e-04 3.230905e-01
+1.170390e-04 2.973985e-01
+3.889754e-05 7.097391e-03
-7.146016e+00 1.160770e+01
+3.942675e+00 1.513030e+01
-3.015934e+00 2.136758e+01
-5.905816e+00 2.536856e+01
-4.941115e-01 2.427130e+01
-1.341954e+00 2.712512e+01
-9.133312e-01 2.911637e+01
-6.504641e+00 2.957161e+01
-3.242371e+00 3.088035e+01
-1.303081e+00 3.101531e+01
-4.205747e-01 2.823097e+01
+2.630944e+00 2.816127e+01
+2.341157e+01 9.494320e-01
+2.670262e-04 4.710780e-01
-3.375507e-06 6.389047e-01
+3.600743e-04 8.702230e-01
-6.155583e-05 1.055919e+00
-4.796970e-04 1.224695e+00
-2.070594e-04 1.426501e+00
+4.808070e-04 1.622890e+00
+2.974574e-04 1.636169e+00
-6.011297e-04 1.765041e+00
-8.849712e-04 1.697847e+00
-7.894697e-04 1.678853e+00
-1.466325e-04 1.553876e+00
-2.562225e-06 3.838896e-02
-1.238543e-05 7.941664e-02
+7.270424e-05 1.139352e-01
-8.897024e-06 1.576233e-01
-1.297002e-04 1.944921e-01
+2.472039e-05 2.308961e-01
-1.398005e-04 2.690032e-01
-1.539635e-05 3.079629e-01
-8.465674e-05 3.143710e-01
-1.986227e-04 3.371315e-01
+1.279442e-04 3.237665e-01
+1.489109e-04 3.222478e-01
+1.433674e-04 2.965990e-01
+4.548673e-05 7.076116e-03
