+1.552996e-01 6.506013e+02
-9.232106e-02 3.526710e+01
+2.824128e-01 1.449003e+01
-7.910360e-02 1.341460e+01
-3.771619e-02 1.182408e+01
+7.681859e-02 8.476547e+00
-4.923024e-02 7.921246e+00
-3.341158e-02 4.385607e+00
-7.059784e-02 4.925965e+00
+2.240099e-01 4.757559e+00
-6.531892e-03 4.613170e+00
+1.489868e-01 3.014682e+00
-1.430124e-01 4.804531e+00
-9.433561e-03 5.506219e-02
-5.220471e-03 4.461245e-02
-6.185000e-03 7.763510e-02
-8.148014e-03 7.015236e-02
-1.049501e-02 7.028983e-02
+9.323417e-03 4.491848e-02
-6.556950e-03 4.147437e-02
-3.127127e-03 1.940848e-02
+5.052247e-03 3.984477e-02
+1.255406e-03 8.421752e-02
-6.504862e-03 2.802159e-02
+1.354406e-03 7.124762e-02
-3.141592e-03 9.579922e-02
+3.814374e-04 3.528999e-03
+4.808455e-04 3.276324e-03
+3.063387e-04 6.771892e-03
-6.987614e-04 5.687838e-03
+1.569340e-04 6.100173e-03
+3.148559e-04 3.804206e-03
+2.909924e-05 3.905727e-03
+3.803874e-04 1.988569e-03
-4.524701e-04 4.535380e-03
-1.054304e-03 1.007498e-02
-3.453238e-04 2.702339e-03
-1.318940e-03 8.053183e-03
+1.259652e-03 1.080516e-02
-4.001224e+01 3.364678e+02
+3.379849e+01 2.231088e+02
+9.812695e+00 1.578102e+02
+3.362007e+00 8.260941e+01
+3.996647e+01 2.128772e+02
-3.726509e+00 1.120750e+02
+5.934455e-01 2.447503e+01
-2.494582e+01 3.009747e+02
-4.368618e+00 4.343496e+01
+7.051001e+00 4.728529e+01
+9.677040e-01 3.089144e+01
-1.090106e+01 3.932271e+01
-3.746714e+00 2.723200e+01
-1.392502e+01 7.524834e+01
-1.056944e+00 2.998848e+01
+8.829431e-03 3.845467e-01
+7.877022e-02 1.385864e+00
+1.241722e-02 6.306699e-01
+1.199062e-02 5.029801e-01
+3.603904e-02 6.791559e-01
+1.112830e-02 2.899507e-01
+6.390146e-03 1.456466e-01
-1.428164e-02 6.965007e-01
-1.456145e-02 3.010555e-01
+1.264589e-02 1.935811e-01
-4.963371e-03 1.584840e-01
-3.067473e-02 1.863147e-01
-8.654480e-03 1.295639e-01
-3.626535e-02 3.705302e-01
-8.418226e-04 1.627493e-01
-9.507319e-04 2.696826e-02
-5.054635e-03 1.162739e-01
-3.445284e-04 4.673764e-02
-3.566755e-04 4.058795e-02
+1.577482e-03 5.177081e-02
-9.931240e-04 2.003675e-02
-6.574346e-04 1.105293e-02
-1.425415e-04 5.908167e-02
+1.009167e-03 2.577945e-02
-5.935949e-04 1.453191e-02
-1.443002e-04 1.416283e-02
+1.307538e-03 1.471834e-02
+4.978280e-04 1.172074e-02
-1.600832e-04 2.569511e-02
-4.052404e-04 1.460641e-02
-9.837362e-02 1.421547e+02
+9.005137e-02 1.546142e+02
+1.230469e-01 1.183222e+02
+9.287296e-02 1.223259e+02
-3.529717e-01 5.296103e+02
+5.490589e-03 1.199595e+02
+5.407624e-03 1.147094e+02
+1.657097e-01 1.170008e+02
+3.198036e-01 4.843958e+02
+1.317412e-01 4.788629e+02
-3.242878e-02 1.101842e+02
-3.497787e-01 6.329324e+02
-3.915037e-01 5.379954e+02
+2.244085e-02 1.881413e+00
-8.244464e-05 2.713815e+00
-6.686398e-02 2.556239e+00
-7.026731e-02 2.800361e+00
+1.050800e-01 1.177039e+01
+2.727913e-03 2.241827e+00
-6.640870e-02 3.471935e+00
-5.157431e-05 3.078666e+00
-9.050263e-02 1.041092e+01
-7.668015e-02 1.044528e+01
-1.240551e-02 1.909440e+00
+8.725373e-02 1.348947e+01
+1.144596e-01 1.238492e+01
-2.220688e-03 1.839395e-01
-2.156329e-03 2.735932e-01
+3.541842e-03 2.817859e-01
+4.919229e-03 3.039995e-01
+1.054991e-03 1.470560e+00
-1.848987e-03 2.589819e-01
+6.215412e-03 4.022757e-01
-5.522661e-03 3.768179e-01
-1.297804e-03 1.300757e+00
+3.911763e-03 1.289286e+00
+1.732347e-03 2.055579e-01
+3.628307e-03 1.676930e+00
+2.776676e-03 1.574585e+00
+2.997392e-02 2.870105e+01
-2.317542e-02 1.930556e+01
-1.018703e-02 1.883598e+01
+1.176547e-02 1.209899e+01
-4.302787e-02 7.285008e+00
+4.584047e-02 6.175975e+00
+1.909533e-02 6.102742e+00
-1.002791e-02 7.308827e+00
+6.143579e-03 4.594830e+00
-6.363452e-03 3.884247e+00
-8.550281e-03 4.408634e-01
+1.243479e-02 4.120279e-01
-6.486853e-03 4.829816e-01
-6.752325e-03 3.279677e-01
+8.862166e-03 2.761429e-01
-1.030984e-02 2.589330e-01
-1.463955e-02 2.599950e-01
-1.267462e-02 3.418798e-01
-1.153151e-03 2.208309e-01
-5.228485e-03 1.910732e-01
+3.682280e-04 4.452286e-02
-7.759140e-04 4.578271e-02
-4.722636e-05 5.083176e-02
+1.268382e-03 3.913843e-02
+5.527439e-04 3.485286e-02
-6.434422e-04 3.565859e-02
+8.369659e-04 3.430832e-02
+1.474487e-03 4.679653e-02
+1.555246e-04 3.256887e-02
+8.438116e-04 2.848373e-02
-2.143101e-02 8.453817e+00
+6.941381e-03 8.038386e-01
+1.074685e-02 2.315997e+00
+4.935902e-03 4.393288e-01
+4.949872e-04 5.860856e-01
-1.640462e-02 4.503220e+00
+1.976918e-02 7.542939e+00
-2.610481e-03 5.202202e-01
+5.190511e-03 5.355434e-01
+1.053464e-02 2.018779e+00
-1.993586e-02 6.938322e+00
+3.812313e-03 5.024739e+00
+1.976760e-02 7.685255e+00
+7.989325e-03 7.170799e-02
+9.689987e-05 7.459430e-03
+9.512458e-04 2.293032e-02
-2.139261e-04 3.845810e-03
-4.405440e-03 8.161628e-03
+6.121413e-04 3.797182e-02
-6.623195e-03 6.765687e-02
+4.930391e-03 8.291426e-03
+5.227442e-04 4.764177e-03
-4.645638e-04 1.869976e-02
+3.154898e-03 6.093770e-02
-1.627018e-02 8.018860e-02
-6.902051e-03 6.461932e-02
-9.309142e-04 4.778676e-03
-1.102949e-05 5.200538e-04
-1.432065e-04 1.657482e-03
+8.919367e-06 2.643631e-04
+5.054953e-04 5.199902e-04
-3.515428e-05 2.594006e-03
+7.887661e-04 4.707769e-03
-6.205702e-04 6.030062e-04
-1.084717e-04 3.192570e-04
+4.266219e-05 1.320502e-03
-3.699407e-04 4.238402e-03
+1.985969e-03 5.605313e-03
+7.723047e-04 4.311736e-03
+1.508175e-01 6.506218e+02
-9.390286e-02 3.525251e+01
+2.814722e-01 1.449417e+01
-8.890703e-02 1.331819e+01
-4.326291e-02 1.177524e+01
+8.547962e-02 8.408043e+00
-5.406164e-02 7.889281e+00
-3.351664e-02 4.384931e+00
-6.916701e-02 4.922913e+00
+2.173431e-01 4.735627e+00
-1.350990e-02 4.582161e+00
+1.410061e-01 2.974611e+00
-1.363591e-01 4.765777e+00
-8.362264e-03 5.238591e-02
-4.416163e-03 4.255006e-02
-5.056876e-03 7.627392e-02
-8.499332e-03 6.737217e-02
-9.409505e-03 6.793365e-02
+9.170636e-03 4.316630e-02
-6.174240e-03 4.004193e-02
-2.464776e-03 1.883577e-02
+4.267845e-03 3.895453e-02
-4.849401e-04 8.226371e-02
-6.610244e-03 2.709233e-02
-6.936512e-04 6.885488e-02
-9.897359e-04 9.288561e-02
+5.381225e-04 3.470835e-03
+5.591099e-04 3.235176e-03
+4.918703e-04 6.747156e-03
-6.328331e-04 5.628217e-03
+3.600318e-04 6.047421e-03
+2.120577e-04 3.765821e-03
+1.097019e-04 3.875324e-03
+4.472370e-04 1.978158e-03
-5.328255e-04 4.520370e-03
-1.214614e-03 1.005113e-02
-2.953712e-04 2.682483e-03
-1.492788e-03 8.023112e-03
+1.467446e-03 1.076401e-02
-4.001176e+01 3.357331e+02
+3.382624e+01 2.216024e+02
+9.819022e+00 1.567524e+02
+3.369859e+00 8.192164e+01
+4.000161e+01 2.121986e+02
-3.723920e+00 1.119632e+02
+5.952860e-01 2.428705e+01
-2.495974e+01 3.009560e+02
-4.372099e+00 4.312400e+01
+7.058096e+00 4.719116e+01
+9.633730e-01 3.080381e+01
-1.091590e+01 3.915966e+01
-3.749665e+00 2.711718e+01
-1.395271e+01 7.493174e+01
-1.059620e+00 2.985281e+01
+7.013109e-03 3.596995e-01
+6.756429e-02 1.315814e+00
+1.109445e-02 5.912003e-01
+1.110252e-02 4.753933e-01
+3.588363e-02 6.516870e-01
+9.290836e-03 2.805231e-01
+5.384335e-03 1.380961e-01
-1.415615e-02 6.825200e-01
-1.213239e-02 2.863218e-01
+1.142890e-02 1.855354e-01
-4.825302e-03 1.528128e-01
-2.719933e-02 1.773968e-01
-7.419374e-03 1.234672e-01
-3.436988e-02 3.605089e-01
-1.250434e-03 1.551570e-01
-1.156096e-03 2.644464e-02
-6.469685e-03 1.149188e-01
-5.497414e-04 4.589254e-02
-4.939988e-04 4.000464e-02
+1.205855e-03 5.116428e-02
-1.197469e-03 1.985140e-02
-7.474759e-04 1.089824e-02
-7.947338e-05 5.880681e-02
+1.323566e-03 2.547919e-02
-7.407097e-04 1.436548e-02
-8.677006e-05 1.404660e-02
+1.798960e-03 1.452897e-02
+6.638970e-04 1.159877e-02
+2.886879e-04 2.545044e-02
-4.116184e-04 1.445567e-02
-9.533011e-02 1.416103e+02
+7.995783e-02 1.533252e+02
+9.688680e-02 1.175256e+02
+7.182286e-02 1.213133e+02
-2.677185e-01 5.262780e+02
-8.832828e-03 1.186598e+02
+9.532522e-05 1.138202e+02
+1.304127e-01 1.159020e+02
+2.439280e-01 4.817640e+02
+1.049185e-01 4.773115e+02
-3.934357e-02 1.093428e+02
-2.694174e-01 6.299314e+02
-2.925647e-01 5.333064e+02
+1.827871e-02 1.850396e+00
-2.337198e-03 2.662833e+00
-5.808569e-02 2.500205e+00
-5.961158e-02 2.726927e+00
+1.008576e-01 1.170183e+01
-9.581886e-04 2.198847e+00
-5.297381e-02 3.381772e+00
-7.782991e-03 3.029805e+00
-8.740012e-02 1.035569e+01
-6.596027e-02 1.035071e+01
-1.118676e-02 1.872858e+00
+8.578592e-02 1.341887e+01
+1.111942e-01 1.230411e+01
-2.662551e-03 1.834858e-01
-2.194956e-03 2.726824e-01
+4.760080e-03 2.808141e-01
+6.260216e-03 3.028084e-01
-1.472345e-04 1.469453e+00
-2.273470e-03 2.582835e-01
+7.854028e-03 4.008793e-01
-6.052183e-03 3.762543e-01
-3.016693e-04 1.299929e+00
+5.518794e-03 1.288049e+00
+1.658090e-03 2.050343e-01
+2.507731e-03 1.675930e+00
+1.453537e-03 1.573231e+00
+2.919532e-02 2.851126e+01
-2.207813e-02 1.909432e+01
-1.336403e-02 1.864313e+01
+1.382588e-02 1.187387e+01
-3.277409e-02 7.079588e+00
+3.441411e-02 6.027074e+00
+1.430517e-02 5.987312e+00
-8.713837e-03 7.177210e+00
+5.347388e-03 4.513438e+00
-5.002918e-03 3.818281e+00
-6.895268e-03 4.305516e-01
+9.971517e-03 4.002620e-01
-5.749348e-03 4.745480e-01
-4.863539e-03 3.164523e-01
+9.166087e-03 2.682462e-01
-1.052915e-02 2.530458e-01
-1.246749e-02 2.529747e-01
-9.610818e-03 3.338092e-01
-1.097592e-03 2.168389e-01
-3.792081e-03 1.874035e-01
+6.593350e-04 4.435238e-02
-1.151182e-03 4.558959e-02
+1.236550e-04 5.069392e-02
+1.426221e-03 3.898100e-02
+4.992059e-04 3.473000e-02
-5.541873e-04 3.557917e-02
+1.130251e-03 3.421187e-02
+1.835688e-03 4.669684e-02
+1.609747e-04 3.252858e-02
+9.875651e-04 2.845042e-02
-2.157665e-02 8.444972e+00
+6.977690e-03 8.026448e-01
+1.076613e-02 2.312226e+00
+4.954526e-03 4.387328e-01
+4.857175e-04 5.823561e-01
-1.650950e-02 4.497992e+00
+1.987201e-02 7.535930e+00
-2.641962e-03 5.179603e-01
+5.213079e-03 5.345083e-01
+1.057008e-02 2.015724e+00
-2.006457e-02 6.930450e+00
+3.817182e-03 5.008920e+00
+1.987236e-02 7.675167e+00
+6.244603e-03 6.931417e-02
+7.607087e-05 7.327921e-03
+7.382165e-04 2.249247e-02
-1.681046e-04 3.771877e-03
-3.449334e-03 7.608781e-03
+4.752158e-04 3.735224e-02
-5.177837e-03 6.599914e-02
+3.852146e-03 7.769076e-03
+4.075202e-04 4.634228e-03
-3.667324e-04 1.836193e-02
+2.461104e-03 5.987235e-02
-1.272859e-02 7.479175e-02
-5.398184e-03 6.265609e-02
-1.123521e-03 4.739265e-03
-1.277212e-05 5.180530e-04
-1.586791e-04 1.651259e-03
+1.718792e-05 2.631757e-04
+6.119018e-04 5.107174e-04
-5.818961e-05 2.584122e-03
+9.445299e-04 4.682785e-03
-7.287942e-04 5.955985e-04
-1.111757e-04 3.170356e-04
+5.676481e-05 1.315378e-03
-4.458994e-04 4.222139e-03
+2.355515e-03 5.528040e-03
+9.438893e-04 4.278752e-03
+1.463237e-01 6.506422e+02
-9.547455e-02 3.523803e+01
+2.805145e-01 1.449838e+01
-9.869444e-02 1.322167e+01
-4.880305e-02 1.172627e+01
+9.412598e-02 8.339486e+00
-5.888354e-02 7.857354e+00
-3.361968e-02 4.384283e+00
-6.772773e-02 4.919886e+00
+2.106693e-01 4.713761e+00
-2.048703e-02 4.551090e+00
+1.330202e-01 2.934507e+00
-1.296955e-01 4.727013e+00
-7.292028e-03 4.970379e-02
-3.610611e-03 4.048090e-02
-3.931033e-03 7.489054e-02
-8.855033e-03 6.457955e-02
-8.330857e-03 6.555955e-02
+9.015213e-03 4.140587e-02
-5.789901e-03 3.859953e-02
-1.802875e-03 1.825821e-02
+3.481425e-03 3.805936e-02
-2.219724e-03 8.027963e-02
-6.714942e-03 2.615857e-02
-2.737185e-03 6.643398e-02
+1.154887e-03 8.994011e-02
+6.955492e-04 3.413045e-03
+6.365833e-04 3.194726e-03
+6.766671e-04 6.725131e-03
-5.676518e-04 5.570322e-03
+5.626652e-04 5.996712e-03
+1.110688e-04 3.728498e-03
+1.887976e-04 3.846115e-03
+5.135203e-04 1.968267e-03
-6.136116e-04 4.505932e-03
-1.374386e-03 1.003098e-02
-2.455770e-04 2.663294e-03
-1.665850e-03 7.996018e-03
+1.673617e-03 1.072622e-02
-4.001127e+01 3.349992e+02
+3.385392e+01 2.200946e+02
+9.825361e+00 1.556952e+02
+3.377721e+00 8.123469e+01
+4.003678e+01 2.115179e+02
-3.721296e+00 1.118508e+02
+5.971134e-01 2.409933e+01
-2.497360e+01 3.009371e+02
-4.375573e+00 4.281316e+01
+7.065184e+00 4.709700e+01
+9.590438e-01 3.071653e+01
-1.093071e+01 3.899629e+01
-3.752631e+00 2.700271e+01
-1.398036e+01 7.461390e+01
-1.062306e+00 2.971768e+01
+5.195338e-03 3.348059e-01
+5.636911e-02 1.245397e+00
+9.791671e-03 5.515958e-01
+1.019652e-02 4.477033e-01
+3.572153e-02 6.241647e-01
+7.444108e-03 2.710553e-01
+4.371326e-03 1.305131e-01
-1.402261e-02 6.684859e-01
-9.720744e-03 2.715001e-01
+1.021016e-02 1.774555e-01
-4.692830e-03 1.471091e-01
-2.373212e-02 1.684309e-01
-6.187684e-03 1.173237e-01
-3.248358e-02 3.504619e-01
-1.658394e-03 1.475267e-01
-1.359686e-03 2.592662e-02
-7.881035e-03 1.135773e-01
-7.576692e-04 4.506450e-02
-6.283112e-04 3.943242e-02
+8.322298e-04 5.056524e-02
-1.406161e-03 1.967036e-02
-8.366827e-04 1.074799e-02
-1.870573e-05 5.853941e-02
+1.636852e-03 2.518940e-02
-8.861585e-04 1.420335e-02
-3.026768e-05 1.393545e-02
+2.287332e-03 1.434283e-02
+8.319183e-04 1.148315e-02
+7.335433e-04 2.520815e-02
-4.149782e-04 1.431052e-02
-9.219560e-02 1.410694e+02
+6.978803e-02 1.520400e+02
+7.060057e-02 1.167306e+02
+5.066043e-02 1.203027e+02
-1.823685e-01 5.229389e+02
-2.311403e-02 1.173626e+02
-5.119336e-03 1.129334e+02
+9.511385e-02 1.148047e+02
+1.679710e-01 4.791272e+02
+7.790816e-02 4.757668e+02
-4.624838e-02 1.085041e+02
-1.890714e-01 6.269234e+02
-1.935022e-01 5.286034e+02
+1.414109e-02 1.818945e+00
-4.574288e-03 2.611318e+00
-4.928556e-02 2.443530e+00
-4.893926e-02 2.652763e+00
+9.657069e-02 1.163055e+01
-4.632494e-03 2.155268e+00
-3.959412e-02 3.290389e+00
-1.548555e-02 2.980050e+00
-8.424516e-02 1.029805e+01
-5.516919e-02 1.025321e+01
-9.935676e-03 1.835769e+00
+8.429085e-02 1.334471e+01
+1.078902e-01 1.222028e+01
-3.104690e-03 1.830960e-01
-2.219602e-03 2.718506e-01
+5.986652e-03 2.799106e-01
+7.608692e-03 3.016854e-01
-1.364270e-03 1.468714e+00
-2.694094e-03 2.576609e-01
+9.476745e-03 3.996080e-01
-6.586382e-03 3.757994e-01
+7.075481e-04 1.299434e+00
+7.142555e-03 1.287177e+00
+1.589393e-03 2.045880e-01
+1.400831e-03 1.675446e+00
+1.003542e-04 1.572270e+00
+2.837001e-02 2.832241e+01
-2.097013e-02 1.888387e+01
-1.652416e-02 1.845039e+01
+1.583714e-02 1.164958e+01
-2.252914e-02 6.874386e+00
+2.302366e-02 5.878602e+00
+9.540694e-03 5.872272e+00
-7.388068e-03 7.046189e+00
+4.530206e-03 4.432489e+00
-3.646111e-03 3.752708e+00
-5.237111e-03 4.200739e-01
+7.525222e-03 3.883354e-01
-5.015247e-03 4.659936e-01
-2.964526e-03 3.047878e-01
+9.464966e-03 2.602239e-01
-1.074989e-02 2.470207e-01
-1.031678e-02 2.458206e-01
-6.565343e-03 3.255750e-01
-1.006242e-03 2.127106e-01
-2.352410e-03 1.836244e-01
+9.545753e-04 4.420859e-02
-1.521278e-03 4.541983e-02
+2.946272e-04 5.057462e-02
+1.590181e-03 3.884492e-02
+4.482517e-04 3.462614e-02
-4.708301e-04 3.552116e-02
+1.417360e-03 3.413428e-02
+2.188957e-03 4.661857e-02
+1.684687e-04 3.251184e-02
+1.130800e-03 2.843265e-02
-2.168458e-02 8.436417e+00
+7.005736e-03 8.014745e-01
+1.077579e-02 2.308511e+00
+4.967826e-03 4.381481e-01
+4.708873e-04 5.786341e-01
-1.659266e-02 4.492890e+00
+1.994693e-02 7.529138e+00
-2.665646e-03 5.157161e-01
+5.229513e-03 5.334871e-01
+1.059315e-02 2.012728e+00
-2.016658e-02 6.922770e+00
+3.802806e-03 4.993190e+00
+1.994637e-02 7.665322e+00
+4.499124e-03 6.691230e-02
+5.565961e-05 7.196162e-03
+5.269730e-04 2.205320e-02
-1.225962e-04 3.697813e-03
-2.492530e-03 7.054022e-03
+3.389695e-04 3.673166e-02
-3.732134e-03 6.433522e-02
+2.774780e-03 7.244117e-03
+2.921482e-04 4.504107e-03
-2.675458e-04 1.802327e-02
+1.768539e-03 5.880425e-02
-9.185608e-03 6.936842e-02
-3.894985e-03 6.068690e-02
-1.317078e-03 4.700000e-03
-1.439983e-05 5.160831e-04
-1.740335e-04 1.645232e-03
+2.544122e-05 2.620045e-04
+7.184493e-04 5.014308e-04
-8.166766e-05 2.574344e-03
+1.100694e-03 4.657974e-03
-8.370666e-04 5.882034e-04
-1.137135e-04 3.148289e-04
+7.106396e-05 1.310365e-03
-5.222030e-04 4.206044e-03
+2.725200e-03 5.450609e-03
+1.115851e-03 4.245860e-03
+1.418174e-01 6.506626e+02
-9.703515e-02 3.522352e+01
+2.795341e-01 1.450258e+01
-1.084717e-01 1.312499e+01
-5.434582e-02 1.167713e+01
+1.027561e-01 8.270801e+00
-6.369561e-02 7.825390e+00
-3.372203e-02 4.383634e+00
-6.628273e-02 4.916853e+00
+2.039959e-01 4.691788e+00
-2.746280e-02 4.519930e+00
+1.250356e-01 2.894263e+00
-1.230330e-01 4.688137e+00
-6.222476e-03 4.701928e-02
-2.804365e-03 3.841007e-02
-2.808723e-03 7.350267e-02
-9.215314e-03 6.178670e-02
-7.259018e-03 6.318170e-02
+8.858760e-03 3.964482e-02
-5.405447e-03 3.715492e-02
-1.142027e-03 1.767915e-02
+2.692791e-03 3.716382e-02
-3.948866e-03 7.829098e-02
-6.819174e-03 2.522510e-02
-4.775782e-03 6.400604e-02
+3.291188e-03 8.698838e-02
+8.543288e-04 3.354832e-03
+7.127278e-04 3.153738e-03
+8.632158e-04 6.701202e-03
-5.023378e-04 5.511078e-03
+7.669757e-04 5.944394e-03
+1.245654e-05 3.690325e-03
+2.662889e-04 3.816093e-03
+5.796543e-04 1.958028e-03
-6.944336e-04 4.490972e-03
-1.535350e-03 1.000799e-02
-1.961121e-04 2.643556e-03
-1.839819e-03 7.966514e-03
+1.881019e-03 1.068538e-02
-4.001077e+01 3.342656e+02
+3.388155e+01 2.185841e+02
+9.831737e+00 1.546372e+02
+3.385576e+00 8.054766e+01
+4.007197e+01 2.108347e+02
-3.718652e+00 1.117380e+02
+5.989187e-01 2.391183e+01
-2.498740e+01 3.009173e+02
-4.379063e+00 4.250211e+01
+7.072267e+00 4.700277e+01
+9.547078e-01 3.062920e+01
-1.094552e+01 3.883249e+01
-3.755614e+00 2.688832e+01
-1.400799e+01 7.429451e+01
-1.064997e+00 2.958258e+01
+3.378627e-03 3.099133e-01
+4.518628e-02 1.174752e+00
+8.506363e-03 5.119853e-01
+9.277048e-03 4.199919e-01
+3.555243e-02 5.966438e-01
+5.583761e-03 2.615861e-01
+3.351635e-03 1.229240e-01
-1.388165e-02 6.544552e-01
-7.327330e-03 2.566626e-01
+8.991636e-03 1.693685e-01
-4.567114e-03 1.414129e-01
-2.027557e-02 1.594415e-01
-4.957895e-03 1.111772e-01
-3.061053e-02 3.404135e-01
-2.062485e-03 1.398965e-01
-1.562782e-03 2.540290e-02
-9.290518e-03 1.122158e-01
-9.737936e-04 4.422219e-02
-7.566089e-04 3.885134e-02
+4.581227e-04 4.996002e-02
-1.615493e-03 1.948464e-02
-9.223814e-04 1.059521e-02
+3.494713e-05 5.826558e-02
+1.955069e-03 2.489157e-02
-1.030142e-03 1.403848e-02
+2.768048e-05 1.381966e-02
+2.776227e-03 1.415362e-02
+1.002553e-03 1.136285e-02
+1.177876e-03 2.496261e-02
-4.170240e-04 1.416150e-02
-8.893286e-02 1.405309e+02
+5.958190e-02 1.507555e+02
+4.422022e-02 1.159348e+02
+2.941051e-02 1.192915e+02
-9.701805e-02 5.195851e+02
-3.732797e-02 1.160655e+02
-1.032367e-02 1.120454e+02
+5.984247e-02 1.137051e+02
+9.201205e-02 4.764775e+02
+5.081200e-02 4.742212e+02
-5.309438e-02 1.076665e+02
-1.087527e-01 6.239018e+02
-9.440506e-02 5.238779e+02
+1.003037e-02 1.787480e+00
-6.778824e-03 2.559761e+00
-4.045971e-02 2.386758e+00
-3.824678e-02 2.578437e+00
+9.220498e-02 1.155900e+01
-8.289063e-03 2.111589e+00
-2.628527e-02 3.198740e+00
-2.316802e-02 2.930234e+00
-8.102555e-02 1.024018e+01
-4.428919e-02 1.015530e+01
-8.644205e-03 1.798628e+00
+8.277968e-02 1.327016e+01
+1.045213e-01 1.213631e+01
-3.561291e-03 1.826613e-01
-2.240929e-03 2.709689e-01
+7.216994e-03 2.789416e-01
+8.961469e-03 3.004920e-01
-2.570908e-03 1.467714e+00
-3.120424e-03 2.569868e-01
+1.110650e-02 3.982212e-01
-7.131240e-03 3.752451e-01
+1.708738e-03 1.298702e+00
+8.760667e-03 1.286028e+00
+1.510897e-03 2.040969e-01
+3.074948e-04 1.674638e+00
-1.256732e-03 1.570980e+00
+2.750519e-02 2.813378e+01
-1.982091e-02 1.867382e+01
-1.966956e-02 1.825753e+01
+1.781938e-02 1.142550e+01
-1.229561e-02 6.668981e+00
+1.166056e-02 5.729958e+00
+4.766115e-03 5.757132e+00
-6.086088e-03 6.915064e+00
+3.739912e-03 4.351399e+00
-2.289704e-03 3.687172e+00
-3.573821e-03 4.095905e-01
+5.100720e-03 3.763965e-01
-4.282440e-03 4.574399e-01
-1.049122e-03 2.931159e-01
+9.763089e-03 2.521926e-01
-1.097443e-02 2.409929e-01
-8.193386e-03 2.386571e-01
-3.545625e-03 3.173319e-01
-8.772251e-04 2.085970e-01
-9.108944e-04 1.798445e-01
+1.253113e-03 4.404982e-02
-1.896357e-03 4.523550e-02
+4.656456e-04 5.044247e-02
+1.755891e-03 3.869386e-02
+4.003125e-04 3.451052e-02
-3.909677e-04 3.544949e-02
+1.708025e-03 3.404334e-02
+2.545308e-03 4.652288e-02
+1.662535e-04 3.247966e-02
+1.273065e-03 2.840309e-02
-2.175502e-02 8.428151e+00
+7.025756e-03 8.003288e-01
+1.077777e-02 2.304850e+00
+4.975068e-03 4.375752e-01
+4.513051e-04 5.749185e-01
-1.665259e-02 4.487927e+00
+1.999337e-02 7.522564e+00
-2.680001e-03 5.134858e-01
+5.239524e-03 5.324815e-01
+1.060520e-02 2.009792e+00
-2.023924e-02 6.915301e+00
+3.770134e-03 4.977539e+00
+1.998757e-02 7.655719e+00
+2.753317e-03 6.450439e-02
+3.548470e-05 7.064452e-03
+3.173921e-04 2.161452e-02
-7.767051e-05 3.623754e-03
-1.535055e-03 6.497441e-03
+2.038236e-04 3.611103e-02
-2.286758e-03 6.266688e-02
+1.698635e-03 6.717053e-03
+1.765622e-04 4.373939e-03
-1.671960e-04 1.768499e-02
+1.077987e-03 5.773517e-02
-5.641693e-03 6.391993e-02
-2.393335e-03 5.871352e-02
-1.513269e-03 4.660487e-03
-1.555659e-05 5.140836e-04
-1.892642e-04 1.638960e-03
+3.416295e-05 2.608217e-04
+8.251947e-04 4.921165e-04
-1.069998e-04 2.564493e-03
+1.258797e-03 4.632969e-03
-9.461796e-04 5.807216e-04
-1.157308e-04 3.126129e-04
+8.583729e-05 1.305209e-03
-6.008598e-04 4.189777e-03
+3.095812e-03 5.372806e-03
+1.290275e-03 4.212752e-03
+1.372982e-01 6.506830e+02
-9.858442e-02 3.520888e+01
+2.785274e-01 1.450668e+01
-1.182435e-01 1.302807e+01
-5.989763e-02 1.162778e+01
+1.113703e-01 8.201910e+00
-6.849895e-02 7.793313e+00
-3.382519e-02 4.382956e+00
-6.483444e-02 4.913781e+00
+1.973285e-01 4.669543e+00
-3.443685e-02 4.488661e+00
+1.170572e-01 2.853781e+00
-1.163801e-01 4.649068e+00
-5.150648e-03 4.433092e-02
-2.000120e-03 3.633669e-02
-1.683549e-03 7.211189e-02
-9.579549e-03 5.899090e-02
-6.189470e-03 6.079942e-02
+8.705324e-03 3.788118e-02
-5.023101e-03 3.570728e-02
-4.818290e-04 1.709860e-02
+1.902079e-03 3.626678e-02
-5.675766e-03 7.629700e-02
-6.923520e-03 2.429155e-02
-6.812550e-03 6.157111e-02
+5.424095e-03 8.402907e-02
+1.013769e-03 3.295780e-03
+7.882187e-04 3.111498e-03
+1.051289e-03 6.672903e-03
-4.359464e-04 5.449013e-03
+9.734818e-04 5.888592e-03
-8.504044e-05 3.650272e-03
+3.431588e-04 3.784051e-03
+6.459780e-04 1.946962e-03
-7.747777e-04 4.475033e-03
-1.698059e-03 9.979186e-03
-1.468750e-04 2.622769e-03
-2.015275e-03 7.932201e-03
+2.090815e-03 1.063892e-02
-4.001026e+01 3.335317e+02
+3.390915e+01 2.170697e+02
+9.838164e+00 1.535772e+02
+3.393412e+00 7.985953e+01
+4.010717e+01 2.101486e+02
-3.716006e+00 1.116246e+02
+6.006957e-01 2.372444e+01
-2.500112e+01 3.008965e+02
-4.382589e+00 4.219050e+01
+7.079344e+00 4.690843e+01
+9.503574e-01 3.054151e+01
-1.096034e+01 3.866814e+01
-3.758613e+00 2.677375e+01
-1.403562e+01 7.397329e+01
-1.067686e+00 2.944700e+01
+1.561021e-03 2.850021e-01
+3.401820e-02 1.103850e+00
+7.220742e-03 4.723365e-01
+8.354144e-03 3.922474e-01
+3.537615e-02 5.691183e-01
+3.713389e-03 2.521029e-01
+2.333668e-03 1.153269e-01
-1.375082e-02 6.404046e-01
-4.938215e-03 2.417974e-01
+7.774752e-03 1.612728e-01
-4.442999e-03 1.357137e-01
-1.682484e-02 1.504259e-01
-3.725395e-03 1.050219e-01
-2.874732e-02 3.303535e-01
-2.463608e-03 1.322620e-01
-1.765973e-03 2.486907e-02
-1.070210e-02 1.108214e-01
-1.196899e-03 4.334895e-02
-8.796446e-04 3.824823e-02
+8.548318e-05 4.934194e-02
-1.822019e-03 1.929053e-02
-1.005248e-03 1.043606e-02
+8.421254e-05 5.797843e-02
+2.279279e-03 2.457633e-02
-1.173621e-03 1.386681e-02
+8.770305e-05 1.369564e-02
+3.267785e-03 1.395853e-02
+1.174562e-03 1.123293e-02
+1.624949e-03 2.471163e-02
-4.195032e-04 1.400390e-02
-8.551518e-02 1.399933e+02
+4.938404e-02 1.494688e+02
+1.777516e-02 1.151362e+02
+8.096794e-03 1.182777e+02
-1.175939e-02 5.162070e+02
-5.145407e-02 1.147656e+02
-1.560152e-02 1.111533e+02
+2.460981e-02 1.126001e+02
+1.612660e-02 4.738057e+02
+2.373944e-02 4.726649e+02
-5.983358e-02 1.068285e+02
-2.847538e-02 6.208579e+02
+4.646278e-03 5.191198e+02
+5.905520e-03 1.755959e+00
-8.960737e-03 2.508161e+00
-3.160383e-02 2.329848e+00
-2.752792e-02 2.503895e+00
+8.780483e-02 1.148726e+01
-1.195090e-02 2.067826e+00
-1.300958e-02 3.106714e+00
-3.084862e-02 2.880278e+00
-7.777731e-02 1.018216e+01
-3.335345e-02 1.005691e+01
-7.346891e-03 1.761484e+00
+8.126897e-02 1.319556e+01
+1.011148e-01 1.205201e+01
-4.029600e-03 1.821299e-01
-2.268399e-03 2.699730e-01
+8.442928e-03 2.778546e-01
+1.031130e-02 2.991738e-01
-3.755872e-03 1.466124e+00
-3.553111e-03 2.561850e-01
+1.275491e-02 3.966194e-01
-7.684815e-03 3.745056e-01
+2.692279e-03 1.297441e+00
+1.035713e-02 1.284243e+00
+1.419651e-03 2.034990e-01
-7.778195e-04 1.673045e+00
-2.599838e-03 1.568986e+00
+2.660694e-02 2.794465e+01
-1.860723e-02 1.846368e+01
-2.279949e-02 1.806436e+01
+1.979388e-02 1.120104e+01
-2.069947e-03 6.462941e+00
+3.220151e-04 5.580506e+00
-4.964985e-05 5.641401e+00
-4.837238e-03 6.783204e+00
+3.015585e-03 4.269650e+00
-9.336956e-04 3.621325e+00
-1.900231e-03 3.991199e-01
+2.677657e-03 3.644570e-01
-3.552819e-03 4.488913e-01
+8.795839e-04 2.814462e-01
+1.006368e-02 2.441662e-01
-1.120642e-02 2.349807e-01
-6.080076e-03 2.314908e-01
-5.328399e-04 3.090828e-01
-7.378115e-04 2.045103e-01
+5.313097e-04 1.760663e-01
+1.551633e-03 4.385509e-02
-2.278480e-03 4.501713e-02
+6.370251e-04 5.028182e-02
+1.918575e-03 3.851005e-02
+3.537643e-04 3.436681e-02
-3.112294e-04 3.534690e-02
+2.006303e-03 3.392379e-02
+2.908906e-03 4.639220e-02
+1.519159e-04 3.241503e-02
+1.414504e-03 2.834810e-02
-2.178813e-02 8.420180e+00
+7.037902e-03 7.992097e-01
+1.077378e-02 2.301242e+00
+4.975469e-03 4.370147e-01
+4.276613e-04 5.712089e-01
-1.668796e-02 4.483113e+00
+2.001062e-02 7.516212e+00
-2.683535e-03 5.112694e-01
+5.242864e-03 5.314928e-01
+1.060736e-02 2.006915e+00
-2.028003e-02 6.908060e+00
+3.719948e-03 4.961962e+00
+1.999383e-02 7.646363e+00
+9.999389e-04 6.208710e-02
+1.698608e-05 6.932398e-03
+1.100097e-04 2.117457e-02
-3.180795e-05 3.549536e-03
-5.763561e-04 5.938711e-03
+6.454725e-05 3.548868e-02
-8.359155e-04 6.099170e-02
+6.211718e-04 6.187187e-03
+6.216271e-05 4.243509e-03
-6.419167e-05 1.734581e-02
+3.825052e-04 5.666239e-02
-2.093800e-03 5.844321e-02
-8.858763e-04 5.673266e-02
-1.710400e-03 4.620530e-03
-1.658130e-05 5.120263e-04
-2.048052e-04 1.632299e-03
+4.319513e-05 2.596137e-04
+9.318689e-04 4.827642e-04
-1.332879e-04 2.554462e-03
+1.417725e-03 4.607558e-03
-1.055885e-03 5.731256e-04
-1.175018e-04 3.103675e-04
+1.005426e-04 1.299832e-03
-6.808692e-04 4.173150e-03
+3.466593e-03 5.294478e-03
+1.465992e-03 4.179278e-03
+1.327659e-01 6.507034e+02
-1.001224e-01 3.519408e+01
+2.774923e-01 1.451079e+01
-1.280127e-01 1.293097e+01
-6.546181e-02 1.157833e+01
+1.199691e-01 8.132834e+00
-7.329456e-02 7.761142e+00
-3.393009e-02 4.382259e+00
-6.338432e-02 4.910687e+00
+1.906699e-01 4.647132e+00
-4.140890e-02 4.457306e+00
+1.090879e-01 2.813169e+00
-1.097417e-01 4.609958e+00
-4.075017e-03 4.163523e-02
-1.199227e-03 3.425551e-02
-5.512276e-04 7.070102e-02
-9.946358e-03 5.617978e-02
-5.118491e-03 5.839898e-02
+8.556727e-03 3.610703e-02
-4.643595e-03 3.424896e-02
+1.783135e-04 1.651342e-02
+1.109895e-03 3.536344e-02
-7.403352e-03 7.427225e-02
-7.028309e-03 2.335328e-02
-8.850207e-03 5.910827e-02
+7.558164e-03 8.103704e-02
+1.173119e-03 3.236235e-03
+8.637711e-04 3.068570e-03
+1.239782e-03 6.642280e-03
-3.682437e-04 5.385447e-03
+1.181579e-03 5.830896e-03
-1.826332e-04 3.609170e-03
+4.202164e-04 3.750855e-03
+7.125774e-04 1.935443e-03
-8.544713e-04 4.458607e-03
-1.862120e-03 9.947468e-03
-9.771983e-05 2.601463e-03
-2.191901e-03 7.895482e-03
+2.302616e-03 1.058971e-02
-4.000974e+01 3.327976e+02
+3.393673e+01 2.155518e+02
+9.844651e+00 1.525156e+02
+3.401227e+00 7.917045e+01
+4.014239e+01 2.094599e+02
-3.713370e+00 1.115110e+02
+6.024415e-01 2.353734e+01
-2.501477e+01 3.008747e+02
-4.386160e+00 4.187874e+01
+7.086419e+00 4.681415e+01
+9.459878e-01 3.045358e+01
-1.097517e+01 3.850336e+01
-3.761630e+00 2.665920e+01
-1.406326e+01 7.365026e+01
-1.070370e+00 2.931094e+01
-2.593690e-04 2.600236e-01
+2.286297e-02 1.032556e+00
+5.922776e-03 4.325141e-01
+7.434580e-03 3.643843e-01
+3.519418e-02 5.415328e-01
+1.838928e-03 2.425658e-01
+1.322941e-03 1.076965e-01
-1.364032e-02 6.262719e-01
-2.542240e-03 2.268318e-01
+6.559653e-03 1.531414e-01
-4.316089e-03 1.299708e-01
-1.337451e-02 1.413606e-01
-2.487890e-03 9.881635e-02
-2.688829e-02 3.202560e-01
-2.863893e-03 1.245854e-01
-1.969287e-03 2.433005e-02
-1.211763e-02 1.094088e-01
-1.423466e-03 4.245881e-02
-9.996437e-04 3.763232e-02
-2.850364e-04 4.871708e-02
-2.024818e-03 1.909212e-02
-1.086951e-03 1.027343e-02
+1.330081e-04 5.768400e-02
+2.607565e-03 2.425161e-02
-1.317304e-03 1.369140e-02
+1.492369e-04 1.356760e-02
+3.762059e-03 1.376020e-02
+1.346680e-03 1.109807e-02
+2.075656e-03 2.445773e-02
-4.230529e-04 1.384182e-02
-8.192860e-02 1.394594e+02
+3.922355e-02 1.481820e+02
-8.716007e-03 1.143379e+02
-1.326532e-02 1.172645e+02
+7.334880e-02 5.128181e+02
-6.548112e-02 1.134656e+02
-2.100536e-02 1.102627e+02
-1.058043e-02 1.114944e+02
-5.963737e-02 4.711238e+02
-3.236729e-03 4.711140e+02
-6.643559e-02 1.059927e+02
+5.174861e-02 6.178126e+02
+1.036041e-01 5.143473e+02
+1.739527e-03 1.723947e+00
-1.113621e-02 2.456050e+00
-2.272265e-02 2.272278e+00
-1.678519e-02 2.428583e+00
+8.341376e-02 1.141299e+01
-1.563497e-02 2.023469e+00
+2.713881e-04 3.013362e+00
-3.853859e-02 2.829364e+00
-7.453602e-02 1.012187e+01
-2.240290e-02 9.955441e+00
-6.072019e-03 1.723910e+00
+7.976785e-02 1.311777e+01
+9.770602e-02 1.196445e+01
-4.501876e-03 1.815485e-01
-2.304642e-03 2.689180e-01
+9.660713e-03 2.767098e-01
+1.165446e-02 2.977941e-01
-4.921623e-03 1.464223e+00
-3.988819e-03 2.553134e-01
+1.442080e-02 3.949083e-01
-8.242594e-03 3.736743e-01
+3.660025e-03 1.295903e+00
+1.193023e-02 1.282118e+00
+1.319743e-03 2.028460e-01
-1.859958e-03 1.671039e+00
-3.926208e-03 1.566620e+00
+2.567878e-02 2.775579e+01
-1.731651e-02 1.825433e+01
-2.591281e-02 1.787179e+01
+2.177410e-02 1.097694e+01
+8.151345e-03 6.256941e+00
-1.099187e-02 5.430892e+00
-4.924992e-03 5.525753e+00
-3.658113e-03 6.651445e+00
+2.380136e-03 4.188057e+00
+4.213428e-04 3.555848e+00
-2.153950e-04 3.885081e-01
+2.399053e-04 3.523714e-01
-2.827689e-03 4.402249e-01
+2.814868e-03 2.696398e-01
+1.036735e-02 2.360305e-01
-1.144634e-02 2.288544e-01
-3.960627e-03 2.242009e-01
+2.490016e-03 3.006746e-01
-6.103721e-04 2.003040e-01
+1.973634e-03 1.721788e-01
+1.848097e-03 4.364236e-02
-2.665105e-03 4.478140e-02
+8.089821e-04 5.010672e-02
+2.076650e-03 3.830983e-02
+3.071200e-04 3.420864e-02
-2.299868e-04 3.522891e-02
+2.311053e-03 3.378981e-02
+3.278350e-03 4.624422e-02
+1.290054e-04 3.233503e-02
+1.555504e-03 2.828023e-02
-2.178403e-02 8.412525e+00
+7.042258e-03 7.981212e-01
+1.076485e-02 2.297706e+00
+4.968532e-03 4.364684e-01
+4.003781e-04 5.675064e-01
-1.669795e-02 4.478469e+00
+1.999824e-02 7.510102e+00
-2.675334e-03 5.090721e-01
+5.239375e-03 5.305235e-01
+1.060031e-02 2.004110e+00
-2.028737e-02 6.901080e+00
+3.652766e-03 4.946473e+00
+1.996386e-02 7.637278e+00
-7.646715e-04 5.965830e-02
+8.799014e-07 6.799670e-03
-9.524190e-05 2.073110e-02
+1.595046e-05 3.475021e-03
+3.836992e-04 5.377706e-03
-8.182982e-05 3.486358e-02
+6.235413e-04 5.930793e-02
-4.592395e-04 5.653918e-03
-5.028514e-05 4.112670e-03
+4.200595e-05 1.700441e-02
-3.220329e-04 5.558405e-02
+1.459505e-03 5.293667e-02
+6.316391e-04 5.474229e-02
-1.906707e-03 4.580239e-03
-1.782091e-05 5.099325e-04
-2.208985e-04 1.625429e-03
+5.225019e-05 2.583896e-04
+1.038287e-03 4.733740e-04
-1.593830e-04 2.544298e-03
+1.576172e-03 4.581853e-03
-1.165703e-03 5.654536e-04
-1.193487e-04 3.081001e-04
+1.147498e-04 1.294333e-03
-7.607884e-04 4.156269e-03
+3.836789e-03 5.215674e-03
+1.641438e-03 4.145528e-03
+1.282336e-01 6.507238e+02
-1.016604e-01 3.517927e+01
+2.764572e-01 1.451490e+01
-1.377819e-01 1.283367e+01
-7.102599e-02 1.152882e+01
+1.285679e-01 8.063610e+00
-7.809017e-02 7.728926e+00
-3.403499e-02 4.381562e+00
-6.193420e-02 4.907589e+00
+1.840113e-01 4.624631e+00
-4.838095e-02 4.425854e+00
+1.011187e-01 2.772430e+00
-1.031033e-01 4.570760e+00
-2.999386e-03 3.893722e-02
-3.983351e-04 3.217305e-02
+5.810942e-04 6.928758e-02
-1.031317e-02 5.336839e-02
-4.047512e-03 5.599624e-02
+8.408130e-03 3.433285e-02
-4.264090e-03 3.279036e-02
+8.384561e-04 1.592736e-02
+3.177112e-04 3.445885e-02
-9.130939e-03 7.224153e-02
-7.133098e-03 2.241498e-02
-1.088786e-02 5.663713e-02
+9.692233e-03 7.803590e-02
+1.332469e-03 3.176640e-03
+9.393234e-04 3.025630e-03
+1.428275e-03 6.611587e-03
-3.005410e-04 5.321872e-03
+1.389676e-03 5.773113e-03
-2.802259e-04 3.568049e-03
+4.972739e-04 3.717646e-03
+7.791768e-04 1.923915e-03
-9.341649e-04 4.442168e-03
-2.026182e-03 9.915696e-03
-4.856465e-05 2.580153e-03
-2.368527e-03 7.858700e-03
+2.514417e-03 1.054040e-02
-4.000922e+01 3.320635e+02
+3.396430e+01 2.140323e+02
+9.851138e+00 1.514539e+02
+3.409041e+00 7.848125e+01
+4.017761e+01 2.087687e+02
-3.710733e+00 1.113973e+02
+6.041873e-01 2.335023e+01
-2.502842e+01 3.008526e+02
-4.389731e+00 4.156696e+01
+7.093493e+00 4.671977e+01
+9.416182e-01 3.036562e+01
-1.099000e+01 3.833813e+01
-3.764647e+00 2.654462e+01
-1.409090e+01 7.332569e+01
-1.073055e+00 2.917488e+01
-2.079759e-03 2.350386e-01
+1.170774e-02 9.610130e-01
+4.624811e-03 3.926884e-01
+6.515016e-03 3.365196e-01
+3.501222e-02 5.139472e-01
-3.553396e-05 2.330217e-01
+3.122144e-04 1.000640e-01
-1.352982e-02 6.121393e-01
-1.462662e-04 2.118548e-01
+5.344554e-03 1.450070e-01
-4.189180e-03 1.242278e-01
-9.924180e-03 1.322715e-01
-1.250384e-03 9.260774e-02
-2.502926e-02 3.101515e-01
-3.264177e-03 1.169084e-01
-2.172601e-03 2.379095e-02
-1.353315e-02 1.079923e-01
-1.650033e-03 4.156856e-02
-1.119643e-03 3.701638e-02
-6.555559e-04 4.809195e-02
-2.227617e-03 1.889364e-02
-1.168654e-03 1.011078e-02
+1.818036e-04 5.738956e-02
+2.935851e-03 2.392667e-02
-1.460987e-03 1.351595e-02
+2.107707e-04 1.343956e-02
+4.256333e-03 1.356139e-02
+1.518798e-03 1.096315e-02
+2.526363e-03 2.420341e-02
-4.266026e-04 1.367974e-02
-7.834202e-02 1.389255e+02
+2.906306e-02 1.468949e+02
-3.520717e-02 1.135382e+02
-3.462743e-02 1.162503e+02
+1.584570e-01 5.094148e+02
-7.950818e-02 1.121652e+02
-2.640921e-02 1.093721e+02
-4.577067e-02 1.103863e+02
-1.354013e-01 4.684304e+02
-3.021290e-02 4.695617e+02
-7.303759e-02 1.051568e+02
+1.319726e-01 6.147544e+02
+2.025619e-01 5.095552e+02
-2.426467e-03 1.691901e+00
-1.331168e-02 2.403929e+00
-1.384148e-02 2.214551e+00
-6.042454e-03 2.353040e+00
+7.902269e-02 1.133868e+01
-1.931904e-02 1.979085e+00
+1.355236e-02 2.919658e+00
-4.622856e-02 2.778332e+00
-7.129474e-02 1.006155e+01
-1.145234e-02 9.853729e+00
-4.797147e-03 1.686332e+00
+7.826674e-02 1.303999e+01
+9.429723e-02 1.187687e+01
-4.974152e-03 1.809667e-01
-2.340885e-03 2.678631e-01
+1.087850e-02 2.755619e-01
+1.299763e-02 2.964108e-01
-6.087374e-03 1.462320e+00
-4.424526e-03 2.544415e-01
+1.608669e-02 3.931916e-01
-8.800373e-03 3.728424e-01
+4.627771e-03 1.294362e+00
+1.350334e-02 1.279989e+00
+1.219836e-03 2.021930e-01
-2.942097e-03 1.669031e+00
-5.252579e-03 1.564251e+00
+2.475062e-02 2.756693e+01
-1.602579e-02 1.804497e+01
-2.902613e-02 1.767919e+01
+2.375432e-02 1.075283e+01
+1.837264e-02 6.050733e+00
-2.230576e-02 5.281022e+00
-9.800333e-03 5.410057e+00
-2.478988e-03 6.519684e+00
+1.744686e-03 4.106462e+00
+1.776381e-03 3.490367e+00
+1.469441e-03 3.778907e-01
-2.197846e-03 3.402740e-01
-2.102560e-03 4.315573e-01
+4.750151e-03 2.578258e-01
+1.067102e-02 2.278945e-01
-1.168626e-02 2.227281e-01
-1.841179e-03 2.169020e-01
+5.512872e-03 2.922482e-01
-4.829326e-04 1.960977e-01
+3.415958e-03 1.682872e-01
+2.144561e-03 4.342946e-02
-3.051731e-03 4.454537e-02
+9.809391e-04 4.993157e-02
+2.234726e-03 3.810957e-02
+2.604757e-04 3.405046e-02
-1.487442e-04 3.511091e-02
+2.615804e-03 3.365564e-02
+3.647793e-03 4.609596e-02
+1.060948e-04 3.225502e-02
+1.696505e-03 2.821233e-02
-2.177994e-02 8.404870e+00
+7.046615e-03 7.970328e-01
+1.075591e-02 2.294170e+00
+4.961595e-03 4.359221e-01
+3.730949e-04 5.638039e-01
-1.670794e-02 4.473824e+00
+1.998586e-02 7.503993e+00
-2.667133e-03 5.068748e-01
+5.235886e-03 5.295541e-01
+1.059325e-02 2.001306e+00
-2.029472e-02 6.894099e+00
+3.585584e-03 4.930985e+00
+1.993389e-02 7.628193e+00
-2.529282e-03 5.722327e-02
-1.522628e-05 6.666941e-03
-3.004935e-04 2.028755e-02
+6.370888e-05 3.400501e-03
+1.343754e-03 4.814856e-03
-2.282069e-04 3.423845e-02
+2.082998e-03 5.761990e-02
-1.539651e-03 5.118315e-03
-1.627330e-04 3.981805e-03
+1.482036e-04 1.666300e-02
-1.026571e-03 5.450472e-02
+5.012810e-03 4.740488e-02
+2.149155e-03 5.274731e-02
-2.103015e-03 4.539870e-03
-1.906052e-05 5.078387e-04
-2.369919e-04 1.618558e-03
+6.130525e-05 2.571653e-04
+1.144704e-03 4.639612e-04
-1.854781e-04 2.534133e-03
+1.734619e-03 4.556098e-03
-1.275521e-03 5.577576e-04
-1.211956e-04 3.058327e-04
+1.289570e-04 1.288834e-03
-8.407076e-04 4.139375e-03
+4.206986e-03 5.136595e-03
+1.816885e-03 4.111716e-03
+1.259746e-01 6.507443e+02
-1.014933e-01 3.520083e+01
+2.778131e-01 1.452438e+01
-1.484343e-01 1.277874e+01
-7.437409e-02 1.151957e+01
+1.369409e-01 8.026008e+00
-8.211797e-02 7.722573e+00
-3.272556e-02 4.387471e+00
-6.218337e-02 4.912902e+00
+1.736377e-01 4.602205e+00
-5.563229e-02 4.406818e+00
+8.875380e-02 2.727508e+00
-9.188054e-02 4.534032e+00
-1.432512e-03 3.320035e-02
+7.135984e-04 2.779487e-02
+2.257866e-03 6.627961e-02
-1.068972e-02 4.742389e-02
-2.422104e-03 5.082314e-02
+8.094191e-03 3.055533e-02
-3.683870e-03 2.967440e-02
+1.760717e-03 1.470471e-02
-7.873809e-04 3.260085e-02
-1.153188e-02 6.812796e-02
-7.202984e-03 2.043028e-02
-1.369763e-02 5.166555e-02
+1.267020e-02 7.190906e-02
+1.378984e-03 3.169071e-03
+8.842637e-04 3.016323e-03
+1.517962e-03 6.603527e-03
-4.283076e-05 5.289825e-03
+1.546929e-03 5.758516e-03
-4.601223e-04 3.551077e-03
+5.638048e-04 3.709362e-03
+7.399127e-04 1.919783e-03
-8.866062e-04 4.432358e-03
-1.898325e-03 9.896695e-03
+9.172771e-05 2.569248e-03
-2.180936e-03 7.839586e-03
+2.377054e-03 1.052441e-02
-4.001259e+01 3.318267e+02
+3.396829e+01 2.135345e+02
+9.854865e+00 1.511462e+02
+3.414934e+00 7.829718e+01
+4.021273e+01 2.085875e+02
-3.712094e+00 1.114004e+02
+6.037876e-01 2.329708e+01
-2.504195e+01 3.009131e+02
-4.388203e+00 4.146765e+01
+7.097990e+00 4.670644e+01
+9.374969e-01 3.036777e+01
-1.099756e+01 3.829524e+01
-3.765036e+00 2.651465e+01
-1.411479e+01 7.316414e+01
-1.076632e+00 2.916281e+01
-4.647419e-03 1.820996e-01
-4.246628e-03 8.110410e-01
+2.686999e-03 3.077441e-01
+5.198393e-03 2.771651e-01
+3.430922e-02 4.555968e-01
-2.665868e-03 2.128847e-01
-1.072392e-03 8.390709e-02
-1.332710e-02 5.823744e-01
+3.314521e-03 1.800088e-01
+3.620214e-03 1.277557e-01
-3.947839e-03 1.119874e-01
-4.915605e-03 1.129449e-01
+5.379988e-04 7.939786e-02
-2.209128e-02 2.884004e-01
-3.777464e-03 1.006993e-01
-2.105951e-03 2.371899e-02
-1.353551e-02 1.078572e-01
-1.773650e-03 4.145299e-02
-1.130261e-03 3.694235e-02
-1.425097e-03 4.781623e-02
-2.144872e-03 1.886148e-02
-1.072051e-03 1.008575e-02
+2.839677e-04 5.731161e-02
+2.980416e-03 2.388736e-02
-1.439684e-03 1.348861e-02
+3.085821e-04 1.341156e-02
+4.380325e-03 1.353674e-02
+1.546582e-03 1.094274e-02
+3.007077e-03 2.409515e-02
-3.218025e-04 1.364174e-02
-8.382180e-02 1.385113e+02
+1.406134e-02 1.463205e+02
-4.290188e-02 1.132209e+02
-3.315332e-02 1.157911e+02
+2.349426e-01 5.073870e+02
-1.014758e-01 1.111930e+02
-3.562884e-03 1.087447e+02
-9.766024e-02 1.093683e+02
-2.049041e-01 4.668142e+02
-3.422631e-02 4.689251e+02
-7.685248e-02 1.046866e+02
+2.098626e-01 6.128639e+02
+2.951672e-01 5.064144e+02
-8.313015e-03 1.625613e+00
-1.612656e-02 2.294854e+00
-1.037326e-03 2.093971e+00
+9.282804e-03 2.196879e+00
+7.198793e-02 1.117712e+01
-2.454908e-02 1.886995e+00
+3.253774e-02 2.725291e+00
-5.669103e-02 2.675318e+00
-6.596671e-02 9.930396e+00
+4.411417e-03 9.638186e+00
-3.320359e-03 1.609850e+00
+7.498100e-02 1.287178e+01
+8.829901e-02 1.168507e+01
-4.803535e-03 1.806542e-01
-1.808003e-03 2.673658e-01
+1.104993e-02 2.750502e-01
+1.292240e-02 2.958576e-01
-7.465679e-03 1.460643e+00
-4.320439e-03 2.537953e-01
+1.601331e-02 3.926585e-01
-7.842634e-03 3.719278e-01
+5.887965e-03 1.292921e+00
+1.388621e-02 1.278587e+00
+6.719857e-04 2.015519e-01
-4.945609e-03 1.666548e+00
-7.249858e-03 1.562035e+00
+2.735637e-02 2.747792e+01
-1.991210e-02 1.792721e+01
-3.069468e-02 1.759634e+01
+2.991350e-02 1.060428e+01
+2.931985e-02 5.948384e+00
-3.425725e-02 5.191123e+00
-1.016168e-02 5.360990e+00
+5.184867e-03 6.440943e+00
+1.323502e-03 4.072746e+00
+6.223425e-03 3.454443e+00
+3.981828e-03 3.556410e-01
-5.787054e-03 3.151062e-01
-9.626590e-04 4.134123e-01
+7.398844e-03 2.336834e-01
+1.099502e-02 2.109233e-01
-1.188445e-02 2.100202e-01
+1.242432e-03 2.017981e-01
+9.823268e-03 2.748752e-01
-3.596378e-04 1.873047e-01
+5.424304e-03 1.602839e-01
+2.313093e-03 4.332948e-02
-3.202445e-03 4.441146e-02
+1.159995e-03 4.983253e-02
+2.034747e-03 3.797973e-02
+6.735739e-05 3.396829e-02
+1.083246e-04 3.500933e-02
+2.684532e-03 3.356902e-02
+3.600781e-03 4.600898e-02
+3.338813e-05 3.219182e-02
+1.599904e-03 2.814348e-02
-2.558247e-02 8.383184e+00
+7.025799e-03 7.966393e-01
+1.031049e-02 2.293385e+00
+5.061757e-03 4.356436e-01
+2.397084e-03 5.598444e-01
-1.705175e-02 4.471204e+00
+2.312345e-02 7.486814e+00
-4.984400e-03 5.025867e-01
+4.991587e-03 5.294328e-01
+1.082229e-02 1.999823e+00
-2.184206e-02 6.885024e+00
+1.113484e-02 4.894053e+00
+2.317573e-02 7.609744e+00
-5.015609e-03 5.225786e-02
-3.751366e-05 6.398656e-03
-5.818490e-04 1.939027e-02
+1.358220e-04 3.249295e-03
+2.696323e-03 3.664178e-03
-4.467144e-04 3.297341e-02
+4.134645e-03 5.421807e-02
-3.049470e-03 4.041558e-03
-3.077335e-04 3.714210e-03
+3.003555e-04 1.597041e-02
-2.021417e-03 5.232798e-02
+9.988948e-03 3.629329e-02
+4.296342e-03 4.867279e-02
-2.028720e-03 4.527794e-03
-1.982516e-05 5.066089e-04
-2.169651e-04 1.614822e-03
+6.592310e-05 2.564690e-04
+1.108476e-03 4.622982e-04
-1.946490e-04 2.527482e-03
+1.664946e-03 4.544202e-03
-1.210929e-03 5.559033e-04
-9.544420e-05 3.047976e-04
+1.271327e-04 1.285770e-03
-8.094473e-04 4.128879e-03
+4.019500e-03 5.119623e-03
+1.767227e-03 4.099942e-03
+1.257164e-01 6.507451e+02
-9.990761e-02 3.523828e+01
+2.813131e-01 1.452788e+01
-1.596053e-01 1.274242e+01
-7.566382e-02 1.152824e+01
+1.449487e-01 8.004221e+00
-8.542028e-02 7.728337e+00
-3.023349e-02 4.394827e+00
-6.385056e-02 4.919117e+00
+1.601795e-01 4.565901e+00
-6.299336e-02 4.392441e+00
+7.277415e-02 2.662498e+00
-7.683255e-02 4.478748e+00
+1.862653e-04 2.702234e-02
+1.743762e-03 2.318516e-02
+4.046843e-03 6.306764e-02
-1.070533e-02 4.103466e-02
-5.877104e-04 4.512220e-02
+7.530026e-03 2.645569e-02
-3.013065e-03 2.629166e-02
+2.623530e-03 1.344072e-02
-1.817292e-03 3.073978e-02
-1.374431e-02 6.415865e-02
-7.078670e-03 1.829640e-02
-1.623286e-02 4.692504e-02
+1.544297e-02 6.588462e-02
+1.193844e-03 3.090738e-03
+6.130164e-04 2.925357e-03
+1.374934e-03 6.541441e-03
+4.432734e-04 5.132898e-03
+1.528717e-03 5.688451e-03
-7.038463e-04 3.469709e-03
+5.766701e-04 3.659057e-03
+5.210664e-04 1.884383e-03
-6.281169e-04 4.357134e-03
-1.280553e-03 9.702428e-03
+3.348752e-04 2.516269e-03
-1.399160e-03 7.606925e-03
+1.647561e-03 1.029668e-02
-4.001926e+01 3.318422e+02
+3.395196e+01 2.134083e+02
+9.856101e+00 1.512105e+02
+3.419162e+00 7.835426e+01
+4.024705e+01 2.086593e+02
-3.716819e+00 1.114367e+02
+6.016276e-01 2.330609e+01
-2.505529e+01 3.009438e+02
-4.382240e+00 4.144617e+01
+7.100287e+00 4.670510e+01
+9.336810e-01 3.040701e+01
-1.099875e+01 3.829362e+01
-3.763136e+00 2.651400e+01
-1.413500e+01 7.307728e+01
-1.080880e+00 2.920414e+01
-7.105672e-03 1.254167e-01
-2.011395e-02 6.554268e-01
+5.949507e-04 2.157133e-01
+3.875788e-03 2.130505e-01
+3.255088e-02 3.928251e-01
-5.160230e-03 1.915908e-01
-2.317277e-03 6.667551e-02
-1.297811e-02 5.509441e-01
+6.813527e-03 1.458378e-01
+1.936996e-03 1.093011e-01
-3.573067e-03 9.876991e-02
+2.333884e-04 9.228023e-02
+2.350436e-03 6.522314e-02
-1.850207e-02 2.642804e-01
-4.143222e-03 8.349767e-02
-1.567616e-03 2.292789e-02
-1.089507e-02 1.047836e-01
-1.644836e-03 4.039224e-02
-9.336112e-04 3.618370e-02
-2.566546e-03 4.641185e-02
-1.572387e-03 1.849195e-02
-6.908279e-04 9.820213e-03
+4.442897e-04 5.665661e-02
+2.474115e-03 2.343324e-02
-1.125201e-03 1.321203e-02
+4.256886e-04 1.321483e-02
+3.755441e-03 1.324235e-02
+1.293074e-03 1.074086e-02
+3.307234e-03 2.369758e-02
-6.663157e-05 1.331811e-02
-9.694030e-02 1.379816e+02
-4.620233e-03 1.459987e+02
-3.425153e-02 1.129137e+02
-1.208349e-02 1.152809e+02
+3.027242e-01 5.060633e+02
-1.301893e-01 1.102064e+02
+4.357556e-02 1.076775e+02
-1.630530e-01 1.080979e+02
-2.678480e-01 4.657345e+02
-1.809927e-02 4.683497e+02
-7.878627e-02 1.042699e+02
+2.838694e-01 6.114941e+02
+3.804434e-01 5.041595e+02
-1.390427e-02 1.558931e+00
-1.819583e-02 2.181306e+00
+1.190332e-02 1.969839e+00
+2.438789e-02 2.039691e+00
+6.311077e-02 1.099866e+01
-2.960009e-02 1.792689e+00
+5.132120e-02 2.528845e+00
-6.577146e-02 2.576138e+00
-5.894826e-02 9.785699e+00
+2.069292e-02 9.412936e+00
-2.618160e-03 1.534793e+00
+6.894665e-02 1.268717e+01
+7.959411e-02 1.146965e+01
-3.525584e-03 1.781372e-01
-4.687781e-04 2.640312e-01
+9.194555e-03 2.712215e-01
+1.024864e-02 2.905320e-01
-8.605174e-03 1.454866e+00
-3.242837e-03 2.499957e-01
+1.269869e-02 3.864271e-01
-4.496400e-03 3.658081e-01
+7.115691e-03 1.287936e+00
+1.184733e-02 1.270809e+00
-4.109395e-04 1.974870e-01
-7.705666e-03 1.657978e+00
-9.546838e-03 1.555134e+00
+3.316373e-02 2.739894e+01
-2.840165e-02 1.780374e+01
-3.094513e-02 1.754824e+01
+3.947983e-02 1.044104e+01
+4.071093e-02 5.879605e+00
-4.651347e-02 5.111819e+00
-6.566225e-03 5.318153e+00
+1.839362e-02 6.348870e+00
+1.018834e-03 4.050519e+00
+1.324593e-02 3.417019e+00
+6.708037e-03 3.325724e-01
-9.561611e-03 2.893193e-01
+4.247931e-04 3.945944e-01
+9.744631e-03 2.099361e-01
+1.104822e-02 1.934824e-01
-1.171968e-02 1.971322e-01
+4.404427e-03 1.866188e-01
+1.404140e-02 2.575958e-01
-3.371145e-04 1.783926e-01
+7.287753e-03 1.524094e-01
+2.153764e-03 4.263709e-02
-2.828889e-03 4.350651e-02
+1.254114e-03 4.922030e-02
+1.273878e-03 3.692271e-02
-3.050896e-04 3.339602e-02
+5.647075e-04 3.442651e-02
+2.273077e-03 3.295208e-02
+2.794862e-03 4.529668e-02
-9.339930e-05 3.180640e-02
+1.103318e-03 2.771366e-02
-3.259125e-02 8.332596e+00
+6.981770e-03 7.959344e-01
+9.506937e-03 2.291874e+00
+5.257911e-03 4.350788e-01
+6.153962e-03 5.517175e-01
-1.768935e-02 4.466023e+00
+2.890701e-02 7.448681e+00
-9.243945e-03 4.928014e-01
+4.563179e-03 5.291085e-01
+1.125189e-02 1.997137e+00
-2.468414e-02 6.866877e+00
+2.506897e-02 4.800164e+00
+2.918671e-02 7.569476e+00
-7.376479e-03 4.737502e-02
-6.199222e-05 6.139451e-03
-8.349102e-04 1.852607e-02
+2.128977e-04 3.101629e-03
+3.988952e-03 2.527270e-03
-6.727204e-04 3.174407e-02
+6.071854e-03 5.096109e-02
-4.458527e-03 3.022638e-03
-4.172535e-04 3.448174e-03
+4.471675e-04 1.529690e-02
-2.961882e-03 5.023413e-02
+1.466972e-02 2.579230e-02
+6.355359e-03 4.464616e-02
-1.488464e-03 4.350078e-03
-1.930514e-05 4.945687e-04
-1.395479e-04 1.575022e-03
+6.015199e-05 2.499517e-04
+8.249900e-04 4.258945e-04
-1.683757e-04 2.469368e-03
+1.205278e-03 4.394554e-03
-8.536021e-04 5.116994e-04
-3.059151e-05 2.947235e-04
+9.646699e-05 1.255770e-03
-5.869508e-04 4.027143e-03
+2.886998e-03 4.669031e-03
+1.323944e-03 3.952811e-03
+1.269139e-01 6.507194e+02
-9.747603e-02 3.527671e+01
+2.864633e-01 1.452038e+01
-1.705658e-01 1.271195e+01
-7.521059e-02 1.153931e+01
+1.523123e-01 7.988424e+00
-8.808176e-02 7.736637e+00
-2.702215e-02 4.400738e+00
-6.637328e-02 4.922922e+00
+1.448968e-01 4.514717e+00
-7.012505e-02 4.378794e+00
+5.474136e-02 2.578334e+00
-5.947769e-02 4.401993e+00
+1.214920e-03 2.442577e-02
+2.161750e-03 2.131875e-02
+5.285686e-03 6.171692e-02
-9.951375e-03 3.810486e-02
+8.879717e-04 4.251706e-02
+6.679455e-03 2.457524e-02
-2.440186e-03 2.479866e-02
+2.986749e-03 1.294013e-02
-2.248533e-03 3.002854e-02
-1.459140e-02 6.285154e-02
-6.595770e-03 1.731644e-02
-1.708427e-02 4.546297e-02
+1.657253e-02 6.389596e-02
+7.505046e-04 2.649180e-03
+1.415348e-04 2.527285e-03
+9.402938e-04 6.263624e-03
+1.061382e-03 4.564116e-03
+1.254187e-03 5.308643e-03
-9.369516e-04 3.142588e-03
+5.035541e-04 3.412887e-03
+1.286224e-04 1.751786e-03
-1.761554e-04 4.118238e-03
-1.880254e-04 9.081511e-03
+6.303060e-04 2.324686e-03
-6.178076e-05 6.854234e-03
+3.406531e-04 9.486552e-03
-4.002801e+01 3.319276e+02
+3.392179e+01 2.132556e+02
+9.855383e+00 1.513698e+02
+3.422238e+00 7.846618e+01
+4.027916e+01 2.088097e+02
-3.723642e+00 1.114583e+02
+5.984783e-01 2.332812e+01
-2.506826e+01 3.008962e+02
-4.373171e+00 4.141823e+01
+7.101138e+00 4.667808e+01
+9.302845e-01 3.044808e+01
-1.099533e+01 3.828380e+01
-3.759626e+00 2.650896e+01
-1.415166e+01 7.301077e+01
-1.085357e+00 2.925310e+01
-8.268808e-03 1.018831e-01
-2.895893e-02 5.972959e-01
-9.052266e-04 1.763519e-01
+3.103080e-03 1.858953e-01
+2.932510e-02 3.644239e-01
-6.294855e-03 1.829940e-01
-2.740495e-03 5.956313e-02
-1.243541e-02 5.379980e-01
+8.874824e-03 1.316370e-01
+1.058153e-03 1.016293e-01
-3.083622e-03 9.305218e-02
+3.460765e-03 8.380788e-02
+3.429178e-03 5.929239e-02
-1.508845e-02 2.526218e-01
-4.040995e-03 7.635764e-02
-5.633438e-04 1.871055e-02
-5.492838e-03 9.048959e-02
-1.199362e-03 3.413493e-02
-5.212321e-04 3.175586e-02
-3.782683e-03 4.102656e-02
-5.273356e-04 1.674469e-02
-5.655894e-05 8.487034e-03
+6.473973e-04 5.387090e-02
+1.375041e-03 2.094169e-02
-5.240227e-04 1.179750e-02
+5.207416e-04 1.224232e-02
+2.305363e-03 1.166961e-02
+7.370387e-04 9.686032e-03
+3.218774e-03 2.199540e-02
+3.000282e-04 1.187849e-02
-1.148422e-01 1.372832e+02
-2.465891e-02 1.456705e+02
-1.415884e-02 1.124118e+02
+2.210110e-02 1.144849e+02
+3.616394e-01 5.050425e+02
-1.632597e-01 1.090917e+02
+1.070900e-01 1.059766e+02
-2.355567e-01 1.065716e+02
-3.236377e-01 4.648780e+02
+1.252357e-02 4.674479e+02
-8.065104e-02 1.037781e+02
+3.508946e-01 6.103522e+02
+4.564370e-01 5.023592e+02
-1.642870e-02 1.533669e+00
-1.779228e-02 2.134100e+00
+1.954393e-02 1.920395e+00
+3.251115e-02 1.981979e+00
+5.409204e-02 1.090452e+01
-3.204164e-02 1.752840e+00
+6.150927e-02 2.458001e+00
-6.796533e-02 2.538992e+00
-5.131279e-02 9.708747e+00
+3.081441e-02 9.315175e+00
-3.768385e-03 1.505342e+00
+5.967973e-02 1.258339e+01
+6.888802e-02 1.135047e+01
-1.173525e-03 1.699435e-01
+1.496743e-03 2.523301e-01
+5.167305e-03 2.578637e-01
+4.914142e-03 2.720992e-01
-9.007475e-03 1.438471e+00
-1.150072e-03 2.384438e-01
+5.968449e-03 3.632420e-01
+1.008738e-03 3.489076e-01
+7.869540e-03 1.274157e+00
+7.084385e-03 1.246176e+00
-1.747482e-03 1.862181e-01
-1.046368e-02 1.636744e+00
-1.137723e-02 1.535993e+00
+4.150804e-02 2.728610e+01
-4.034685e-02 1.763554e+01
-2.983077e-02 1.749581e+01
+5.090963e-02 1.023803e+01
+5.198178e-02 5.808450e+00
-5.840869e-02 5.024541e+00
-1.283589e-04 5.256326e+00
+3.526763e-02 6.221736e+00
+6.351846e-04 4.022811e+00
+2.181082e-02 3.368305e+00
+8.687681e-03 3.231501e-01
-1.206394e-02 2.788851e-01
+1.723964e-03 3.867089e-01
+1.045160e-02 2.013365e-01
+1.050445e-02 1.864364e-01
-1.085726e-02 1.917192e-01
+6.347121e-03 1.807420e-01
+1.622338e-02 2.512393e-01
-5.131862e-04 1.747539e-01
+8.035638e-03 1.493162e-01
+1.564112e-03 4.022051e-02
-1.820448e-03 4.054427e-02
+1.163126e-03 4.720005e-02
+2.912714e-05 3.368671e-02
-7.863699e-04 3.148815e-02
+1.118070e-03 3.274656e-02
+1.318953e-03 3.103994e-02
+1.205520e-03 4.304343e-02
-2.380752e-04 3.066982e-02
+2.211033e-04 2.653109e-02
-4.160549e-02 8.254964e+00
+6.918441e-03 7.946502e-01
+8.501929e-03 2.288538e+00
+5.527842e-03 4.340928e-01
+1.100696e-02 5.388759e-01
-1.854071e-02 4.457299e+00
+3.632854e-02 7.392067e+00
-1.467939e-02 4.778010e-01
+4.064062e-03 5.281689e-01
+1.181098e-02 1.992674e+00
-2.833039e-02 6.839922e+00
+4.292483e-02 4.651532e+00
+3.696149e-02 7.508311e+00
-8.447065e-03 4.576445e-02
-8.300039e-05 6.052596e-03
-9.215175e-04 1.824421e-02
+2.653060e-04 3.050435e-03
+4.598323e-03 2.157157e-03
-8.103556e-04 3.131559e-02
+6.925679e-03 4.994922e-02
-5.045913e-03 2.740449e-03
-4.065221e-04 3.352686e-03
+5.164919e-04 1.506783e-02
-3.373641e-03 4.953946e-02
+1.670977e-02 2.292089e-02
+7.332943e-03 4.327498e-02
-4.958699e-04 3.718003e-03
-1.778472e-05 4.570916e-04
-1.181556e-05 1.449714e-03
+4.145853e-05 2.292974e-04
+3.010015e-04 2.886265e-04
-1.007414e-04 2.290825e-03
+3.690396e-04 3.907712e-03
-2.196274e-04 3.595508e-04
+6.422829e-05 2.608755e-04
+3.589106e-05 1.160971e-03
-1.776480e-04 3.712334e-03
+8.542054e-04 3.109615e-03
+4.928423e-04 3.437279e-03
+1.287797e-01 6.506772e+02
-9.502372e-02 3.530964e+01
+2.925449e-01 1.450497e+01
-1.802683e-01 1.268843e+01
-7.347587e-02 1.154771e+01
+1.586340e-01 7.976905e+00
-9.022682e-02 7.744147e+00
-2.376052e-02 4.405244e+00
-6.894198e-02 4.925901e+00
+1.296114e-01 4.461785e+00
-7.654007e-02 4.366736e+00
+3.691002e-02 2.494190e+00
-4.201003e-02 4.321467e+00
+1.625982e-03 2.389432e-02
+1.960408e-03 2.083498e-02
+5.908244e-03 6.133200e-02
-8.445105e-03 3.675217e-02
+1.942901e-03 4.174984e-02
+5.570279e-03 2.382585e-02
-1.986314e-03 2.436464e-02
+2.832914e-03 1.276553e-02
-2.080910e-03 2.967247e-02
-1.400827e-02 6.221504e-02
-5.760436e-03 1.685925e-02
-1.619272e-02 4.483460e-02
+1.598499e-02 6.331114e-02
+2.684262e-04 2.132232e-03
-3.155136e-04 2.090773e-03
+4.054578e-04 5.937702e-03
+1.575356e-03 3.954646e-03
+8.627210e-04 4.852404e-03
-1.080770e-03 2.782129e-03
+3.865605e-04 3.129556e-03
-2.680367e-04 1.608431e-03
+2.540513e-04 3.880431e-03
+9.324202e-04 8.431524e-03
+8.743058e-04 2.118072e-03
+1.275180e-03 6.073101e-03
-9.990248e-04 8.612219e-03
-4.003712e+01 3.320016e+02
+3.388718e+01 2.130310e+02
+9.853491e+00 1.515148e+02
+3.424899e+00 7.856727e+01
+4.030706e+01 2.089799e+02
-3.730734e+00 1.114655e+02
+5.954496e-01 2.334781e+01
-2.508063e+01 3.008025e+02
-4.362915e+00 4.137182e+01
+7.101629e+00 4.663033e+01
+9.274695e-01 3.048162e+01
-1.098988e+01 3.826113e+01
-3.755487e+00 2.649625e+01
-1.416496e+01 7.295678e+01
-1.089429e+00 2.929911e+01
-8.094718e-03 9.702323e-02
-3.050068e-02 5.883117e-01
-1.759113e-03 1.680418e-01
+2.893230e-03 1.803776e-01
+2.471298e-02 3.525063e-01
-6.038589e-03 1.810995e-01
-2.338386e-03 5.799580e-02
-1.165266e-02 5.342043e-01
+9.433047e-03 1.288174e-01
+9.883958e-04 9.992562e-02
-2.497823e-03 9.151327e-02
+4.683690e-03 8.216559e-02
+3.743741e-03 5.798433e-02
-1.195034e-02 2.478199e-01
-3.477407e-03 7.439247e-02
+4.574065e-04 1.383853e-02
+1.675052e-04 7.440066e-02
-6.603900e-04 2.676743e-02
-9.750229e-05 2.656484e-02
-4.664674e-03 3.515855e-02
+5.140989e-04 1.479071e-02
+5.446677e-04 6.969086e-03
+8.771753e-04 5.076181e-02
+2.016147e-04 1.805494e-02
+6.576463e-05 1.016506e-02
+5.640150e-04 1.113288e-02
+7.433520e-04 9.843413e-03
+1.457610e-04 8.471718e-03
+2.873108e-03 2.005623e-02
+6.230410e-04 1.027495e-02
-1.334091e-01 1.365681e+02
-4.271160e-02 1.453307e+02
+1.029336e-02 1.118324e+02
+6.004559e-02 1.136090e+02
+4.114645e-01 5.042465e+02
-1.972268e-01 1.079912e+02
+1.755319e-01 1.040466e+02
-3.059444e-01 1.051336e+02
-3.714217e-01 4.641972e+02
+4.946863e-02 4.663796e+02
-8.502971e-02 1.032821e+02
+4.065006e-01 6.095140e+02
+5.203623e-01 5.009724e+02
-1.581015e-02 1.522569e+00
-1.491312e-02 2.114460e+00
+2.166204e-02 1.901224e+00
+3.342389e-02 1.961920e+00
+4.501630e-02 1.084193e+01
-3.169333e-02 1.730074e+00
+6.264102e-02 2.437809e+00
-6.304625e-02 2.509563e+00
-4.310479e-02 9.655388e+00
+3.436374e-02 9.265366e+00
-6.566813e-03 1.484393e+00
+4.735406e-02 1.249451e+01
+5.638930e-02 1.126718e+01
+1.180686e-03 1.617120e-01
+3.284116e-03 2.400769e-01
+8.909306e-04 2.440626e-01
-5.857109e-04 2.533197e-01
-8.924088e-03 1.422208e+00
+1.104283e-03 2.268557e-01
-1.205957e-03 3.378428e-01
+6.439442e-03 3.325789e-01
+8.213908e-03 1.260589e+00
+1.786901e-03 1.221027e+00
-2.647908e-03 1.757450e-01
-1.240213e-02 1.616485e+00
-1.236670e-02 1.516690e+00
+5.141995e-02 2.715181e+01
-5.407949e-02 1.745161e+01
-2.743867e-02 1.744358e+01
+6.198264e-02 1.004238e+01
+6.232165e-02 5.740725e+00
-6.898839e-02 4.944626e+00
+7.537219e-03 5.190660e+00
+5.309004e-02 6.088396e+00
-1.056993e-04 3.994699e+00
+3.042604e-02 3.321054e+00
+9.815075e-03 3.194243e-01
-1.315676e-02 2.741004e-01
+2.849974e-03 3.831213e-01
+9.530234e-03 1.970403e-01
+9.372691e-03 1.833970e-01
-9.326225e-03 1.883140e-01
+6.980629e-03 1.778411e-01
+1.627268e-02 2.483486e-01
-8.624364e-04 1.726742e-01
+7.624397e-03 1.471475e-01
+8.058258e-04 3.769641e-02
-6.153088e-04 3.752508e-02
+9.162783e-04 4.513875e-02
-1.122602e-03 3.057452e-02
-1.194416e-03 2.956475e-02
+1.552810e-03 3.112688e-02
+2.495665e-04 2.916828e-02
-4.638733e-04 4.080735e-02
-3.276960e-04 2.956762e-02
-6.734657e-04 2.542692e-02
-5.089302e-02 8.170656e+00
+6.841220e-03 7.933393e-01
+7.520875e-03 2.284959e+00
+5.839246e-03 4.330174e-01
+1.603784e-02 5.246594e-01
-1.948958e-02 4.448003e+00
+4.393387e-02 7.332680e+00
-2.018581e-02 4.619323e-01
+3.657296e-03 5.269503e-01
+1.239668e-02 1.988030e+00
-3.207266e-02 6.812165e+00
+6.115123e-02 4.492098e+00
+4.504942e-02 7.441982e+00
-8.193843e-03 4.533124e-02
-1.024110e-04 6.012040e-03
-8.424522e-04 1.812224e-02
+2.902806e-04 3.027104e-03
+4.509286e-03 2.090564e-03
-8.510212e-04 3.109540e-02
+6.667321e-03 4.956972e-02
-4.795166e-03 2.684643e-03
-2.766864e-04 3.315414e-03
+5.033301e-04 1.496533e-02
-3.238725e-03 4.919847e-02
+1.605652e-02 2.243054e-02
+7.197952e-03 4.285366e-02
+4.990052e-04 3.056414e-03
-1.815275e-05 4.207447e-04
+1.074355e-04 1.327961e-03
+1.859167e-05 2.088131e-04
-2.223360e-04 1.447444e-04
-2.185478e-05 2.116157e-03
-4.679943e-04 3.417285e-03
+4.054416e-04 2.046912e-04
+1.490792e-04 2.263190e-04
-2.893730e-05 1.068023e-03
+2.371775e-04 3.403377e-03
-1.155498e-03 1.526720e-03
-3.474328e-04 2.900289e-03
