-5.991211e+00 1.942791e+01
+4.540889e+00 1.880391e+01
-1.905711e+00 2.905632e+01
-4.847390e+00 3.288425e+01
-3.316861e-01 2.800331e+01
-9.934859e-01 2.876774e+01
-6.752268e-01 3.079199e+01
-5.448735e+00 3.194896e+01
-2.802377e+00 3.162194e+01
-1.068579e+00 3.113484e+01
-2.984303e-01 2.812227e+01
+2.262126e+00 2.798137e+01
+2.113879e+01 2.399865e+00
+9.717127e-05 7.151054e-01
-6.074818e-06 7.874584e-01
-2.373715e-04 1.164544e+00
-2.764050e-04 1.463972e+00
-3.082349e-04 1.502202e+00
+5.971381e-04 1.589638e+00
+5.535936e-04 1.797462e+00
+9.370606e-05 1.816488e+00
+7.062229e-04 1.890286e+00
+1.316730e-04 1.801672e+00
-7.253000e-04 1.761707e+00
-7.672528e-04 1.618328e+00
-2.915195e-05 4.270518e-02
-2.021548e-05 1.105378e-01
-1.164625e-04 1.339873e-01
+1.181423e-05 1.962502e-01
-1.521810e-04 2.501321e-01
-5.343537e-06 2.710211e-01
-2.582055e-05 2.936652e-01
-1.120700e-04 3.352125e-01
-3.373802e-05 3.415924e-01
-5.858210e-05 3.555318e-01
-8.195548e-05 3.390908e-01
+4.168144e-05 3.338216e-01
+2.230458e-05 3.044433e-01
-1.159342e-05 7.236307e-03
-2.092769e-01 3.439957e+02
+2.829828e-01 2.362485e+02
-1.805621e-01 7.041409e+01
+2.231531e-01 4.543739e+01
+1.121851e-01 3.462519e+01
-2.996337e-01 2.711752e+01
-3.983597e-01 2.419030e+01
+2.691382e-01 2.284203e+01
-7.448914e-02 1.822201e+01
-2.633516e-02 1.658777e+01
-2.303396e-03 2.704348e-02
-3.872409e-04 1.073676e-02
+4.686655e-03 1.433054e-01
-3.608649e-03 8.581089e-02
-1.006417e-03 3.048764e-02
-4.222186e-03 4.901423e-02
-1.743738e-03 4.126448e-02
+5.478944e-04 4.280784e-02
+1.619559e-03 3.124385e-02
+4.799552e-04 2.647469e-02
+2.649414e-05 2.643010e-03
-9.760124e-06 1.009583e-03
-1.155645e-05 9.165225e-03
+3.936043e-06 5.638856e-03
+4.333728e-06 2.076730e-03
+3.200324e-05 3.851642e-03
+1.807519e-05 3.435433e-03
-2.111433e-05 3.328284e-03
+8.519317e-08 2.416339e-03
-4.956703e-06 2.197127e-03
-5.991109e+00 1.942701e+01
+4.540840e+00 1.880793e+01
-1.905823e+00 2.905490e+01
-4.847914e+00 3.288513e+01
-3.319237e-01 2.800188e+01
-9.931749e-01 2.876736e+01
-6.751894e-01 3.079565e+01
-5.448774e+00 3.195349e+01
-2.801848e+00 3.161985e+01
-1.068426e+00 3.112837e+01
-2.989965e-01 2.812334e+01
+2.261341e+00 2.797749e+01
+2.113878e+01 2.399843e+00
+1.248966e-04 7.157884e-01
-1.126968e-04 7.883261e-01
-1.262116e-04 1.165684e+00
-4.415090e-04 1.465081e+00
-3.872948e-04 1.502851e+00
+5.415492e-04 1.590583e+00
+4.873086e-04 1.798597e+00
-3.019857e-06 1.817718e+00
+5.708835e-04 1.891571e+00
+8.534160e-05 1.802938e+00
-7.476524e-04 1.762903e+00
-8.364071e-04 1.619535e+00
-3.536155e-05 4.278453e-02
-8.364884e-06 1.107411e-01
-1.230406e-04 1.342983e-01
+4.349900e-05 1.966491e-01
-1.037774e-04 2.505991e-01
-3.802804e-05 2.715928e-01
-2.296854e-05 2.943744e-01
-7.995611e-05 3.359739e-01
-6.253242e-06 3.424133e-01
-8.784550e-05 3.563617e-01
-1.330106e-04 3.399114e-01
+5.998594e-06 3.346524e-01
+4.748410e-05 3.051975e-01
-1.618839e-05 7.258000e-03
-2.115639e-01 3.440533e+02
+2.825847e-01 2.362219e+02
-1.757382e-01 7.044114e+01
+2.194501e-01 4.546115e+01
+1.111275e-01 3.463703e+01
-3.037986e-01 2.710176e+01
-4.000563e-01 2.419029e+01
+2.696313e-01 2.284568e+01
-7.282787e-02 1.822916e+01
-2.587863e-02 1.659604e+01
-2.273844e-03 2.705695e-02
-4.024441e-04 1.074480e-02
+4.711958e-03 1.433183e-01
-3.629671e-03 8.582195e-02
-1.013356e-03 3.050052e-02
-4.180768e-03 4.902708e-02
-1.716238e-03 4.128133e-02
+5.187071e-04 4.282589e-02
+1.633038e-03 3.125023e-02
+4.685831e-04 2.648156e-02
+2.651508e-05 2.644932e-03
-9.800734e-06 1.010686e-03
-1.905812e-06 9.166090e-03
-8.610914e-07 5.639685e-03
+1.970784e-06 2.077953e-03
+3.365997e-05 3.852519e-03
+2.057237e-05 3.436578e-03
-2.122435e-05 3.329431e-03
+2.315933e-06 2.417039e-03
-5.827449e-06 2.198063e-03
-5.991019e+00 1.942655e+01
+4.540494e+00 1.881137e+01
-1.905801e+00 2.905382e+01
-4.848578e+00 3.288668e+01
-3.323587e-01 2.800068e+01
-9.930014e-01 2.876648e+01
-6.750982e-01 3.079948e+01
-5.448926e+00 3.195939e+01
-2.801442e+00 3.161734e+01
-1.068152e+00 3.112314e+01
-2.998017e-01 2.812425e+01
+2.260464e+00 2.797483e+01
+2.113876e+01 2.399811e+00
+1.548495e-04 7.164222e-01
-2.319670e-04 7.891996e-01
-2.460012e-05 1.166692e+00
-5.071978e-04 1.465974e+00
-4.772812e-04 1.503571e+00
+5.503947e-04 1.591619e+00
+4.844710e-04 1.799498e+00
-5.570978e-05 1.818581e+00
+3.812465e-04 1.892709e+00
-4.368122e-05 1.803986e+00
-7.658599e-04 1.763894e+00
-8.282694e-04 1.620760e+00
-5.587868e-05 4.286111e-02
+8.669070e-07 1.109548e-01
-9.298983e-05 1.345991e-01
+4.953605e-05 1.970795e-01
-1.879794e-05 2.511001e-01
-4.622151e-05 2.721488e-01
-3.256296e-05 2.950655e-01
-4.176087e-05 3.367624e-01
+5.726061e-05 3.432755e-01
-8.751268e-05 3.572405e-01
-1.762178e-04 3.407967e-01
-4.457503e-06 3.355594e-01
+9.021066e-05 3.059930e-01
-1.860525e-05 7.279988e-03
-2.138196e-01 3.441107e+02
+2.821719e-01 2.361956e+02
-1.709184e-01 7.046806e+01
+2.157466e-01 4.548481e+01
+1.100757e-01 3.464899e+01
-3.079317e-01 2.708610e+01
-4.017355e-01 2.419045e+01
+2.701053e-01 2.284936e+01
-7.116049e-02 1.823630e+01
-2.542907e-02 1.660441e+01
-2.246800e-03 2.706289e-02
-4.154293e-04 1.074864e-02
+4.738661e-03 1.433276e-01
-3.649605e-03 8.582907e-02
-1.020964e-03 3.050867e-02
-4.139571e-03 4.903698e-02
-1.686799e-03 4.129448e-02
+4.919728e-04 4.283905e-02
+1.644352e-03 3.125350e-02
+4.581991e-04 2.648470e-02
+2.317411e-05 2.648093e-03
-8.509395e-06 1.012477e-03
+7.200438e-06 9.167477e-03
-5.513849e-06 5.641051e-03
-1.679929e-06 2.079995e-03
+3.456811e-05 3.853865e-03
+2.413271e-05 3.438281e-03
-2.039327e-05 3.331250e-03
+2.913347e-06 2.418240e-03
-6.243834e-06 2.199558e-03
-5.990846e+00 1.942549e+01
+4.540088e+00 1.881487e+01
-1.905624e+00 2.905131e+01
-4.849142e+00 3.288978e+01
-3.331086e-01 2.799533e+01
-9.926597e-01 2.876870e+01
-6.746437e-01 3.080031e+01
-5.448915e+00 3.196372e+01
-2.801464e+00 3.161884e+01
-1.068571e+00 3.111831e+01
-3.002294e-01 2.812371e+01
+2.259893e+00 2.796931e+01
+2.113870e+01 2.399853e+00
+1.725153e-04 7.171745e-01
-3.133417e-04 7.901197e-01
+4.342437e-05 1.167629e+00
-4.294880e-04 1.466985e+00
-5.329440e-04 1.504231e+00
+4.966975e-04 1.592809e+00
+4.821735e-04 1.800272e+00
+6.464167e-05 1.819837e+00
+3.039509e-04 1.893848e+00
-2.253162e-04 1.805038e+00
-8.101287e-04 1.764989e+00
-7.732671e-04 1.621926e+00
-8.017577e-05 4.293423e-02
+9.875152e-07 1.111399e-01
-4.763245e-05 1.348755e-01
+3.903895e-05 1.974955e-01
+5.155357e-05 2.516175e-01
-2.560177e-05 2.727156e-01
-6.075908e-05 2.957697e-01
-3.332391e-05 3.375802e-01
+1.005709e-04 3.441265e-01
-5.415524e-05 3.581812e-01
-1.726726e-04 3.416990e-01
-1.652087e-05 3.364389e-01
+1.079812e-04 3.068152e-01
-1.559550e-05 7.301381e-03
-2.160504e-01 3.441679e+02
+2.817483e-01 2.361694e+02
-1.661020e-01 7.049482e+01
+2.120442e-01 4.550833e+01
+1.090274e-01 3.466101e+01
-3.120326e-01 2.707056e+01
-4.033920e-01 2.419069e+01
+2.705637e-01 2.285308e+01
-6.949189e-02 1.824343e+01
-2.498482e-02 1.661282e+01
-2.225069e-03 2.706892e-02
-4.254768e-04 1.075257e-02
+4.766158e-03 1.433375e-01
-3.668367e-03 8.583568e-02
-1.030545e-03 3.051680e-02
-4.097804e-03 4.904717e-02
-1.653027e-03 4.130773e-02
+4.679580e-04 4.285150e-02
+1.651967e-03 3.125657e-02
+4.487850e-04 2.648745e-02
+1.756975e-05 2.650604e-03
-6.574916e-06 1.013907e-03
+1.599682e-05 9.168580e-03
-1.045532e-05 5.642182e-03
-5.863252e-06 2.081683e-03
+3.315945e-05 3.854993e-03
+2.615297e-05 3.439698e-03
-1.878415e-05 3.332804e-03
+3.363125e-06 2.419221e-03
-6.383746e-06 2.200764e-03
-5.990645e+00 1.942470e+01
+4.539728e+00 1.881712e+01
-1.905439e+00 2.904796e+01
-4.849554e+00 3.289248e+01
-3.336706e-01 2.799298e+01
-9.920344e-01 2.877181e+01
-6.741794e-01 3.080146e+01
-5.448905e+00 3.196282e+01
-2.801288e+00 3.162249e+01
-1.068958e+00 3.111361e+01
-3.010928e-01 2.812438e+01
+2.259195e+00 2.796691e+01
+2.113860e+01 2.400080e+00
+1.846797e-04 7.180255e-01
-3.011838e-04 7.910043e-01
+8.064020e-05 1.168608e+00
-3.181427e-04 1.468033e+00
-5.441922e-04 1.504941e+00
+4.225398e-04 1.593925e+00
+4.679357e-04 1.801319e+00
+1.979954e-04 1.821145e+00
+2.703306e-04 1.895262e+00
-4.052922e-04 1.806284e+00
-8.259343e-04 1.766258e+00
-6.658940e-04 1.623262e+00
-9.219501e-05 4.300723e-02
-8.119851e-07 1.112605e-01
-6.164636e-06 1.350804e-01
+3.480447e-05 1.977989e-01
+7.393817e-05 2.520230e-01
-1.216780e-05 2.731989e-01
-1.054527e-04 2.963548e-01
-3.647580e-05 3.382223e-01
+1.046945e-04 3.448285e-01
-3.831445e-05 3.589385e-01
-1.392994e-04 3.424000e-01
-1.227295e-05 3.371251e-01
+1.099274e-04 3.074869e-01
-5.391914e-06 7.316819e-03
-2.182639e-01 3.442244e+02
+2.813171e-01 2.361433e+02
-1.612884e-01 7.052138e+01
+2.083441e-01 4.553172e+01
+1.079795e-01 3.467302e+01
-3.161000e-01 2.705515e+01
-4.050194e-01 2.419092e+01
+2.710093e-01 2.285688e+01
-6.782676e-02 1.825051e+01
-2.454520e-02 1.662118e+01
-2.210842e-03 2.707442e-02
-4.320599e-04 1.075610e-02
+4.794571e-03 1.433425e-01
-3.686868e-03 8.583891e-02
-1.041778e-03 3.052271e-02
-4.062157e-03 4.905394e-02
-1.621720e-03 4.131668e-02
+4.482331e-04 4.285970e-02
+1.657609e-03 3.125871e-02
+4.408499e-04 2.648934e-02
+1.232748e-05 2.651475e-03
-5.085560e-06 1.014423e-03
+2.452832e-05 9.168944e-03
-1.577774e-05 5.642582e-03
-9.787459e-06 2.082339e-03
+3.075755e-05 3.855477e-03
+2.660766e-05 3.440344e-03
-1.749704e-05 3.333493e-03
+4.626033e-06 2.419575e-03
-6.665870e-06 2.201200e-03
-5.990488e+00 1.942427e+01
+4.539429e+00 1.881917e+01
-1.905474e+00 2.904367e+01
-4.849724e+00 3.289581e+01
-3.340773e-01 2.798863e+01
-9.917893e-01 2.877144e+01
-6.739340e-01 3.080535e+01
-5.448488e+00 3.196176e+01
-2.800749e+00 3.162043e+01
-1.069275e+00 3.110785e+01
-3.020020e-01 2.812260e+01
+2.258437e+00 2.796556e+01
+2.113849e+01 2.400429e+00
+1.798603e-04 7.186219e-01
-2.704443e-04 7.916497e-01
+1.029735e-04 1.169362e+00
-2.462609e-04 1.469108e+00
-5.322935e-04 1.505737e+00
+2.898174e-04 1.595097e+00
+4.085480e-04 1.802555e+00
+2.817023e-04 1.822698e+00
+2.722887e-04 1.896931e+00
-4.748880e-04 1.807600e+00
-8.621938e-04 1.767498e+00
-5.715592e-04 1.624645e+00
-8.950617e-05 4.306292e-02
-1.064001e-07 1.113248e-01
+1.612690e-05 1.351915e-01
+4.160950e-05 1.979667e-01
+5.938066e-05 2.522688e-01
-1.416674e-05 2.734823e-01
-1.375959e-04 2.967102e-01
-3.570685e-05 3.385963e-01
+6.885431e-05 3.452753e-01
-5.965942e-05 3.593871e-01
-9.707441e-05 3.428052e-01
+2.630690e-06 3.375406e-01
+1.000756e-04 3.078796e-01
+5.581650e-06 7.324829e-03
-2.204648e-01 3.442804e+02
+2.808802e-01 2.361173e+02
-1.564773e-01 7.054775e+01
+2.046470e-01 4.555502e+01
+1.069302e-01 3.468503e+01
-3.201330e-01 2.703995e+01
-4.066139e-01 2.419115e+01
+2.714439e-01 2.286079e+01
-6.616793e-02 1.825757e+01
-2.411005e-02 1.662949e+01
-2.203323e-03 2.707198e-02
-4.357203e-04 1.075506e-02
+4.823931e-03 1.433385e-01
-3.705830e-03 8.583540e-02
-1.053732e-03 3.052148e-02
-4.036314e-03 4.905365e-02
-1.597859e-03 4.131727e-02
+4.329134e-04 4.285968e-02
+1.663354e-03 3.125715e-02
+4.344386e-04 2.648715e-02
+8.898184e-06 2.651499e-03
-4.530182e-06 1.014465e-03
+3.280941e-05 9.168822e-03
-2.136067e-05 5.642513e-03
-1.315203e-05 2.082404e-03
+2.885355e-05 3.855546e-03
+2.644219e-05 3.440490e-03
-1.718283e-05 3.333621e-03
+6.825907e-06 2.419580e-03
-7.289871e-06 2.201212e-03
-5.990330e+00 1.942384e+01
+4.539130e+00 1.882123e+01
-1.905509e+00 2.903938e+01
-4.849894e+00 3.289914e+01
-3.344841e-01 2.798429e+01
-9.915442e-01 2.877107e+01
-6.736886e-01 3.080925e+01
-5.448071e+00 3.196070e+01
-2.800210e+00 3.161837e+01
-1.069592e+00 3.110210e+01
-3.029113e-01 2.812081e+01
+2.257679e+00 2.796420e+01
+2.113839e+01 2.400777e+00
+1.750408e-04 7.192182e-01
-2.397049e-04 7.922952e-01
+1.253069e-04 1.170117e+00
-1.743790e-04 1.470184e+00
-5.203948e-04 1.506534e+00
+1.570949e-04 1.596269e+00
+3.491603e-04 1.803790e+00
+3.654092e-04 1.824250e+00
+2.742469e-04 1.898601e+00
-5.444837e-04 1.808916e+00
-8.984533e-04 1.768737e+00
-4.772243e-04 1.626027e+00
-8.681734e-05 4.311860e-02
+5.991849e-07 1.113890e-01
+3.841844e-05 1.353027e-01
+4.841453e-05 1.981345e-01
+4.482315e-05 2.525146e-01
-1.616567e-05 2.737657e-01
-1.697390e-04 2.970656e-01
-3.493791e-05 3.389704e-01
+3.301414e-05 3.457222e-01
-8.100438e-05 3.598357e-01
-5.484942e-05 3.432104e-01
+1.753433e-05 3.379561e-01
+9.022391e-05 3.082723e-01
+1.655521e-05 7.332839e-03
-2.226658e-01 3.443364e+02
+2.804434e-01 2.360913e+02
-1.516661e-01 7.057408e+01
+2.009498e-01 4.557828e+01
+1.058808e-01 3.469704e+01
-3.241659e-01 2.702471e+01
-4.082083e-01 2.419138e+01
+2.718785e-01 2.286470e+01
-6.450909e-02 1.826462e+01
-2.367490e-02 1.663780e+01
-2.195805e-03 2.706954e-02
-4.393807e-04 1.075403e-02
+4.853290e-03 1.433345e-01
-3.724792e-03 8.583189e-02
-1.065687e-03 3.052026e-02
-4.010471e-03 4.905337e-02
-1.573998e-03 4.131785e-02
+4.175937e-04 4.285965e-02
+1.669099e-03 3.125559e-02
+4.280274e-04 2.648495e-02
+5.468886e-06 2.651524e-03
-3.974804e-06 1.014507e-03
+4.109051e-05 9.168699e-03
-2.694359e-05 5.642443e-03
-1.651659e-05 2.082469e-03
+2.694954e-05 3.855616e-03
+2.627673e-05 3.440636e-03
-1.686863e-05 3.333750e-03
+9.025780e-06 2.419586e-03
-7.913872e-06 2.201224e-03
-5.990164e+00 1.942371e+01
+4.538758e+00 1.882137e+01
-1.905492e+00 2.903616e+01
-4.850096e+00 3.290103e+01
-3.348375e-01 2.797829e+01
-9.915416e-01 2.877099e+01
-6.735590e-01 3.081447e+01
-5.447498e+00 3.196268e+01
-2.799889e+00 3.162094e+01
-1.069999e+00 3.109909e+01
-3.039185e-01 2.812350e+01
+2.256910e+00 2.796387e+01
+2.113828e+01 2.401096e+00
+1.893645e-04 7.192369e-01
-2.073490e-04 7.922493e-01
+1.981074e-04 1.169944e+00
-8.199553e-05 1.470238e+00
-5.125085e-04 1.506161e+00
-8.454443e-06 1.596015e+00
+2.921565e-04 1.803556e+00
+4.265889e-04 1.824330e+00
+2.624445e-04 1.898580e+00
-6.034738e-04 1.808751e+00
-9.679599e-04 1.768361e+00
-4.375267e-04 1.625830e+00
-8.600058e-05 4.311895e-02
+1.915205e-06 1.113731e-01
+6.710138e-05 1.352710e-01
+4.499196e-05 1.981004e-01
+2.988027e-05 2.525041e-01
-1.259120e-05 2.737193e-01
-1.873215e-04 2.970301e-01
-3.081352e-05 3.389009e-01
-2.526068e-06 3.457345e-01
-1.091141e-04 3.598037e-01
-4.439092e-06 3.431244e-01
+2.901878e-05 3.379268e-01
+7.296598e-05 3.082585e-01
+2.761691e-05 7.333132e-03
-2.248661e-01 3.443929e+02
+2.800065e-01 2.360654e+02
-1.467935e-01 7.060032e+01
+1.972122e-01 4.560157e+01
+1.048081e-01 3.470924e+01
-3.281812e-01 2.700953e+01
-4.097868e-01 2.419172e+01
+2.722937e-01 2.286870e+01
-6.283396e-02 1.827164e+01
-2.324778e-02 1.664621e+01
-2.188097e-03 2.705523e-02
-4.444673e-04 1.074679e-02
+4.900846e-03 1.433156e-01
-3.756208e-03 8.581688e-02
-1.084351e-03 3.051003e-02
-3.979379e-03 4.904558e-02
-1.544678e-03 4.131100e-02
+3.973635e-04 4.285146e-02
+1.680352e-03 3.124823e-02
+4.187469e-04 2.647594e-02
+2.005714e-06 2.651057e-03
-4.521528e-06 1.014290e-03
+5.038712e-05 9.168263e-03
-3.362699e-05 5.642098e-03
-2.009219e-05 2.082250e-03
+2.537024e-05 3.855433e-03
+2.698390e-05 3.440513e-03
-1.627121e-05 3.333598e-03
+1.203757e-05 2.419398e-03
-9.082763e-06 2.200994e-03
-5.990034e+00 1.942369e+01
+4.538345e+00 1.882225e+01
-1.905371e+00 2.903112e+01
-4.850342e+00 3.290292e+01
-3.353166e-01 2.797158e+01
-9.916037e-01 2.876636e+01
-6.736616e-01 3.081846e+01
-5.447094e+00 3.196068e+01
-2.799522e+00 3.161874e+01
-1.070379e+00 3.109639e+01
-3.046279e-01 2.812635e+01
+2.256316e+00 2.796528e+01
+2.113819e+01 2.401371e+00
+2.170156e-04 7.190350e-01
-1.537063e-04 7.919957e-01
+2.637460e-04 1.169630e+00
+5.890233e-06 1.470192e+00
-5.258324e-04 1.505987e+00
-1.471089e-04 1.596089e+00
+2.725645e-04 1.803645e+00
+4.646560e-04 1.824490e+00
+2.227643e-04 1.898698e+00
-6.119056e-04 1.809048e+00
-1.035207e-03 1.768431e+00
-4.401271e-04 1.625976e+00
-8.047438e-05 4.310390e-02
-2.211587e-07 1.112912e-01
+9.468019e-05 1.351464e-01
+1.886639e-05 1.979401e-01
+1.652209e-05 2.523494e-01
+6.685725e-06 2.734774e-01
-1.847144e-04 2.967432e-01
-2.601674e-05 3.385697e-01
-2.945054e-05 3.454835e-01
-1.457329e-04 3.594348e-01
+4.729478e-05 3.427820e-01
+3.776741e-05 3.376098e-01
+6.143702e-05 3.079972e-01
+3.873837e-05 7.326423e-03
-2.270659e-01 3.444500e+02
+2.795674e-01 2.360393e+02
-1.418598e-01 7.062636e+01
+1.934338e-01 4.562482e+01
+1.037124e-01 3.472154e+01
-3.321790e-01 2.699435e+01
-4.113484e-01 2.419212e+01
+2.726907e-01 2.287272e+01
-6.114164e-02 1.827859e+01
-2.282933e-02 1.665465e+01
-2.180253e-03 2.704057e-02
-4.524862e-04 1.073985e-02
+4.960177e-03 1.432891e-01
-3.796427e-03 8.579712e-02
-1.107039e-03 3.049864e-02
-3.944854e-03 4.903594e-02
-1.510740e-03 4.130283e-02
+3.751724e-04 4.284156e-02
+1.696161e-03 3.124013e-02
+4.068855e-04 2.646664e-02
-1.710642e-06 2.648705e-03
-6.054422e-06 1.013022e-03
+5.758170e-05 9.167051e-03
-3.942579e-05 5.640932e-03
-2.270332e-05 2.080907e-03
+2.326762e-05 3.854393e-03
+2.775507e-05 3.439439e-03
-1.469636e-05 3.332463e-03
+1.498047e-05 2.418459e-03
-1.041011e-05 2.199773e-03
-5.989790e+00 1.942249e+01
+4.537960e+00 1.882369e+01
-1.905050e+00 2.902614e+01
-4.850463e+00 3.290209e+01
-3.357530e-01 2.796161e+01
-9.917976e-01 2.876329e+01
-6.736362e-01 3.082325e+01
-5.446718e+00 3.195722e+01
-2.799247e+00 3.161742e+01
-1.070719e+00 3.109407e+01
-3.056525e-01 2.812870e+01
+2.255361e+00 2.796952e+01
+2.113809e+01 2.401675e+00
+2.410551e-04 7.188429e-01
-7.875011e-05 7.915944e-01
+2.818275e-04 1.169220e+00
+9.409799e-05 1.470133e+00
-5.006842e-04 1.505863e+00
-2.264069e-04 1.596149e+00
+2.510438e-04 1.803752e+00
+5.157792e-04 1.824815e+00
+1.631992e-04 1.898969e+00
-6.046898e-04 1.809343e+00
-1.120679e-03 1.768558e+00
-4.586094e-04 1.626269e+00
-7.686227e-05 4.309050e-02
-1.566059e-05 1.111455e-01
+1.211875e-04 1.349721e-01
-2.188011e-05 1.976996e-01
-1.251249e-05 2.520995e-01
+3.667488e-05 2.731451e-01
-1.817551e-04 2.963355e-01
-3.205903e-05 3.381121e-01
-4.761035e-05 3.450963e-01
-1.579216e-04 3.588924e-01
+8.934183e-05 3.423621e-01
+6.454575e-05 3.371310e-01
+8.114500e-05 3.075770e-01
+5.081445e-05 7.313419e-03
-2.292650e-01 3.445073e+02
+2.791222e-01 2.360131e+02
-1.368656e-01 7.065214e+01
+1.896136e-01 4.564801e+01
+1.025946e-01 3.473390e+01
-3.361592e-01 2.697914e+01
-4.128912e-01 2.419254e+01
+2.730722e-01 2.287672e+01
-5.943037e-02 1.828548e+01
-2.242090e-02 1.666311e+01
-2.172647e-03 2.703341e-02
-4.645494e-04 1.073729e-02
+5.018699e-03 1.432681e-01
-3.837747e-03 8.578227e-02
-1.128770e-03 3.049303e-02
-3.910422e-03 4.903006e-02
-1.474748e-03 4.129866e-02
+3.553778e-04 4.283591e-02
+1.713752e-03 3.123557e-02
+3.935901e-04 2.646199e-02
-6.080113e-06 2.644246e-03
-7.659165e-06 1.010573e-03
+5.964081e-05 9.164805e-03
-4.221032e-05 5.638719e-03
-2.332760e-05 2.078201e-03
+1.984940e-05 3.852344e-03
+2.742602e-05 3.437303e-03
-1.217030e-05 3.330197e-03
+1.660155e-05 2.416625e-03
-1.128795e-05 2.197380e-03
-5.989532e+00 1.942159e+01
+4.537632e+00 1.882362e+01
-1.904838e+00 2.902270e+01
-4.850685e+00 3.290127e+01
-3.362901e-01 2.795204e+01
-9.919123e-01 2.875991e+01
-6.735457e-01 3.082807e+01
-5.446366e+00 3.195262e+01
-2.799175e+00 3.161447e+01
-1.070870e+00 3.109295e+01
-3.065572e-01 2.812993e+01
+2.254370e+00 2.797345e+01
+2.113801e+01 2.401976e+00
+2.592101e-04 7.186208e-01
-1.916309e-05 7.911724e-01
+2.354062e-04 1.168831e+00
+2.003191e-04 1.470204e+00
-4.182661e-04 1.505790e+00
-2.508492e-04 1.596103e+00
+2.350414e-04 1.803854e+00
+5.921894e-04 1.825051e+00
+6.415080e-05 1.898791e+00
-5.933772e-04 1.809689e+00
-1.227341e-03 1.768595e+00
-4.678246e-04 1.626547e+00
-7.293030e-05 4.307341e-02
-3.901584e-05 1.109802e-01
+1.435023e-04 1.347919e-01
-5.176784e-05 1.974240e-01
-5.051326e-05 2.518316e-01
+6.598726e-05 2.728357e-01
-2.075254e-04 2.959519e-01
-4.338990e-05 3.376765e-01
-6.647970e-05 3.447186e-01
-1.322755e-04 3.584126e-01
+1.199231e-04 3.419992e-01
+1.061995e-04 3.366948e-01
+1.212351e-04 3.071896e-01
+6.210982e-05 7.299975e-03
-2.314635e-01 3.445649e+02
+2.786654e-01 2.359865e+02
-1.318121e-01 7.067758e+01
+1.857500e-01 4.567119e+01
+1.014560e-01 3.474626e+01
-3.401222e-01 2.696386e+01
-4.144123e-01 2.419296e+01
+2.734419e-01 2.288064e+01
-5.769764e-02 1.829233e+01
-2.202437e-02 1.667159e+01
-2.166093e-03 2.701900e-02
-4.802343e-04 1.073079e-02
+5.076213e-03 1.432448e-01
-3.880321e-03 8.576481e-02
-1.149513e-03 3.048392e-02
-3.875936e-03 4.902093e-02
-1.436733e-03 4.129080e-02
+3.368168e-04 4.282637e-02
+1.732861e-03 3.122839e-02
+3.787848e-04 2.645393e-02
-1.146939e-05 2.641193e-03
-8.095399e-06 1.008914e-03
+5.913745e-05 9.162978e-03
-4.342853e-05 5.637012e-03
-2.312545e-05 2.076261e-03
+1.593469e-05 3.850856e-03
+2.613026e-05 3.435861e-03
-1.072252e-05 3.328632e-03
+1.697033e-05 2.415302e-03
-1.174142e-05 2.195689e-03
