-6.701234e+00 1.362398e+01
+4.252604e+00 1.617804e+01
-2.575294e+00 2.338231e+01
-5.497197e+00 2.745039e+01
-3.526480e-01 2.549452e+01
-1.166799e+00 2.750598e+01
-7.857167e-01 2.947217e+01
-6.149241e+00 3.015214e+01
-3.068252e+00 3.102090e+01
-1.209929e+00 3.083927e+01
-3.803730e-01 2.799191e+01
+2.499277e+00 2.793329e+01
+2.280286e+01 1.491111e+00
+1.147013e-04 5.480415e-01
+7.359095e-05 6.891910e-01
-1.119498e-04 9.761793e-01
-2.344154e-04 1.201562e+00
-2.772799e-04 1.327832e+00
+6.943609e-04 1.489668e+00
+6.625265e-04 1.689351e+00
+2.222297e-04 1.707574e+00
+7.812034e-04 1.824117e+00
+2.264157e-04 1.748222e+00
-6.579255e-04 1.717962e+00
-7.836696e-04 1.588354e+00
-3.015548e-05 3.701403e-02
-1.362857e-05 8.976463e-02
-1.301257e-04 1.207487e-01
-1.222458e-05 1.722338e-01
-1.545924e-04 2.151066e-01
+9.182996e-06 2.459092e-01
-3.500132e-05 2.789105e-01
-1.211005e-04 3.186355e-01
-3.336225e-05 3.254739e-01
-4.073407e-05 3.462166e-01
-7.638886e-05 3.316858e-01
+1.645990e-05 3.279978e-01
-2.701578e-06 3.015032e-01
-1.093886e-05 6.774781e-03
-2.092769e-01 3.439957e+02
+2.829828e-01 2.362485e+02
-1.805621e-01 7.041409e+01
+2.231531e-01 4.543739e+01
+1.121851e-01 3.462519e+01
-2.996337e-01 2.711752e+01
-3.983597e-01 2.419030e+01
+2.691382e-01 2.284203e+01
-7.448914e-02 1.822201e+01
-2.633516e-02 1.658777e+01
-2.303396e-03 2.704348e-02
-3.872409e-04 1.073676e-02
+4.686655e-03 1.433054e-01
-3.608649e-03 8.581089e-02
-1.006417e-03 3.048764e-02
-4.222186e-03 4.901423e-02
-1.743738e-03 4.126448e-02
+5.478944e-04 4.280784e-02
+1.619559e-03 3.124385e-02
+4.799552e-04 2.647469e-02
+2.649414e-05 2.643010e-03
-9.760124e-06 1.009583e-03
-1.155645e-05 9.165225e-03
+3.936043e-06 5.638856e-03
+4.333728e-06 2.076730e-03
+3.200324e-05 3.851642e-03
+1.807519e-05 3.435433e-03
-2.111433e-05 3.328284e-03
+8.519317e-08 2.416339e-03
-4.956703e-06 2.197127e-03
-6.701117e+00 1.362339e+01
+4.252587e+00 1.618218e+01
-2.575359e+00 2.338080e+01
-5.497718e+00 2.745102e+01
-3.528607e-01 2.549292e+01
-1.166426e+00 2.750504e+01
-7.855987e-01 2.947597e+01
-6.149222e+00 3.015766e+01
-3.067671e+00 3.101894e+01
-1.209733e+00 3.083231e+01
-3.809438e-01 2.799383e+01
+2.498440e+00 2.792964e+01
+2.280286e+01 1.491043e+00
+1.452586e-04 5.487214e-01
-3.916737e-05 6.901303e-01
-1.075666e-05 9.773633e-01
-4.029505e-04 1.202730e+00
-3.526458e-04 1.328549e+00
+6.202652e-04 1.490690e+00
+5.798721e-04 1.690638e+00
+1.041195e-04 1.708878e+00
+6.362015e-04 1.825447e+00
+1.790089e-04 1.749598e+00
-6.656507e-04 1.719329e+00
-8.414658e-04 1.589666e+00
-3.583860e-05 3.709344e-02
-4.765300e-06 8.997161e-02
-1.392991e-04 1.210699e-01
+1.937201e-05 1.726441e-01
-1.002487e-04 2.155897e-01
-2.184321e-05 2.464820e-01
-3.150776e-05 2.796354e-01
-8.803334e-05 3.194244e-01
-6.683383e-06 3.263001e-01
-8.029203e-05 3.470515e-01
-1.331218e-04 3.325075e-01
-1.169814e-05 3.288443e-01
+2.957827e-05 3.022757e-01
-1.560161e-05 6.796524e-03
-2.115639e-01 3.440533e+02
+2.825847e-01 2.362219e+02
-1.757382e-01 7.044114e+01
+2.194501e-01 4.546115e+01
+1.111275e-01 3.463703e+01
-3.037986e-01 2.710176e+01
-4.000563e-01 2.419029e+01
+2.696313e-01 2.284568e+01
-7.282787e-02 1.822916e+01
-2.587863e-02 1.659604e+01
-2.273844e-03 2.705695e-02
-4.024441e-04 1.074480e-02
+4.711958e-03 1.433183e-01
-3.629671e-03 8.582195e-02
-1.013356e-03 3.050052e-02
-4.180768e-03 4.902708e-02
-1.716238e-03 4.128133e-02
+5.187071e-04 4.282589e-02
+1.633038e-03 3.125023e-02
+4.685831e-04 2.648156e-02
+2.651508e-05 2.644932e-03
-9.800734e-06 1.010686e-03
-1.905812e-06 9.166090e-03
-8.610914e-07 5.639685e-03
+1.970784e-06 2.077953e-03
+3.365997e-05 3.852519e-03
+2.057237e-05 3.436578e-03
-2.122435e-05 3.329431e-03
+2.315933e-06 2.417039e-03
-5.827449e-06 2.198063e-03
-6.700999e+00 1.362292e+01
+4.252289e+00 1.618568e+01
-2.575254e+00 2.338016e+01
-5.498341e+00 2.745287e+01
-3.532393e-01 2.549146e+01
-1.166155e+00 2.750317e+01
-7.853873e-01 2.947957e+01
-6.149242e+00 3.016420e+01
-3.067179e+00 3.101785e+01
-1.209385e+00 3.082675e+01
-3.816723e-01 2.799527e+01
+2.497555e+00 2.792674e+01
+2.280283e+01 1.490989e+00
+1.737263e-04 5.493652e-01
-1.797081e-04 6.910593e-01
+6.447168e-05 9.784513e-01
-4.637221e-04 1.203687e+00
-4.367683e-04 1.329306e+00
+6.078228e-04 1.491799e+00
+5.607581e-04 1.691710e+00
+4.117406e-05 1.709819e+00
+4.294129e-04 1.826623e+00
+2.982175e-05 1.750740e+00
-6.865396e-04 1.720454e+00
-8.343826e-04 1.590979e+00
-5.604382e-05 3.717000e-02
+4.438276e-07 9.018775e-02
-1.107395e-04 1.213849e-01
+2.471462e-05 1.730822e-01
-1.221574e-05 2.161091e-01
-2.867447e-05 2.470387e-01
-3.864570e-05 2.803337e-01
-5.157951e-05 3.202408e-01
+5.054956e-05 3.271638e-01
-9.083015e-05 3.479473e-01
-1.887597e-04 3.333903e-01
-2.963588e-05 3.297687e-01
+7.315266e-05 3.030899e-01
-1.812858e-05 6.818607e-03
-2.138196e-01 3.441107e+02
+2.821719e-01 2.361956e+02
-1.709184e-01 7.046806e+01
+2.157466e-01 4.548481e+01
+1.100757e-01 3.464899e+01
-3.079317e-01 2.708610e+01
-4.017355e-01 2.419045e+01
+2.701053e-01 2.284936e+01
-7.116049e-02 1.823630e+01
-2.542907e-02 1.660441e+01
-2.246800e-03 2.706289e-02
-4.154293e-04 1.074864e-02
+4.738661e-03 1.433276e-01
-3.649605e-03 8.582907e-02
-1.020964e-03 3.050867e-02
-4.139571e-03 4.903698e-02
-1.686799e-03 4.129448e-02
+4.919728e-04 4.283905e-02
+1.644352e-03 3.125350e-02
+4.581991e-04 2.648470e-02
+2.317411e-05 2.648093e-03
-8.509395e-06 1.012477e-03
+7.200438e-06 9.167477e-03
-5.513849e-06 5.641051e-03
-1.679929e-06 2.079995e-03
+3.456811e-05 3.853865e-03
+2.413271e-05 3.438281e-03
-2.039327e-05 3.331250e-03
+2.913347e-06 2.418240e-03
-6.243834e-06 2.199558e-03
-6.700812e+00 1.362187e+01
+4.251906e+00 1.618937e+01
-2.575034e+00 2.337808e+01
-5.498881e+00 2.745563e+01
-3.539456e-01 2.548547e+01
-1.165799e+00 2.750511e+01
-7.849310e-01 2.948021e+01
-6.149212e+00 3.016855e+01
-3.067218e+00 3.101902e+01
-1.209758e+00 3.082226e+01
-3.820159e-01 2.799591e+01
+2.497021e+00 2.792103e+01
+2.280278e+01 1.490962e+00
+1.852894e-04 5.501285e-01
-2.756118e-04 6.920258e-01
+1.183273e-04 9.794548e-01
-3.695209e-04 1.204791e+00
-4.795275e-04 1.330016e+00
+5.489799e-04 1.493075e+00
+5.484088e-04 1.692665e+00
+1.451031e-04 1.711135e+00
+3.335359e-04 1.827794e+00
-1.785855e-04 1.751899e+00
-7.550858e-04 1.721689e+00
-7.830264e-04 1.592270e+00
-7.987211e-05 3.724347e-02
-1.079043e-06 9.037516e-02
-6.201449e-05 1.216738e-01
+1.807475e-05 1.735033e-01
+5.818028e-05 2.166339e-01
-6.778886e-06 2.476062e-01
-5.856608e-05 2.810410e-01
-3.800769e-05 3.210680e-01
+9.010775e-05 3.280226e-01
-6.255691e-05 3.489021e-01
-1.957634e-04 3.342862e-01
-5.001964e-05 3.306596e-01
+9.026812e-05 3.039134e-01
-1.522558e-05 6.840039e-03
-2.160504e-01 3.441679e+02
+2.817483e-01 2.361694e+02
-1.661020e-01 7.049482e+01
+2.120442e-01 4.550833e+01
+1.090274e-01 3.466101e+01
-3.120326e-01 2.707056e+01
-4.033920e-01 2.419069e+01
+2.705637e-01 2.285308e+01
-6.949189e-02 1.824343e+01
-2.498482e-02 1.661282e+01
-2.225069e-03 2.706892e-02
-4.254768e-04 1.075257e-02
+4.766158e-03 1.433375e-01
-3.668367e-03 8.583568e-02
-1.030545e-03 3.051680e-02
-4.097804e-03 4.904717e-02
-1.653027e-03 4.130773e-02
+4.679580e-04 4.285150e-02
+1.651967e-03 3.125657e-02
+4.487850e-04 2.648745e-02
+1.756975e-05 2.650604e-03
-6.574916e-06 1.013907e-03
+1.599682e-05 9.168580e-03
-1.045532e-05 5.642182e-03
-5.863252e-06 2.081683e-03
+3.315945e-05 3.854993e-03
+2.615297e-05 3.439698e-03
-1.878415e-05 3.332804e-03
+3.363125e-06 2.419221e-03
-6.383746e-06 2.200764e-03
-6.700601e+00 1.362129e+01
+4.251535e+00 1.619136e+01
-2.574821e+00 2.337523e+01
-5.499216e+00 2.745832e+01
-3.544516e-01 2.548308e+01
-1.165173e+00 2.750768e+01
-7.844174e-01 2.948086e+01
-6.149126e+00 3.016845e+01
-3.067025e+00 3.102325e+01
-1.210132e+00 3.081698e+01
-3.828733e-01 2.799715e+01
+2.496269e+00 2.791868e+01
+2.280267e+01 1.491079e+00
+1.929207e-04 5.509826e-01
-2.735426e-04 6.929808e-01
+1.385266e-04 9.804906e-01
-2.546459e-04 1.205954e+00
-4.748964e-04 1.330753e+00
+4.776460e-04 1.494235e+00
+5.265431e-04 1.693849e+00
+2.513943e-04 1.712513e+00
+2.785030e-04 1.829273e+00
-3.933918e-04 1.753184e+00
-8.095757e-04 1.723039e+00
-6.883310e-04 1.593687e+00
-9.173835e-05 3.731710e-02
-2.202023e-06 9.049953e-02
-1.387022e-05 1.218835e-01
+1.987638e-05 1.738112e-01
+7.519820e-05 2.170447e-01
+6.257441e-06 2.480855e-01
-9.638318e-05 2.816290e-01
-3.818739e-05 3.217130e-01
+8.876606e-05 3.287263e-01
-4.998680e-05 3.496644e-01
-1.658098e-04 3.349843e-01
-4.376854e-05 3.313569e-01
+9.800854e-05 3.045898e-01
-5.098830e-06 6.855494e-03
-2.182639e-01 3.442244e+02
+2.813171e-01 2.361433e+02
-1.612884e-01 7.052138e+01
+2.083441e-01 4.553172e+01
+1.079795e-01 3.467302e+01
-3.161000e-01 2.705515e+01
-4.050194e-01 2.419092e+01
+2.710093e-01 2.285688e+01
-6.782676e-02 1.825051e+01
-2.454520e-02 1.662118e+01
-2.210842e-03 2.707442e-02
-4.320599e-04 1.075610e-02
+4.794571e-03 1.433425e-01
-3.686868e-03 8.583891e-02
-1.041778e-03 3.052271e-02
-4.062157e-03 4.905394e-02
-1.621720e-03 4.131668e-02
+4.482331e-04 4.285970e-02
+1.657609e-03 3.125871e-02
+4.408499e-04 2.648934e-02
+1.232748e-05 2.651475e-03
-5.085560e-06 1.014423e-03
+2.452832e-05 9.168944e-03
-1.577774e-05 5.642582e-03
-9.787459e-06 2.082339e-03
+3.075755e-05 3.855477e-03
+2.660766e-05 3.440344e-03
-1.749704e-05 3.333493e-03
+4.626033e-06 2.419575e-03
-6.665870e-06 2.201200e-03
-6.700446e+00 1.362092e+01
+4.251280e+00 1.619300e+01
-2.574772e+00 2.337117e+01
-5.499294e+00 2.746215e+01
-3.547725e-01 2.547850e+01
-1.164812e+00 2.750656e+01
-7.840673e-01 2.948415e+01
-6.148664e+00 3.016843e+01
-3.066475e+00 3.102163e+01
-1.210460e+00 3.081215e+01
-3.838049e-01 2.799599e+01
+2.495482e+00 2.791677e+01
+2.280257e+01 1.491295e+00
+1.887382e-04 5.515767e-01
-2.450774e-04 6.936893e-01
+1.504811e-04 9.812795e-01
-1.854816e-04 1.207105e+00
-4.433000e-04 1.331568e+00
+3.634875e-04 1.495447e+00
+4.749768e-04 1.695148e+00
+3.232787e-04 1.714090e+00
+2.736535e-04 1.830963e+00
-4.903641e-04 1.754541e+00
-8.754327e-04 1.724301e+00
-6.060105e-04 1.595137e+00
-8.895491e-05 3.737330e-02
+1.855663e-07 9.056656e-02
+1.339278e-05 1.219949e-01
+3.028607e-05 1.739805e-01
+5.327564e-05 2.172930e-01
+1.696671e-06 2.483660e-01
-1.266329e-04 2.819864e-01
-3.746685e-05 3.220898e-01
+4.894388e-05 3.291691e-01
-7.467727e-05 3.501101e-01
-1.239243e-04 3.353886e-01
-1.920506e-05 3.317846e-01
+9.719326e-05 3.049887e-01
+5.802356e-06 6.863536e-03
-2.204648e-01 3.442804e+02
+2.808802e-01 2.361173e+02
-1.564773e-01 7.054775e+01
+2.046470e-01 4.555502e+01
+1.069302e-01 3.468503e+01
-3.201330e-01 2.703995e+01
-4.066139e-01 2.419115e+01
+2.714439e-01 2.286079e+01
-6.616793e-02 1.825757e+01
-2.411005e-02 1.662949e+01
-2.203323e-03 2.707198e-02
-4.357203e-04 1.075506e-02
+4.823931e-03 1.433385e-01
-3.705830e-03 8.583540e-02
-1.053732e-03 3.052148e-02
-4.036314e-03 4.905365e-02
-1.597859e-03 4.131727e-02
+4.329134e-04 4.285968e-02
+1.663354e-03 3.125715e-02
+4.344386e-04 2.648715e-02
+8.898184e-06 2.651499e-03
-4.530182e-06 1.014465e-03
+3.280941e-05 9.168822e-03
-2.136067e-05 5.642513e-03
-1.315203e-05 2.082404e-03
+2.885355e-05 3.855546e-03
+2.644219e-05 3.440490e-03
-1.718283e-05 3.333621e-03
+6.825907e-06 2.419580e-03
-7.289871e-06 2.201212e-03
-6.700291e+00 1.362056e+01
+4.251025e+00 1.619463e+01
-2.574723e+00 2.336711e+01
-5.499372e+00 2.746599e+01
-3.550934e-01 2.547392e+01
-1.164450e+00 2.750543e+01
-7.837172e-01 2.948744e+01
-6.148201e+00 3.016841e+01
-3.065925e+00 3.102001e+01
-1.210788e+00 3.080732e+01
-3.847365e-01 2.799483e+01
+2.494695e+00 2.791487e+01
+2.280247e+01 1.491511e+00
+1.845557e-04 5.521708e-01
-2.166123e-04 6.943977e-01
+1.624355e-04 9.820684e-01
-1.163173e-04 1.208256e+00
-4.117036e-04 1.332383e+00
+2.493290e-04 1.496659e+00
+4.234104e-04 1.696446e+00
+3.951631e-04 1.715668e+00
+2.688040e-04 1.832653e+00
-5.873363e-04 1.755897e+00
-9.412896e-04 1.725564e+00
-5.236899e-04 1.596586e+00
-8.617146e-05 3.742949e-02
+2.573155e-06 9.063359e-02
+4.065578e-05 1.221064e-01
+4.069575e-05 1.741499e-01
+3.135308e-05 2.175413e-01
-2.864099e-06 2.486464e-01
-1.568826e-04 2.823438e-01
-3.674630e-05 3.224667e-01
+9.121698e-06 3.296120e-01
-9.936774e-05 3.505557e-01
-8.203886e-05 3.357929e-01
+5.358418e-06 3.322123e-01
+9.637798e-05 3.053876e-01
+1.670354e-05 6.871577e-03
-2.226658e-01 3.443364e+02
+2.804434e-01 2.360913e+02
-1.516661e-01 7.057408e+01
+2.009498e-01 4.557828e+01
+1.058808e-01 3.469704e+01
-3.241659e-01 2.702471e+01
-4.082083e-01 2.419138e+01
+2.718785e-01 2.286470e+01
-6.450909e-02 1.826462e+01
-2.367490e-02 1.663780e+01
-2.195805e-03 2.706954e-02
-4.393807e-04 1.075403e-02
+4.853290e-03 1.433345e-01
-3.724792e-03 8.583189e-02
-1.065687e-03 3.052026e-02
-4.010471e-03 4.905337e-02
-1.573998e-03 4.131785e-02
+4.175937e-04 4.285965e-02
+1.669099e-03 3.125559e-02
+4.280274e-04 2.648495e-02
+5.468886e-06 2.651524e-03
-3.974804e-06 1.014507e-03
+4.109051e-05 9.168699e-03
-2.694359e-05 5.642443e-03
-1.651659e-05 2.082469e-03
+2.694954e-05 3.855616e-03
+2.627673e-05 3.440636e-03
-1.686863e-05 3.333750e-03
+9.025780e-06 2.419586e-03
-7.913872e-06 2.201224e-03
-6.700132e+00 1.362040e+01
+4.250666e+00 1.619415e+01
-2.574684e+00 2.336390e+01
-5.499515e+00 2.746813e+01
-3.553778e-01 2.546756e+01
-1.164370e+00 2.750488e+01
-7.835313e-01 2.949220e+01
-6.147584e+00 3.017063e+01
-3.065578e+00 3.102193e+01
-1.211222e+00 3.080496e+01
-3.858169e-01 2.799712e+01
+2.493875e+00 2.791469e+01
+2.280236e+01 1.491700e+00
+1.969886e-04 5.521845e-01
-1.831989e-04 6.943826e-01
+2.336062e-04 9.818864e-01
-2.534375e-05 1.208349e+00
-3.880060e-04 1.332021e+00
+1.040194e-04 1.496384e+00
+3.801024e-04 1.696240e+00
+4.396729e-04 1.715776e+00
+2.398448e-04 1.832582e+00
-6.874338e-04 1.755696e+00
-1.039918e-03 1.725136e+00
-4.952008e-04 1.596386e+00
-8.479444e-05 3.742994e-02
+6.344939e-06 9.062018e-02
+7.581332e-05 1.220717e-01
+4.233150e-05 1.741144e-01
+8.579898e-06 2.175303e-01
-3.505783e-06 2.485908e-01
-1.748149e-04 2.823113e-01
-3.532080e-05 3.224004e-01
-3.148496e-05 3.296211e-01
-1.320584e-04 3.505176e-01
-3.151009e-05 3.357134e-01
+2.969213e-05 3.322011e-01
+9.259986e-05 3.053800e-01
+2.750194e-05 6.871887e-03
-2.248661e-01 3.443929e+02
+2.800065e-01 2.360654e+02
-1.467935e-01 7.060032e+01
+1.972122e-01 4.560157e+01
+1.048081e-01 3.470924e+01
-3.281812e-01 2.700953e+01
-4.097868e-01 2.419172e+01
+2.722937e-01 2.286870e+01
-6.283396e-02 1.827164e+01
-2.324778e-02 1.664621e+01
-2.188097e-03 2.705523e-02
-4.444673e-04 1.074679e-02
+4.900846e-03 1.433156e-01
-3.756208e-03 8.581688e-02
-1.084351e-03 3.051003e-02
-3.979379e-03 4.904558e-02
-1.544678e-03 4.131100e-02
+3.973635e-04 4.285146e-02
+1.680352e-03 3.124823e-02
+4.187469e-04 2.647594e-02
+2.005714e-06 2.651057e-03
-4.521528e-06 1.014290e-03
+5.038712e-05 9.168263e-03
-3.362699e-05 5.642098e-03
-2.009219e-05 2.082250e-03
+2.537024e-05 3.855433e-03
+2.698390e-05 3.440513e-03
-1.627121e-05 3.333598e-03
+1.203757e-05 2.419398e-03
-9.082763e-06 2.200994e-03
-6.700005e+00 1.362037e+01
+4.250258e+00 1.619436e+01
-2.574528e+00 2.335927e+01
-5.499676e+00 2.746987e+01
-3.557589e-01 2.546081e+01
-1.164329e+00 2.749996e+01
-7.835441e-01 2.949569e+01
-6.147176e+00 3.016991e+01
-3.065225e+00 3.101971e+01
-1.211653e+00 3.080253e+01
-3.865916e-01 2.799956e+01
+2.493245e+00 2.791586e+01
+2.280228e+01 1.491854e+00
+2.220421e-04 5.519807e-01
-1.261112e-04 6.941303e-01
+2.995063e-04 9.815270e-01
+5.937335e-05 1.208293e+00
-3.943215e-04 1.331810e+00
-2.465698e-05 1.496371e+00
+3.625538e-04 1.696329e+00
+4.484226e-04 1.715922e+00
+1.723861e-04 1.832643e+00
-7.354873e-04 1.755875e+00
-1.116376e-03 1.725146e+00
-4.843100e-04 1.596480e+00
-7.942884e-05 3.741509e-02
+7.136172e-06 9.053924e-02
+1.098229e-04 1.219432e-01
+1.958332e-05 1.739523e-01
-1.438839e-05 2.173706e-01
+1.150954e-05 2.483397e-01
-1.714312e-04 2.820292e-01
-3.474667e-05 3.220735e-01
-5.932658e-05 3.293680e-01
-1.669339e-04 3.501404e-01
+2.515044e-05 3.353713e-01
+4.892427e-05 3.318926e-01
+9.153227e-05 3.051264e-01
+3.817065e-05 6.865160e-03
-2.270659e-01 3.444500e+02
+2.795674e-01 2.360393e+02
-1.418598e-01 7.062636e+01
+1.934338e-01 4.562482e+01
+1.037124e-01 3.472154e+01
-3.321790e-01 2.699435e+01
-4.113484e-01 2.419212e+01
+2.726907e-01 2.287272e+01
-6.114164e-02 1.827859e+01
-2.282933e-02 1.665465e+01
-2.180253e-03 2.704057e-02
-4.524862e-04 1.073985e-02
+4.960177e-03 1.432891e-01
-3.796427e-03 8.579712e-02
-1.107039e-03 3.049864e-02
-3.944854e-03 4.903594e-02
-1.510740e-03 4.130283e-02
+3.751724e-04 4.284156e-02
+1.696161e-03 3.124013e-02
+4.068855e-04 2.646664e-02
-1.710642e-06 2.648705e-03
-6.054422e-06 1.013022e-03
+5.758170e-05 9.167051e-03
-3.942579e-05 5.640932e-03
-2.270332e-05 2.080907e-03
+2.326762e-05 3.854393e-03
+2.775507e-05 3.439439e-03
-1.469636e-05 3.332463e-03
+1.498047e-05 2.418459e-03
-1.041011e-05 2.199773e-03
-6.699780e+00 1.361917e+01
+4.249899e+00 1.619533e+01
-2.574135e+00 2.335498e+01
-5.499720e+00 2.746944e+01
-3.561312e-01 2.545066e+01
-1.164424e+00 2.749705e+01
-7.834162e-01 2.949974e+01
-6.146800e+00 3.016675e+01
-3.064996e+00 3.101756e+01
-1.212102e+00 3.080032e+01
-3.876829e-01 2.800093e+01
+2.492251e+00 2.791945e+01
+2.280218e+01 1.492021e+00
+2.477063e-04 5.517960e-01
-4.138791e-05 6.937211e-01
+3.241721e-04 9.810636e-01
+1.429656e-04 1.208181e+00
-3.660350e-04 1.331613e+00
-1.000628e-04 1.496400e+00
+3.356502e-04 1.696411e+00
+4.711300e-04 1.716198e+00
+8.417630e-05 1.832870e+00
-7.663464e-04 1.756072e+00
-1.205067e-03 1.725212e+00
-4.794342e-04 1.596746e+00
-7.657149e-05 3.740209e-02
-5.181152e-06 9.039360e-02
+1.405915e-04 1.217632e-01
-2.126138e-05 1.737076e-01
-5.359848e-05 2.171129e-01
+4.043032e-05 2.480017e-01
-1.643961e-04 2.816175e-01
-4.256620e-05 3.216234e-01
-7.172368e-05 3.289725e-01
-1.696106e-04 3.495775e-01
+8.027324e-05 3.349371e-01
+8.215609e-05 3.314171e-01
+1.147628e-04 3.047060e-01
+4.969559e-05 6.852053e-03
-2.292650e-01 3.445073e+02
+2.791222e-01 2.360131e+02
-1.368656e-01 7.065214e+01
+1.896136e-01 4.564801e+01
+1.025946e-01 3.473390e+01
-3.361592e-01 2.697914e+01
-4.128912e-01 2.419254e+01
+2.730722e-01 2.287672e+01
-5.943037e-02 1.828548e+01
-2.242090e-02 1.666311e+01
-2.172647e-03 2.703341e-02
-4.645494e-04 1.073729e-02
+5.018699e-03 1.432681e-01
-3.837747e-03 8.578227e-02
-1.128770e-03 3.049303e-02
-3.910422e-03 4.903006e-02
-1.474748e-03 4.129866e-02
+3.553778e-04 4.283591e-02
+1.713752e-03 3.123557e-02
+3.935901e-04 2.646199e-02
-6.080113e-06 2.644246e-03
-7.659165e-06 1.010573e-03
+5.964081e-05 9.164805e-03
-4.221032e-05 5.638719e-03
-2.332760e-05 2.078201e-03
+1.984940e-05 3.852344e-03
+2.742602e-05 3.437303e-03
-1.217030e-05 3.330197e-03
+1.660155e-05 2.416625e-03
-1.128795e-05 2.197380e-03
-6.699538e+00 1.361830e+01
+4.249582e+00 1.619480e+01
-2.573892e+00 2.335182e+01
-5.499886e+00 2.746848e+01
-3.566396e-01 2.544023e+01
-1.164508e+00 2.749313e+01
-7.833119e-01 2.950436e+01
-6.146510e+00 3.016260e+01
-3.064998e+00 3.101437e+01
-1.212335e+00 3.079926e+01
-3.885795e-01 2.800146e+01
+2.491335e+00 2.792252e+01
+2.280210e+01 1.492219e+00
+2.664701e-04 5.515716e-01
+2.625175e-05 6.933055e-01
+2.771436e-04 9.806406e-01
+2.370493e-04 1.208208e+00
-2.807138e-04 1.331475e+00
-1.110992e-04 1.496323e+00
+3.132965e-04 1.696473e+00
+5.369964e-04 1.716413e+00
-1.663753e-05 1.832690e+00
-7.767064e-04 1.756259e+00
-1.329536e-03 1.725122e+00
-4.849140e-04 1.597013e+00
-7.381164e-05 3.738527e-02
-2.614836e-05 9.022925e-02
+1.676928e-04 1.215710e-01
-4.942471e-05 1.734257e-01
-9.873131e-05 2.168314e-01
+7.509263e-05 2.476808e-01
-1.784859e-04 2.812264e-01
-4.636335e-05 3.211875e-01
-7.668849e-05 3.285766e-01
-1.302089e-04 3.490716e-01
+1.252258e-04 3.345560e-01
+1.242135e-04 3.309846e-01
+1.500077e-04 3.043044e-01
+6.065811e-05 6.838540e-03
-2.314635e-01 3.445649e+02
+2.786654e-01 2.359865e+02
-1.318121e-01 7.067758e+01
+1.857500e-01 4.567119e+01
+1.014560e-01 3.474626e+01
-3.401222e-01 2.696386e+01
-4.144123e-01 2.419296e+01
+2.734419e-01 2.288064e+01
-5.769764e-02 1.829233e+01
-2.202437e-02 1.667159e+01
-2.166093e-03 2.701900e-02
-4.802343e-04 1.073079e-02
+5.076213e-03 1.432448e-01
-3.880321e-03 8.576481e-02
-1.149513e-03 3.048392e-02
-3.875936e-03 4.902093e-02
-1.436733e-03 4.129080e-02
+3.368168e-04 4.282637e-02
+1.732861e-03 3.122839e-02
+3.787848e-04 2.645393e-02
-1.146939e-05 2.641193e-03
-8.095399e-06 1.008914e-03
+5.913745e-05 9.162978e-03
-4.342853e-05 5.637012e-03
-2.312545e-05 2.076261e-03
+1.593469e-05 3.850856e-03
+2.613026e-05 3.435861e-03
-1.072252e-05 3.328632e-03
+1.697033e-05 2.415302e-03
-1.174142e-05 2.195689e-03
