-5.406887e+00 9.389798e+00
+4.464915e+00 1.273901e+01
-1.633370e+00 1.905412e+01
-8.169108e+00 1.868146e+01
+7.966989e-01 1.739244e+01
-2.507764e+00 2.167150e+01
-2.136136e+00 2.467121e+01
-4.386968e+00 2.194440e+01
-1.907125e+00 2.737666e+01
+4.903474e-01 2.383047e+01
-1.421147e-01 2.502834e+01
+1.826381e+00 2.781808e+01
+2.288450e+01 1.018253e+00
-2.460685e-04 5.139389e-01
-4.043981e-04 5.610939e-01
-2.196840e-04 9.424297e-01
+7.799089e-04 1.048224e+00
+9.226185e-04 1.164429e+00
-2.505101e-04 1.440350e+00
+6.141838e-04 1.612667e+00
+3.439604e-04 1.580041e+00
+8.591438e-05 1.813446e+00
+4.260190e-04 1.694884e+00
+4.881078e-04 1.696865e+00
-5.674215e-06 1.638620e+00
+4.135017e-05 3.495230e-02
-5.692728e-05 8.712340e-02
-5.403221e-05 9.567307e-02
-5.706394e-05 1.633288e-01
-3.584338e-05 1.910822e-01
-3.311524e-05 2.216537e-01
+1.671305e-04 2.766809e-01
-8.280407e-05 3.056771e-01
-9.568278e-05 3.084547e-01
+6.052091e-06 3.494586e-01
-1.708506e-05 3.259825e-01
-1.943488e-04 3.239170e-01
+1.413604e-04 3.196534e-01
-2.538612e-05 7.185384e-03
-2.092769e-01 3.439957e+02
+2.829828e-01 2.362485e+02
-1.805621e-01 7.041409e+01
+2.231531e-01 4.543739e+01
+1.121851e-01 3.462519e+01
-2.996337e-01 2.711752e+01
-3.983597e-01 2.419030e+01
+2.691382e-01 2.284203e+01
-7.448914e-02 1.822201e+01
-2.633516e-02 1.658777e+01
-2.303396e-03 2.704348e-02
-3.872409e-04 1.073676e-02
+4.686655e-03 1.433054e-01
-3.608649e-03 8.581089e-02
-1.006417e-03 3.048764e-02
-4.222186e-03 4.901423e-02
-1.743738e-03 4.126448e-02
+5.478944e-04 4.280784e-02
+1.619559e-03 3.124385e-02
+4.799552e-04 2.647469e-02
+2.649414e-05 2.643010e-03
-9.760124e-06 1.009583e-03
-1.155645e-05 9.165225e-03
+3.936043e-06 5.638856e-03
+4.333728e-06 2.076730e-03
+3.200324e-05 3.851642e-03
+1.807519e-05 3.435433e-03
-2.111433e-05 3.328284e-03
+8.519317e-08 2.416339e-03
-4.956703e-06 2.197127e-03
-5.407099e+00 9.389033e+00
+4.464416e+00 1.273883e+01
-1.633780e+00 1.905425e+01
-8.168670e+00 1.868359e+01
+7.971091e-01 1.739348e+01
-2.507773e+00 2.167005e+01
-2.135808e+00 2.467434e+01
-4.386828e+00 2.194308e+01
-1.906867e+00 2.737489e+01
+4.907890e-01 2.383059e+01
-1.420000e-01 2.502415e+01
+1.826322e+00 2.781928e+01
+2.288451e+01 1.018254e+00
-3.095887e-04 5.147926e-01
-4.084913e-04 5.617061e-01
-2.704345e-04 9.434677e-01
+6.902173e-04 1.048937e+00
+8.702806e-04 1.165220e+00
-1.859289e-04 1.441503e+00
+6.455989e-04 1.613571e+00
+3.231999e-04 1.580986e+00
+1.500089e-04 1.814806e+00
+4.549564e-04 1.695845e+00
+3.967169e-04 1.698027e+00
+1.273697e-04 1.639989e+00
+2.488656e-05 3.499959e-02
-4.364259e-05 8.734700e-02
-4.200726e-05 9.589694e-02
-3.663293e-05 1.637643e-01
-5.165190e-05 1.915570e-01
-2.575361e-05 2.222177e-01
+1.587790e-04 2.774255e-01
-6.415513e-05 3.065143e-01
-8.508554e-05 3.092685e-01
-2.088194e-05 3.503857e-01
-5.620235e-06 3.268585e-01
-1.257907e-04 3.247326e-01
+1.445086e-04 3.204594e-01
-2.715518e-05 7.207485e-03
-2.115639e-01 3.440533e+02
+2.825847e-01 2.362219e+02
-1.757382e-01 7.044114e+01
+2.194501e-01 4.546115e+01
+1.111275e-01 3.463703e+01
-3.037986e-01 2.710176e+01
-4.000563e-01 2.419029e+01
+2.696313e-01 2.284568e+01
-7.282787e-02 1.822916e+01
-2.587863e-02 1.659604e+01
-2.273844e-03 2.705695e-02
-4.024441e-04 1.074480e-02
+4.711958e-03 1.433183e-01
-3.629671e-03 8.582195e-02
-1.013356e-03 3.050052e-02
-4.180768e-03 4.902708e-02
-1.716238e-03 4.128133e-02
+5.187071e-04 4.282589e-02
+1.633038e-03 3.125023e-02
+4.685831e-04 2.648156e-02
+2.651508e-05 2.644932e-03
-9.800734e-06 1.010686e-03
-1.905812e-06 9.166090e-03
-8.610914e-07 5.639685e-03
+1.970784e-06 2.077953e-03
+3.365997e-05 3.852519e-03
+2.057237e-05 3.436578e-03
-2.122435e-05 3.329431e-03
+2.315933e-06 2.417039e-03
-5.827449e-06 2.198063e-03
-5.407474e+00 9.388942e+00
+4.464046e+00 1.273928e+01
-1.634158e+00 1.905358e+01
-8.168148e+00 1.868453e+01
+7.976732e-01 1.739490e+01
-2.507808e+00 2.166896e+01
-2.135332e+00 2.467745e+01
-4.386838e+00 2.194149e+01
-1.906574e+00 2.737486e+01
+4.914173e-01 2.382632e+01
-1.419892e-01 2.501814e+01
+1.826473e+00 2.782223e+01
+2.288448e+01 1.018219e+00
-3.381123e-04 5.155517e-01
-4.365582e-04 5.623086e-01
-2.979039e-04 9.445067e-01
+5.639820e-04 1.049600e+00
+7.678272e-04 1.166110e+00
-1.114245e-04 1.442491e+00
+6.634677e-04 1.614499e+00
+2.751834e-04 1.581853e+00
+1.408213e-04 1.816352e+00
+4.689045e-04 1.696859e+00
+3.762400e-04 1.699233e+00
+2.329996e-04 1.641427e+00
-3.496189e-06 3.504422e-02
-1.971157e-05 8.758391e-02
-2.738803e-05 9.612932e-02
-3.120664e-05 1.641930e-01
-5.166479e-05 1.920270e-01
-2.635135e-05 2.227742e-01
+1.379768e-04 2.781918e-01
-7.685907e-05 3.073355e-01
-8.145917e-05 3.100743e-01
-3.571960e-05 3.512959e-01
-1.509747e-05 3.276899e-01
-6.781172e-05 3.255490e-01
+8.845035e-05 3.212436e-01
-2.768447e-05 7.229839e-03
-2.138196e-01 3.441107e+02
+2.821719e-01 2.361956e+02
-1.709184e-01 7.046806e+01
+2.157466e-01 4.548481e+01
+1.100757e-01 3.464899e+01
-3.079317e-01 2.708610e+01
-4.017355e-01 2.419045e+01
+2.701053e-01 2.284936e+01
-7.116049e-02 1.823630e+01
-2.542907e-02 1.660441e+01
-2.246800e-03 2.706289e-02
-4.154293e-04 1.074864e-02
+4.738661e-03 1.433276e-01
-3.649605e-03 8.582907e-02
-1.020964e-03 3.050867e-02
-4.139571e-03 4.903698e-02
-1.686799e-03 4.129448e-02
+4.919728e-04 4.283905e-02
+1.644352e-03 3.125350e-02
+4.581991e-04 2.648470e-02
+2.317411e-05 2.648093e-03
-8.509395e-06 1.012477e-03
+7.200438e-06 9.167477e-03
-5.513849e-06 5.641051e-03
-1.679929e-06 2.079995e-03
+3.456811e-05 3.853865e-03
+2.413271e-05 3.438281e-03
-2.039327e-05 3.331250e-03
+2.913347e-06 2.418240e-03
-6.243834e-06 2.199558e-03
-5.407801e+00 9.388728e+00
+4.463625e+00 1.273970e+01
-1.634442e+00 1.905307e+01
-8.167767e+00 1.868337e+01
+7.983831e-01 1.739451e+01
-2.507797e+00 2.166602e+01
-2.134618e+00 2.467828e+01
-4.386441e+00 2.194032e+01
-1.906420e+00 2.737779e+01
+4.919063e-01 2.382412e+01
-1.417101e-01 2.501599e+01
+1.826893e+00 2.782476e+01
+2.288443e+01 1.018212e+00
-3.525901e-04 5.162405e-01
-4.368062e-04 5.629121e-01
-3.364082e-04 9.455610e-01
+4.651973e-04 1.050452e+00
+6.975439e-04 1.167084e+00
-6.096640e-05 1.443360e+00
+6.154826e-04 1.615757e+00
+2.102140e-04 1.582890e+00
+9.057203e-05 1.817705e+00
+4.774112e-04 1.697831e+00
+3.606179e-04 1.700433e+00
+2.669190e-04 1.642769e+00
-3.322079e-05 3.509006e-02
-5.014775e-06 8.781112e-02
-6.987045e-06 9.636488e-02
-4.385705e-05 1.646118e-01
-2.845598e-05 1.924634e-01
-3.894649e-05 2.233355e-01
+9.846047e-05 2.789650e-01
-1.175967e-04 3.080872e-01
-9.650088e-05 3.108791e-01
-3.082284e-05 3.522428e-01
-3.749598e-05 3.285527e-01
-5.067782e-05 3.264207e-01
-5.208542e-06 3.220670e-01
-2.504278e-05 7.251565e-03
-2.160504e-01 3.441679e+02
+2.817483e-01 2.361694e+02
-1.661020e-01 7.049482e+01
+2.120442e-01 4.550833e+01
+1.090274e-01 3.466101e+01
-3.120326e-01 2.707056e+01
-4.033920e-01 2.419069e+01
+2.705637e-01 2.285308e+01
-6.949189e-02 1.824343e+01
-2.498482e-02 1.661282e+01
-2.225069e-03 2.706892e-02
-4.254768e-04 1.075257e-02
+4.766158e-03 1.433375e-01
-3.668367e-03 8.583568e-02
-1.030545e-03 3.051680e-02
-4.097804e-03 4.904717e-02
-1.653027e-03 4.130773e-02
+4.679580e-04 4.285150e-02
+1.651967e-03 3.125657e-02
+4.487850e-04 2.648745e-02
+1.756975e-05 2.650604e-03
-6.574916e-06 1.013907e-03
+1.599682e-05 9.168580e-03
-1.045532e-05 5.642182e-03
-5.863252e-06 2.081683e-03
+3.315945e-05 3.854993e-03
+2.615297e-05 3.439698e-03
-1.878415e-05 3.332804e-03
+3.363125e-06 2.419221e-03
-6.383746e-06 2.200764e-03
-5.408102e+00 9.388275e+00
+4.463089e+00 1.274043e+01
-1.634785e+00 1.905164e+01
-8.167525e+00 1.868043e+01
+7.988070e-01 1.739533e+01
-2.507730e+00 2.166348e+01
-2.134127e+00 2.467948e+01
-4.386261e+00 2.193700e+01
-1.906443e+00 2.737903e+01
+4.923792e-01 2.382149e+01
-1.413124e-01 2.501433e+01
+1.827220e+00 2.782944e+01
+2.288436e+01 1.018216e+00
-3.434996e-04 5.169715e-01
-4.290825e-04 5.636049e-01
-4.009016e-04 9.465530e-01
+4.416373e-04 1.051324e+00
+6.357098e-04 1.167992e+00
-1.950366e-05 1.444423e+00
+4.750970e-04 1.616971e+00
+1.327207e-04 1.583751e+00
+8.284582e-05 1.818864e+00
+4.155314e-04 1.698777e+00
+3.465260e-04 1.701399e+00
+1.708628e-04 1.644073e+00
-5.197860e-05 3.513161e-02
+2.275560e-06 8.796627e-02
+1.850889e-05 9.654906e-02
-5.626270e-05 1.649269e-01
+7.840356e-06 1.928203e-01
-3.590528e-05 2.238061e-01
+5.701150e-05 2.795613e-01
-1.454188e-04 3.087304e-01
-9.836885e-05 3.115670e-01
+4.217990e-06 3.530810e-01
-5.449851e-05 3.293056e-01
-5.571561e-05 3.271758e-01
-8.607617e-05 3.228009e-01
-1.827274e-05 7.268856e-03
-2.182639e-01 3.442244e+02
+2.813171e-01 2.361433e+02
-1.612884e-01 7.052138e+01
+2.083441e-01 4.553172e+01
+1.079795e-01 3.467302e+01
-3.161000e-01 2.705515e+01
-4.050194e-01 2.419092e+01
+2.710093e-01 2.285688e+01
-6.782676e-02 1.825051e+01
-2.454520e-02 1.662118e+01
-2.210842e-03 2.707442e-02
-4.320599e-04 1.075610e-02
+4.794571e-03 1.433425e-01
-3.686868e-03 8.583891e-02
-1.041778e-03 3.052271e-02
-4.062157e-03 4.905394e-02
-1.621720e-03 4.131668e-02
+4.482331e-04 4.285970e-02
+1.657609e-03 3.125871e-02
+4.408499e-04 2.648934e-02
+1.232748e-05 2.651475e-03
-5.085560e-06 1.014423e-03
+2.452832e-05 9.168944e-03
-1.577774e-05 5.642582e-03
-9.787459e-06 2.082339e-03
+3.075755e-05 3.855477e-03
+2.660766e-05 3.440344e-03
-1.749704e-05 3.333493e-03
+4.626033e-06 2.419575e-03
-6.665870e-06 2.201200e-03
-5.408488e+00 9.388448e+00
+4.462693e+00 1.274108e+01
-1.635316e+00 1.905043e+01
-8.167107e+00 1.867896e+01
+7.993244e-01 1.739643e+01
-2.507780e+00 2.166078e+01
-2.133733e+00 2.468318e+01
-4.386387e+00 2.193729e+01
-1.906390e+00 2.737826e+01
+4.928597e-01 2.381781e+01
-1.410517e-01 2.501111e+01
+1.827278e+00 2.783351e+01
+2.288429e+01 1.018162e+00
-3.445493e-04 5.175261e-01
-3.920887e-04 5.642493e-01
-4.742288e-04 9.473968e-01
+4.902591e-04 1.052119e+00
+5.955465e-04 1.168974e+00
+8.298166e-06 1.445416e+00
+2.946644e-04 1.618204e+00
+9.862029e-06 1.584803e+00
+1.349259e-04 1.820335e+00
+3.592529e-04 1.699998e+00
+2.775625e-04 1.702844e+00
+1.332603e-05 1.645739e+00
-6.416892e-05 3.517043e-02
+5.405645e-06 8.804386e-02
+3.772140e-05 9.665404e-02
-6.152201e-05 1.651105e-01
+3.177694e-05 1.930495e-01
-3.681142e-05 2.241032e-01
+2.077806e-05 2.799065e-01
-1.470171e-04 3.091534e-01
-9.031193e-05 3.120116e-01
+4.591926e-05 3.535897e-01
-6.272715e-05 3.297704e-01
-6.288546e-05 3.276554e-01
-1.364614e-04 3.232511e-01
-1.185421e-05 7.279229e-03
-2.204648e-01 3.442804e+02
+2.808802e-01 2.361173e+02
-1.564773e-01 7.054775e+01
+2.046470e-01 4.555502e+01
+1.069302e-01 3.468503e+01
-3.201330e-01 2.703995e+01
-4.066139e-01 2.419115e+01
+2.714439e-01 2.286079e+01
-6.616793e-02 1.825757e+01
-2.411005e-02 1.662949e+01
-2.203323e-03 2.707198e-02
-4.357203e-04 1.075506e-02
+4.823931e-03 1.433385e-01
-3.705830e-03 8.583540e-02
-1.053732e-03 3.052148e-02
-4.036314e-03 4.905365e-02
-1.597859e-03 4.131727e-02
+4.329134e-04 4.285968e-02
+1.663354e-03 3.125715e-02
+4.344386e-04 2.648715e-02
+8.898184e-06 2.651499e-03
-4.530182e-06 1.014465e-03
+3.280941e-05 9.168822e-03
-2.136067e-05 5.642513e-03
-1.315203e-05 2.082404e-03
+2.885355e-05 3.855546e-03
+2.644219e-05 3.440490e-03
-1.718283e-05 3.333621e-03
+6.825907e-06 2.419580e-03
-7.289871e-06 2.201212e-03
-5.408873e+00 9.388621e+00
+4.462297e+00 1.274172e+01
-1.635847e+00 1.904923e+01
-8.166690e+00 1.867750e+01
+7.998419e-01 1.739754e+01
-2.507830e+00 2.165808e+01
-2.133338e+00 2.468687e+01
-4.386514e+00 2.193758e+01
-1.906336e+00 2.737748e+01
+4.933401e-01 2.381414e+01
-1.407911e-01 2.500790e+01
+1.827337e+00 2.783758e+01
+2.288423e+01 1.018108e+00
-3.455990e-04 5.180808e-01
-3.550949e-04 5.648937e-01
-5.475560e-04 9.482405e-01
+5.388808e-04 1.052913e+00
+5.553833e-04 1.169956e+00
+3.609999e-05 1.446409e+00
+1.142318e-04 1.619437e+00
-1.129966e-04 1.585855e+00
+1.870059e-04 1.821806e+00
+3.029745e-04 1.701219e+00
+2.085989e-04 1.704289e+00
-1.442108e-04 1.647404e+00
-7.635924e-05 3.520925e-02
+8.535730e-06 8.812145e-02
+5.693392e-05 9.675903e-02
-6.678132e-05 1.652941e-01
+5.571353e-05 1.932787e-01
-3.771756e-05 2.244004e-01
-1.545538e-05 2.802518e-01
-1.486154e-04 3.095764e-01
-8.225500e-05 3.124562e-01
+8.762054e-05 3.540984e-01
-7.095579e-05 3.302351e-01
-7.005532e-05 3.281350e-01
-1.868466e-04 3.237014e-01
-5.435683e-06 7.289601e-03
-2.226658e-01 3.443364e+02
+2.804434e-01 2.360913e+02
-1.516661e-01 7.057408e+01
+2.009498e-01 4.557828e+01
+1.058808e-01 3.469704e+01
-3.241659e-01 2.702471e+01
-4.082083e-01 2.419138e+01
+2.718785e-01 2.286470e+01
-6.450909e-02 1.826462e+01
-2.367490e-02 1.663780e+01
-2.195805e-03 2.706954e-02
-4.393807e-04 1.075403e-02
+4.853290e-03 1.433345e-01
-3.724792e-03 8.583189e-02
-1.065687e-03 3.052026e-02
-4.010471e-03 4.905337e-02
-1.573998e-03 4.131785e-02
+4.175937e-04 4.285965e-02
+1.669099e-03 3.125559e-02
+4.280274e-04 2.648495e-02
+5.468886e-06 2.651524e-03
-3.974804e-06 1.014507e-03
+4.109051e-05 9.168699e-03
-2.694359e-05 5.642443e-03
-1.651659e-05 2.082469e-03
+2.694954e-05 3.855616e-03
+2.627673e-05 3.440636e-03
-1.686863e-05 3.333750e-03
+9.025780e-06 2.419586e-03
-7.913872e-06 2.201224e-03
-5.409191e+00 9.389260e+00
+4.461876e+00 1.274269e+01
-1.636389e+00 1.904915e+01
-8.166487e+00 1.867641e+01
+8.002878e-01 1.739742e+01
-2.507731e+00 2.165756e+01
-2.133171e+00 2.469278e+01
-4.386626e+00 2.193870e+01
-1.906151e+00 2.737417e+01
+4.938187e-01 2.380809e+01
-1.408490e-01 2.500862e+01
+1.827328e+00 2.783918e+01
+2.288416e+01 1.017960e+00
-3.496554e-04 5.180502e-01
-2.871315e-04 5.649864e-01
-6.292021e-04 9.481068e-01
+5.591393e-04 1.052882e+00
+4.703605e-04 1.170076e+00
+2.745391e-05 1.446114e+00
-3.449165e-05 1.619108e+00
-2.505345e-04 1.585550e+00
+2.005777e-04 1.821647e+00
+2.038807e-04 1.700736e+00
+1.403569e-04 1.704233e+00
-3.364196e-04 1.647514e+00
-9.222146e-05 3.520200e-02
+9.820448e-06 8.810540e-02
+7.673109e-05 9.674564e-02
-6.716734e-05 1.652792e-01
+9.081697e-05 1.932606e-01
-4.343142e-05 2.243765e-01
-7.752066e-05 2.802010e-01
-1.478483e-04 3.095690e-01
-5.432292e-05 3.124600e-01
+1.456045e-04 3.540803e-01
-6.329272e-05 3.302176e-01
-4.785574e-05 3.281530e-01
-2.416096e-04 3.237169e-01
+4.118487e-06 7.289870e-03
-2.248661e-01 3.443929e+02
+2.800065e-01 2.360654e+02
-1.467935e-01 7.060032e+01
+1.972122e-01 4.560157e+01
+1.048081e-01 3.470924e+01
-3.281812e-01 2.700953e+01
-4.097868e-01 2.419172e+01
+2.722937e-01 2.286870e+01
-6.283396e-02 1.827164e+01
-2.324778e-02 1.664621e+01
-2.188097e-03 2.705523e-02
-4.444673e-04 1.074679e-02
+4.900846e-03 1.433156e-01
-3.756208e-03 8.581688e-02
-1.084351e-03 3.051003e-02
-3.979379e-03 4.904558e-02
-1.544678e-03 4.131100e-02
+3.973635e-04 4.285146e-02
+1.680352e-03 3.124823e-02
+4.187469e-04 2.647594e-02
+2.005714e-06 2.651057e-03
-4.521528e-06 1.014290e-03
+5.038712e-05 9.168263e-03
-3.362699e-05 5.642098e-03
-2.009219e-05 2.082250e-03
+2.537024e-05 3.855433e-03
+2.698390e-05 3.440513e-03
-1.627121e-05 3.333598e-03
+1.203757e-05 2.419398e-03
-9.082763e-06 2.200994e-03
-5.409546e+00 9.389913e+00
+4.461471e+00 1.274485e+01
-1.637004e+00 1.904830e+01
-8.166295e+00 1.867640e+01
+8.004525e-01 1.739635e+01
-2.507613e+00 2.165643e+01
-2.132977e+00 2.469648e+01
-4.386914e+00 2.194104e+01
-1.906053e+00 2.737128e+01
+4.943814e-01 2.380181e+01
-1.408465e-01 2.500343e+01
+1.827384e+00 2.784038e+01
+2.288404e+01 1.017792e+00
-3.569953e-04 5.178294e-01
-2.225999e-04 5.649378e-01
-7.205332e-04 9.478394e-01
+5.483357e-04 1.052926e+00
+3.571671e-04 1.170329e+00
-7.080171e-05 1.446148e+00
-1.434923e-04 1.619065e+00
-3.244256e-04 1.585657e+00
+3.076795e-04 1.821871e+00
+1.801471e-04 1.700686e+00
+1.310822e-04 1.704496e+00
-5.534911e-04 1.647546e+00
-9.845316e-05 3.520057e-02
+7.573032e-06 8.801518e-02
+9.839720e-05 9.665808e-02
-6.041496e-05 1.651277e-01
+1.352049e-04 1.930839e-01
-3.936265e-05 2.241682e-01
-1.409774e-04 2.798950e-01
-1.662590e-04 3.093284e-01
-2.159468e-05 3.122246e-01
+2.121318e-04 3.537601e-01
-5.813962e-05 3.299046e-01
-2.453715e-05 3.279063e-01
-2.892816e-04 3.234912e-01
+1.675488e-05 7.282035e-03
-2.270659e-01 3.444500e+02
+2.795674e-01 2.360393e+02
-1.418598e-01 7.062636e+01
+1.934338e-01 4.562482e+01
+1.037124e-01 3.472154e+01
-3.321790e-01 2.699435e+01
-4.113484e-01 2.419212e+01
+2.726907e-01 2.287272e+01
-6.114164e-02 1.827859e+01
-2.282933e-02 1.665465e+01
-2.180253e-03 2.704057e-02
-4.524862e-04 1.073985e-02
+4.960177e-03 1.432891e-01
-3.796427e-03 8.579712e-02
-1.107039e-03 3.049864e-02
-3.944854e-03 4.903594e-02
-1.510740e-03 4.130283e-02
+3.751724e-04 4.284156e-02
+1.696161e-03 3.124013e-02
+4.068855e-04 2.646664e-02
-1.710642e-06 2.648705e-03
-6.054422e-06 1.013022e-03
+5.758170e-05 9.167051e-03
-3.942579e-05 5.640932e-03
-2.270332e-05 2.080907e-03
+2.326762e-05 3.854393e-03
+2.775507e-05 3.439439e-03
-1.469636e-05 3.332463e-03
+1.498047e-05 2.418459e-03
-1.041011e-05 2.199773e-03
-5.409898e+00 9.390944e+00
+4.461213e+00 1.274700e+01
-1.637623e+00 1.904595e+01
-8.166240e+00 1.867506e+01
+8.005335e-01 1.739663e+01
-2.507686e+00 2.165549e+01
-2.132637e+00 2.469946e+01
-4.387187e+00 2.194077e+01
-1.906104e+00 2.737003e+01
+4.946880e-01 2.379609e+01
-1.408706e-01 2.500290e+01
+1.827234e+00 2.784240e+01
+2.288393e+01 1.017628e+00
-3.719203e-04 5.175893e-01
-1.534291e-04 5.648264e-01
-7.826554e-04 9.475863e-01
+6.088974e-04 1.052913e+00
+2.340204e-04 1.170317e+00
-2.534118e-04 1.446309e+00
-2.605273e-04 1.619159e+00
-3.307643e-04 1.585901e+00
+4.494299e-04 1.821986e+00
+1.981920e-04 1.700874e+00
+2.391710e-04 1.704863e+00
-7.800204e-04 1.647377e+00
-9.382192e-05 3.520414e-02
-3.509823e-06 8.786648e-02
+1.197279e-04 9.652588e-02
-5.752766e-05 1.648824e-01
+1.957891e-04 1.928331e-01
-1.109204e-05 2.239017e-01
-1.677095e-04 2.794883e-01
-2.136577e-04 3.089561e-01
-2.086754e-05 3.118811e-01
+2.711710e-04 3.533165e-01
-7.192667e-05 3.294468e-01
-1.526162e-05 3.275101e-01
-3.194181e-04 3.231040e-01
+3.016039e-05 7.269204e-03
-2.292650e-01 3.445073e+02
+2.791222e-01 2.360131e+02
-1.368656e-01 7.065214e+01
+1.896136e-01 4.564801e+01
+1.025946e-01 3.473390e+01
-3.361592e-01 2.697914e+01
-4.128912e-01 2.419254e+01
+2.730722e-01 2.287672e+01
-5.943037e-02 1.828548e+01
-2.242090e-02 1.666311e+01
-2.172647e-03 2.703341e-02
-4.645494e-04 1.073729e-02
+5.018699e-03 1.432681e-01
-3.837747e-03 8.578227e-02
-1.128770e-03 3.049303e-02
-3.910422e-03 4.903006e-02
-1.474748e-03 4.129866e-02
+3.553778e-04 4.283591e-02
+1.713752e-03 3.123557e-02
+3.935901e-04 2.646199e-02
-6.080113e-06 2.644246e-03
-7.659165e-06 1.010573e-03
+5.964081e-05 9.164805e-03
-4.221032e-05 5.638719e-03
-2.332760e-05 2.078201e-03
+1.984940e-05 3.852344e-03
+2.742602e-05 3.437303e-03
-1.217030e-05 3.330197e-03
+1.660155e-05 2.416625e-03
-1.128795e-05 2.197380e-03
-5.410234e+00 9.392163e+00
+4.460852e+00 1.274831e+01
-1.638294e+00 1.904566e+01
-8.166379e+00 1.867362e+01
+8.004797e-01 1.739643e+01
-2.508038e+00 2.165346e+01
-2.132286e+00 2.470213e+01
-4.387142e+00 2.194104e+01
-1.905546e+00 2.737166e+01
+4.954985e-01 2.379293e+01
-1.407459e-01 2.499839e+01
+1.827029e+00 2.784045e+01
+2.288385e+01 1.017413e+00
-4.022168e-04 5.173115e-01
-6.174840e-05 5.647392e-01
-8.278495e-04 9.473241e-01
+6.660173e-04 1.052809e+00
+1.423338e-04 1.170233e+00
-4.190260e-04 1.446380e+00
-4.535792e-04 1.619433e+00
-3.542380e-04 1.586164e+00
+5.973185e-04 1.822011e+00
+1.613901e-04 1.700965e+00
+2.945339e-04 1.705041e+00
-9.837015e-04 1.647388e+00
-8.104698e-05 3.519785e-02
-2.568007e-05 8.770093e-02
+1.561727e-04 9.638169e-02
-5.959409e-05 1.646295e-01
+2.550131e-04 1.925996e-01
+4.740911e-05 2.236617e-01
-1.475222e-04 2.791137e-01
-2.637294e-04 3.085910e-01
-8.939864e-05 3.115786e-01
+2.736053e-04 3.529109e-01
-1.391744e-04 3.290828e-01
-3.697857e-05 3.271042e-01
-3.405687e-04 3.226535e-01
+3.843087e-05 7.258349e-03
-2.314635e-01 3.445649e+02
+2.786654e-01 2.359865e+02
-1.318121e-01 7.067758e+01
+1.857500e-01 4.567119e+01
+1.014560e-01 3.474626e+01
-3.401222e-01 2.696386e+01
-4.144123e-01 2.419296e+01
+2.734419e-01 2.288064e+01
-5.769764e-02 1.829233e+01
-2.202437e-02 1.667159e+01
-2.166093e-03 2.701900e-02
-4.802343e-04 1.073079e-02
+5.076213e-03 1.432448e-01
-3.880321e-03 8.576481e-02
-1.149513e-03 3.048392e-02
-3.875936e-03 4.902093e-02
-1.436733e-03 4.129080e-02
+3.368168e-04 4.282637e-02
+1.732861e-03 3.122839e-02
+3.787848e-04 2.645393e-02
-1.146939e-05 2.641193e-03
-8.095399e-06 1.008914e-03
+5.913745e-05 9.162978e-03
-4.342853e-05 5.637012e-03
-2.312545e-05 2.076261e-03
+1.593469e-05 3.850856e-03
+2.613026e-05 3.435861e-03
-1.072252e-05 3.328632e-03
+1.697033e-05 2.415302e-03
-1.174142e-05 2.195689e-03
