-4.842318e+00 1.482511e+01
+4.704686e+00 1.592489e+01
-1.034273e+00 2.509259e+01
-7.271242e+00 2.690846e+01
+7.129282e-01 2.121012e+01
-2.219875e+00 2.403047e+01
-1.947908e+00 2.674785e+01
-3.885852e+00 2.472163e+01
-1.886961e+00 2.848628e+01
+4.268388e-01 2.549771e+01
-1.352740e-01 2.606091e+01
+1.650156e+00 2.794618e+01
+2.113377e+01 1.727296e+00
-2.660729e-04 6.650151e-01
-4.404874e-04 6.852311e-01
-2.444870e-04 1.135169e+00
+7.962009e-04 1.337821e+00
+8.630674e-04 1.369904e+00
-3.195255e-04 1.539503e+00
+5.310143e-04 1.730624e+00
+2.791054e-04 1.704539e+00
-1.962122e-05 1.890195e+00
+3.107531e-04 1.763783e+00
+4.488851e-04 1.756386e+00
-4.160040e-05 1.666289e+00
+3.888927e-05 3.933584e-02
-5.245917e-05 1.052016e-01
-4.196223e-05 1.131879e-01
-5.900850e-05 1.886299e-01
-5.183446e-05 2.299582e-01
-2.603190e-05 2.511936e-01
+1.703464e-04 2.896368e-01
-9.658927e-05 3.240157e-01
-1.236147e-04 3.264502e-01
+6.368321e-06 3.597259e-01
-9.231417e-06 3.353434e-01
-1.810541e-04 3.325769e-01
+1.481872e-04 3.210677e-01
-2.293135e-05 7.325605e-03
-2.092769e-01 3.439957e+02
+2.829828e-01 2.362485e+02
-1.805621e-01 7.041409e+01
+2.231531e-01 4.543739e+01
+1.121851e-01 3.462519e+01
-2.996337e-01 2.711752e+01
-3.983597e-01 2.419030e+01
+2.691382e-01 2.284203e+01
-7.448914e-02 1.822201e+01
-2.633516e-02 1.658777e+01
-2.303396e-03 2.704348e-02
-3.872409e-04 1.073676e-02
+4.686655e-03 1.433054e-01
-3.608649e-03 8.581089e-02
-1.006417e-03 3.048764e-02
-4.222186e-03 4.901423e-02
-1.743738e-03 4.126448e-02
+5.478944e-04 4.280784e-02
+1.619559e-03 3.124385e-02
+4.799552e-04 2.647469e-02
+2.649414e-05 2.643010e-03
-9.760124e-06 1.009583e-03
-1.155645e-05 9.165225e-03
+3.936043e-06 5.638856e-03
+4.333728e-06 2.076730e-03
+3.200324e-05 3.851642e-03
+1.807519e-05 3.435433e-03
-2.111433e-05 3.328284e-03
+8.519317e-08 2.416339e-03
-4.956703e-06 2.197127e-03
-4.842544e+00 1.482466e+01
+4.704160e+00 1.592487e+01
-1.034675e+00 2.509317e+01
-7.270783e+00 2.690988e+01
+7.132894e-01 2.121122e+01
-2.219959e+00 2.402856e+01
-1.947649e+00 2.675111e+01
-3.885750e+00 2.472034e+01
-1.886746e+00 2.848527e+01
+4.272701e-01 2.549755e+01
-1.351532e-01 2.605522e+01
+1.650065e+00 2.794619e+01
+2.113378e+01 1.727423e+00
-3.243768e-04 6.658439e-01
-4.429968e-04 6.858204e-01
-2.939795e-04 1.136157e+00
+6.963332e-04 1.338474e+00
+8.173712e-04 1.370603e+00
-2.639968e-04 1.540554e+00
+5.657103e-04 1.731429e+00
+2.577328e-04 1.705463e+00
+5.360088e-05 1.891474e+00
+3.478616e-04 1.764621e+00
+3.719804e-04 1.757425e+00
+1.125184e-04 1.667602e+00
+2.463276e-05 3.938277e-02
-3.885878e-05 1.054214e-01
-3.219431e-05 1.134064e-01
-3.585817e-05 1.890530e-01
-6.300570e-05 2.304243e-01
-1.489352e-05 2.517524e-01
+1.647685e-04 2.903708e-01
-6.997005e-05 3.248387e-01
-1.062396e-04 3.272588e-01
-1.761956e-05 3.606362e-01
-2.069501e-06 3.362106e-01
-1.158575e-04 3.333766e-01
+1.544642e-04 3.218532e-01
-2.449539e-05 7.347736e-03
-2.115639e-01 3.440533e+02
+2.825847e-01 2.362219e+02
-1.757382e-01 7.044114e+01
+2.194501e-01 4.546115e+01
+1.111275e-01 3.463703e+01
-3.037986e-01 2.710176e+01
-4.000563e-01 2.419029e+01
+2.696313e-01 2.284568e+01
-7.282787e-02 1.822916e+01
-2.587863e-02 1.659604e+01
-2.273844e-03 2.705695e-02
-4.024441e-04 1.074480e-02
+4.711958e-03 1.433183e-01
-3.629671e-03 8.582195e-02
-1.013356e-03 3.050052e-02
-4.180768e-03 4.902708e-02
-1.716238e-03 4.128133e-02
+5.187071e-04 4.282589e-02
+1.633038e-03 3.125023e-02
+4.685831e-04 2.648156e-02
+2.651508e-05 2.644932e-03
-9.800734e-06 1.010686e-03
-1.905812e-06 9.166090e-03
-8.610914e-07 5.639685e-03
+1.970784e-06 2.077953e-03
+3.365997e-05 3.852519e-03
+2.057237e-05 3.436578e-03
-2.122435e-05 3.329431e-03
+2.315933e-06 2.417039e-03
-5.827449e-06 2.198063e-03
-4.842934e+00 1.482505e+01
+4.703748e+00 1.592535e+01
-1.035079e+00 2.509316e+01
-7.270263e+00 2.690945e+01
+7.138261e-01 2.121309e+01
-2.220067e+00 2.402605e+01
-1.947250e+00 2.675393e+01
-3.885831e+00 2.471864e+01
-1.886551e+00 2.848580e+01
+4.277933e-01 2.549355e+01
-1.351374e-01 2.604852e+01
+1.650229e+00 2.794893e+01
+2.113375e+01 1.727476e+00
-3.489399e-04 6.665852e-01
-4.656119e-04 6.863877e-01
-3.111865e-04 1.137148e+00
+5.711222e-04 1.339093e+00
+7.304229e-04 1.371373e+00
-1.758743e-04 1.541470e+00
+5.988287e-04 1.732304e+00
+2.115269e-04 1.706289e+00
+4.550329e-05 1.892927e+00
+3.606463e-04 1.765523e+00
+3.623902e-04 1.758479e+00
+2.294741e-04 1.668924e+00
-1.737799e-06 3.942668e-02
-1.542877e-05 1.056543e-01
-1.893383e-05 1.136320e-01
-2.587484e-05 1.894690e-01
-5.577880e-05 2.308814e-01
-1.540204e-05 2.523081e-01
+1.462611e-04 2.911173e-01
-7.795982e-05 3.256417e-01
-9.447909e-05 3.280577e-01
-2.590692e-05 3.615275e-01
-6.295562e-06 3.370344e-01
-6.249987e-05 3.341778e-01
+9.223441e-05 3.226295e-01
-2.556675e-05 7.370087e-03
-2.138196e-01 3.441107e+02
+2.821719e-01 2.361956e+02
-1.709184e-01 7.046806e+01
+2.157466e-01 4.548481e+01
+1.100757e-01 3.464899e+01
-3.079317e-01 2.708610e+01
-4.017355e-01 2.419045e+01
+2.701053e-01 2.284936e+01
-7.116049e-02 1.823630e+01
-2.542907e-02 1.660441e+01
-2.246800e-03 2.706289e-02
-4.154293e-04 1.074864e-02
+4.738661e-03 1.433276e-01
-3.649605e-03 8.582907e-02
-1.020964e-03 3.050867e-02
-4.139571e-03 4.903698e-02
-1.686799e-03 4.129448e-02
+4.919728e-04 4.283905e-02
+1.644352e-03 3.125350e-02
+4.581991e-04 2.648470e-02
+2.317411e-05 2.648093e-03
-8.509395e-06 1.012477e-03
+7.200438e-06 9.167477e-03
-5.513849e-06 5.641051e-03
-1.679929e-06 2.079995e-03
+3.456811e-05 3.853865e-03
+2.413271e-05 3.438281e-03
-2.039327e-05 3.331250e-03
+2.913347e-06 2.418240e-03
-6.243834e-06 2.199558e-03
-4.843268e+00 1.482519e+01
+4.703303e+00 1.592597e+01
-1.035362e+00 2.509316e+01
-7.269880e+00 2.690716e+01
+7.144909e-01 2.121301e+01
-2.220121e+00 2.402249e+01
-1.946583e+00 2.675406e+01
-3.885497e+00 2.471709e+01
-1.886474e+00 2.848924e+01
+4.281668e-01 2.549137e+01
-1.348854e-01 2.604532e+01
+1.650643e+00 2.795136e+01
+2.113371e+01 1.727548e+00
-3.593428e-04 6.672597e-01
-4.625356e-04 6.869520e-01
-3.419528e-04 1.138154e+00
+4.822133e-04 1.339888e+00
+6.754161e-04 1.372247e+00
-1.155866e-04 1.542250e+00
+5.624128e-04 1.733532e+00
+1.479182e-04 1.707296e+00
+1.264802e-05 1.894240e+00
+3.773288e-04 1.766395e+00
+3.428391e-04 1.759551e+00
+2.593719e-04 1.670164e+00
-3.041063e-05 3.947225e-02
-1.472575e-06 1.058781e-01
-1.537056e-07 1.138621e-01
-3.576201e-05 1.898810e-01
-2.653106e-05 2.313108e-01
-3.067968e-05 2.528648e-01
+1.061905e-04 2.918763e-01
-1.166460e-04 3.263761e-01
-9.878852e-05 3.288542e-01
-1.412348e-05 3.624514e-01
-1.705786e-05 3.378765e-01
-4.749981e-05 3.350304e-01
-9.461359e-06 3.234408e-01
-2.377701e-05 7.391736e-03
-2.160504e-01 3.441679e+02
+2.817483e-01 2.361694e+02
-1.661020e-01 7.049482e+01
+2.120442e-01 4.550833e+01
+1.090274e-01 3.466101e+01
-3.120326e-01 2.707056e+01
-4.033920e-01 2.419069e+01
+2.705637e-01 2.285308e+01
-6.949189e-02 1.824343e+01
-2.498482e-02 1.661282e+01
-2.225069e-03 2.706892e-02
-4.254768e-04 1.075257e-02
+4.766158e-03 1.433375e-01
-3.668367e-03 8.583568e-02
-1.030545e-03 3.051680e-02
-4.097804e-03 4.904717e-02
-1.653027e-03 4.130773e-02
+4.679580e-04 4.285150e-02
+1.651967e-03 3.125657e-02
+4.487850e-04 2.648745e-02
+1.756975e-05 2.650604e-03
-6.574916e-06 1.013907e-03
+1.599682e-05 9.168580e-03
-1.045532e-05 5.642182e-03
-5.863252e-06 2.081683e-03
+3.315945e-05 3.854993e-03
+2.615297e-05 3.439698e-03
-1.878415e-05 3.332804e-03
+3.363125e-06 2.419221e-03
-6.383746e-06 2.200764e-03
-4.843569e+00 1.482510e+01
+4.702764e+00 1.592664e+01
-1.035698e+00 2.509247e+01
-7.269642e+00 2.690344e+01
+7.149093e-01 2.121368e+01
-2.220070e+00 2.401934e+01
-1.946117e+00 2.675481e+01
-3.885369e+00 2.471384e+01
-1.886550e+00 2.849103e+01
+4.285820e-01 2.548877e+01
-1.344927e-01 2.604252e+01
+1.650950e+00 2.795596e+01
+2.113363e+01 1.727669e+00
-3.464673e-04 6.679816e-01
-4.488834e-04 6.875894e-01
-3.930783e-04 1.139098e+00
+4.679341e-04 1.340687e+00
+6.175566e-04 1.373076e+00
-7.033986e-05 1.543181e+00
+4.280934e-04 1.734662e+00
+8.496464e-05 1.708124e+00
+3.457569e-05 1.895383e+00
+3.534194e-04 1.767283e+00
+3.293661e-04 1.760362e+00
+1.499093e-04 1.671400e+00
-4.891547e-05 3.951355e-02
+5.055358e-06 1.060313e-01
+2.280185e-05 1.140436e-01
-4.759887e-05 1.901943e-01
+1.085290e-05 2.316659e-01
-3.450232e-05 2.533309e-01
+5.849325e-05 2.924683e-01
-1.453193e-04 3.270051e-01
-9.054362e-05 3.295331e-01
+2.554765e-05 3.632741e-01
-2.378681e-05 3.386063e-01
-5.208676e-05 3.357731e-01
-9.375675e-05 3.241565e-01
-1.769975e-05 7.408953e-03
-2.182639e-01 3.442244e+02
+2.813171e-01 2.361433e+02
-1.612884e-01 7.052138e+01
+2.083441e-01 4.553172e+01
+1.079795e-01 3.467302e+01
-3.161000e-01 2.705515e+01
-4.050194e-01 2.419092e+01
+2.710093e-01 2.285688e+01
-6.782676e-02 1.825051e+01
-2.454520e-02 1.662118e+01
-2.210842e-03 2.707442e-02
-4.320599e-04 1.075610e-02
+4.794571e-03 1.433425e-01
-3.686868e-03 8.583891e-02
-1.041778e-03 3.052271e-02
-4.062157e-03 4.905394e-02
-1.621720e-03 4.131668e-02
+4.482331e-04 4.285970e-02
+1.657609e-03 3.125871e-02
+4.408499e-04 2.648934e-02
+1.232748e-05 2.651475e-03
-5.085560e-06 1.014423e-03
+2.452832e-05 9.168944e-03
-1.577774e-05 5.642582e-03
-9.787459e-06 2.082339e-03
+3.075755e-05 3.855477e-03
+2.660766e-05 3.440344e-03
-1.749704e-05 3.333493e-03
+4.626033e-06 2.419575e-03
-6.665870e-06 2.201200e-03
-4.843962e+00 1.482567e+01
+4.702326e+00 1.592708e+01
-1.036224e+00 2.509225e+01
-7.269158e+00 2.690071e+01
+7.154245e-01 2.121462e+01
-2.220196e+00 2.401567e+01
-1.945775e+00 2.675763e+01
-3.885536e+00 2.471449e+01
-1.886515e+00 2.849060e+01
+4.290087e-01 2.548512e+01
-1.342676e-01 2.603853e+01
+1.650985e+00 2.795981e+01
+2.113358e+01 1.727703e+00
-3.453576e-04 6.685337e-01
-4.091688e-04 6.881843e-01
-4.579792e-04 1.139927e+00
+5.198613e-04 1.341445e+00
+5.763994e-04 1.374001e+00
-4.479498e-05 1.544083e+00
+2.450742e-04 1.735781e+00
-2.294717e-05 1.709145e+00
+1.093989e-04 1.896886e+00
+3.361051e-04 1.768434e+00
+2.672984e-04 1.761677e+00
-1.708807e-05 1.672970e+00
-6.085555e-05 3.955212e-02
+7.379666e-06 1.061078e-01
+3.962014e-05 1.141477e-01
-5.242344e-05 1.903778e-01
+3.355205e-05 2.318933e-01
-4.206376e-05 2.536258e-01
+1.690641e-05 2.928135e-01
-1.464885e-04 3.274215e-01
-7.371207e-05 3.299749e-01
+6.662122e-05 3.637760e-01
-2.778672e-05 3.390546e-01
-5.641969e-05 3.362493e-01
-1.431968e-04 3.245975e-01
-1.168983e-05 7.419301e-03
-2.204648e-01 3.442804e+02
+2.808802e-01 2.361173e+02
-1.564773e-01 7.054775e+01
+2.046470e-01 4.555502e+01
+1.069302e-01 3.468503e+01
-3.201330e-01 2.703995e+01
-4.066139e-01 2.419115e+01
+2.714439e-01 2.286079e+01
-6.616793e-02 1.825757e+01
-2.411005e-02 1.662949e+01
-2.203323e-03 2.707198e-02
-4.357203e-04 1.075506e-02
+4.823931e-03 1.433385e-01
-3.705830e-03 8.583540e-02
-1.053732e-03 3.052148e-02
-4.036314e-03 4.905365e-02
-1.597859e-03 4.131727e-02
+4.329134e-04 4.285968e-02
+1.663354e-03 3.125715e-02
+4.344386e-04 2.648715e-02
+8.898184e-06 2.651499e-03
-4.530182e-06 1.014465e-03
+3.280941e-05 9.168822e-03
-2.136067e-05 5.642513e-03
-1.315203e-05 2.082404e-03
+2.885355e-05 3.855546e-03
+2.644219e-05 3.440490e-03
-1.718283e-05 3.333621e-03
+6.825907e-06 2.419580e-03
-7.289871e-06 2.201212e-03
-4.844354e+00 1.482624e+01
+4.701888e+00 1.592752e+01
-1.036750e+00 2.509204e+01
-7.268675e+00 2.689798e+01
+7.159396e-01 2.121556e+01
-2.220322e+00 2.401200e+01
-1.945434e+00 2.676045e+01
-3.885703e+00 2.471514e+01
-1.886480e+00 2.849017e+01
+4.294354e-01 2.548146e+01
-1.340425e-01 2.603455e+01
+1.651019e+00 2.796367e+01
+2.113352e+01 1.727738e+00
-3.442480e-04 6.690858e-01
-3.694542e-04 6.887792e-01
-5.228801e-04 1.140755e+00
+5.717885e-04 1.342203e+00
+5.352422e-04 1.374927e+00
-1.925009e-05 1.544985e+00
+6.205493e-05 1.736901e+00
-1.308590e-04 1.710166e+00
+1.842221e-04 1.898389e+00
+3.187908e-04 1.769586e+00
+2.052308e-04 1.762991e+00
-1.840855e-04 1.674541e+00
-7.279563e-05 3.959070e-02
+9.703973e-06 1.061844e-01
+5.643844e-05 1.142519e-01
-5.724802e-05 1.905613e-01
+5.625119e-05 2.321206e-01
-4.962519e-05 2.539206e-01
-2.468043e-05 2.931586e-01
-1.476577e-04 3.278380e-01
-5.688052e-05 3.304166e-01
+1.076948e-04 3.642780e-01
-3.178662e-05 3.395029e-01
-6.075262e-05 3.367254e-01
-1.926368e-04 3.250386e-01
-5.679902e-06 7.429650e-03
-2.226658e-01 3.443364e+02
+2.804434e-01 2.360913e+02
-1.516661e-01 7.057408e+01
+2.009498e-01 4.557828e+01
+1.058808e-01 3.469704e+01
-3.241659e-01 2.702471e+01
-4.082083e-01 2.419138e+01
+2.718785e-01 2.286470e+01
-6.450909e-02 1.826462e+01
-2.367490e-02 1.663780e+01
-2.195805e-03 2.706954e-02
-4.393807e-04 1.075403e-02
+4.853290e-03 1.433345e-01
-3.724792e-03 8.583189e-02
-1.065687e-03 3.052026e-02
-4.010471e-03 4.905337e-02
-1.573998e-03 4.131785e-02
+4.175937e-04 4.285965e-02
+1.669099e-03 3.125559e-02
+4.280274e-04 2.648495e-02
+5.468886e-06 2.651524e-03
-3.974804e-06 1.014507e-03
+4.109051e-05 9.168699e-03
-2.694359e-05 5.642443e-03
-1.651659e-05 2.082469e-03
+2.694954e-05 3.855616e-03
+2.627673e-05 3.440636e-03
-1.686863e-05 3.333750e-03
+9.025780e-06 2.419586e-03
-7.913872e-06 2.201224e-03
-4.844669e+00 1.482706e+01
+4.701445e+00 1.592830e+01
-1.037255e+00 2.509282e+01
-7.268373e+00 2.689599e+01
+7.164156e-01 2.121554e+01
-2.220260e+00 2.401107e+01
-1.945317e+00 2.676523e+01
-3.885882e+00 2.471613e+01
-1.886311e+00 2.848669e+01
+4.298999e-01 2.547547e+01
-1.340920e-01 2.603537e+01
+1.650976e+00 2.796570e+01
+2.113344e+01 1.727674e+00
-3.474605e-04 6.690675e-01
-3.056145e-04 6.888353e-01
-5.957818e-04 1.140639e+00
+5.970820e-04 1.342165e+00
+4.471482e-04 1.375018e+00
-3.258372e-05 1.544601e+00
-8.218391e-05 1.736496e+00
-2.420207e-04 1.709861e+00
+2.227007e-04 1.898321e+00
+2.694738e-04 1.769091e+00
+1.510674e-04 1.762883e+00
-3.773079e-04 1.674601e+00
-8.914488e-05 3.958326e-02
+1.025131e-05 1.061678e-01
+7.335516e-05 1.142385e-01
-5.882519e-05 1.905466e-01
+8.877271e-05 2.321026e-01
-6.395696e-05 2.538935e-01
-9.515836e-05 2.931064e-01
-1.475811e-04 3.278247e-01
-1.850963e-05 3.304145e-01
+1.630991e-04 3.642556e-01
-2.569564e-05 3.394707e-01
-3.742029e-05 3.367408e-01
-2.453333e-04 3.250497e-01
+3.464042e-06 7.429917e-03
-2.248661e-01 3.443929e+02
+2.800065e-01 2.360654e+02
-1.467935e-01 7.060032e+01
+1.972122e-01 4.560157e+01
+1.048081e-01 3.470924e+01
-3.281812e-01 2.700953e+01
-4.097868e-01 2.419172e+01
+2.722937e-01 2.286870e+01
-6.283396e-02 1.827164e+01
-2.324778e-02 1.664621e+01
-2.188097e-03 2.705523e-02
-4.444673e-04 1.074679e-02
+4.900846e-03 1.433156e-01
-3.756208e-03 8.581688e-02
-1.084351e-03 3.051003e-02
-3.979379e-03 4.904558e-02
-1.544678e-03 4.131100e-02
+3.973635e-04 4.285146e-02
+1.680352e-03 3.124823e-02
+4.187469e-04 2.647594e-02
+2.005714e-06 2.651057e-03
-4.521528e-06 1.014290e-03
+5.038712e-05 9.168263e-03
-3.362699e-05 5.642098e-03
-2.009219e-05 2.082250e-03
+2.537024e-05 3.855433e-03
+2.698390e-05 3.440513e-03
-1.627121e-05 3.333598e-03
+1.203757e-05 2.419398e-03
-9.082763e-06 2.200994e-03
-4.845030e+00 1.482786e+01
+4.701000e+00 1.593036e+01
-1.037855e+00 2.509306e+01
-7.268127e+00 2.689550e+01
+7.165805e-01 2.121441e+01
-2.220217e+00 2.400983e+01
-1.945161e+00 2.676849e+01
-3.886197e+00 2.471801e+01
-1.886192e+00 2.848325e+01
+4.304498e-01 2.546896e+01
-1.341201e-01 2.603013e+01
+1.651003e+00 2.796731e+01
+2.113333e+01 1.727625e+00
-3.525417e-04 6.688697e-01
-2.444195e-04 6.887596e-01
-6.737505e-04 1.140403e+00
+6.013039e-04 1.342207e+00
+3.339877e-04 1.375291e+00
-1.365306e-04 1.544613e+00
-1.765901e-04 1.736392e+00
-2.749417e-04 1.709995e+00
+3.579997e-04 1.898589e+00
+2.871192e-04 1.769061e+00
+1.471523e-04 1.763106e+00
-6.053463e-04 1.674603e+00
-9.618100e-05 3.958197e-02
+7.783681e-06 1.060771e-01
+9.432183e-05 1.141522e-01
-5.391919e-05 1.903986e-01
+1.289939e-04 2.319297e-01
-6.849510e-05 2.536797e-01
-1.660674e-04 2.927995e-01
-1.674082e-04 3.275782e-01
+2.008509e-05 3.301657e-01
+2.224790e-04 3.639399e-01
-2.599330e-05 3.391485e-01
-1.168662e-05 3.364948e-01
-2.907191e-04 3.248209e-01
+1.590969e-05 7.422047e-03
-2.270659e-01 3.444500e+02
+2.795674e-01 2.360393e+02
-1.418598e-01 7.062636e+01
+1.934338e-01 4.562482e+01
+1.037124e-01 3.472154e+01
-3.321790e-01 2.699435e+01
-4.113484e-01 2.419212e+01
+2.726907e-01 2.287272e+01
-6.114164e-02 1.827859e+01
-2.282933e-02 1.665465e+01
-2.180253e-03 2.704057e-02
-4.524862e-04 1.073985e-02
+4.960177e-03 1.432891e-01
-3.796427e-03 8.579712e-02
-1.107039e-03 3.049864e-02
-3.944854e-03 4.903594e-02
-1.510740e-03 4.130283e-02
+3.751724e-04 4.284156e-02
+1.696161e-03 3.124013e-02
+4.068855e-04 2.646664e-02
-1.710642e-06 2.648705e-03
-6.054422e-06 1.013022e-03
+5.758170e-05 9.167051e-03
-3.942579e-05 5.640932e-03
-2.270332e-05 2.080907e-03
+2.326762e-05 3.854393e-03
+2.775507e-05 3.439439e-03
-1.469636e-05 3.332463e-03
+1.498047e-05 2.418459e-03
-1.041011e-05 2.199773e-03
-4.845390e+00 1.482910e+01
+4.700677e+00 1.593230e+01
-1.038448e+00 2.509148e+01
-7.267987e+00 2.689368e+01
+7.166663e-01 2.121517e+01
-2.220358e+00 2.400833e+01
-1.944831e+00 2.677075e+01
-3.886460e+00 2.471726e+01
-1.886229e+00 2.848232e+01
+4.307969e-01 2.546340e+01
-1.341193e-01 2.602969e+01
+1.650863e+00 2.796999e+01
+2.113322e+01 1.727532e+00
-3.655734e-04 6.686416e-01
-1.814100e-04 6.886260e-01
-7.329486e-04 1.140160e+00
+6.651735e-04 1.342216e+00
+1.995088e-04 1.375321e+00
-3.396262e-04 1.544776e+00
-2.896838e-04 1.736421e+00
-2.392864e-04 1.710235e+00
+5.165423e-04 1.898701e+00
+3.217378e-04 1.769241e+00
+2.564394e-04 1.763436e+00
-8.322590e-04 1.674444e+00
-9.220359e-05 3.958590e-02
-2.677625e-06 1.059298e-01
+1.180562e-04 1.140227e-01
-5.423045e-05 1.901621e-01
+1.808327e-04 2.316840e-01
-4.787031e-05 2.534136e-01
-1.982987e-04 2.923996e-01
-2.197420e-04 3.272041e-01
+1.926586e-05 3.298131e-01
+2.735368e-04 3.635164e-01
-4.796743e-05 3.386876e-01
-1.861148e-06 3.361137e-01
-3.190537e-04 3.244382e-01
+2.960047e-05 7.409208e-03
-2.292650e-01 3.445073e+02
+2.791222e-01 2.360131e+02
-1.368656e-01 7.065214e+01
+1.896136e-01 4.564801e+01
+1.025946e-01 3.473390e+01
-3.361592e-01 2.697914e+01
-4.128912e-01 2.419254e+01
+2.730722e-01 2.287672e+01
-5.943037e-02 1.828548e+01
-2.242090e-02 1.666311e+01
-2.172647e-03 2.703341e-02
-4.645494e-04 1.073729e-02
+5.018699e-03 1.432681e-01
-3.837747e-03 8.578227e-02
-1.128770e-03 3.049303e-02
-3.910422e-03 4.903006e-02
-1.474748e-03 4.129866e-02
+3.553778e-04 4.283591e-02
+1.713752e-03 3.123557e-02
+3.935901e-04 2.646199e-02
-6.080113e-06 2.644246e-03
-7.659165e-06 1.010573e-03
+5.964081e-05 9.164805e-03
-4.221032e-05 5.638719e-03
-2.332760e-05 2.078201e-03
+1.984940e-05 3.852344e-03
+2.742602e-05 3.437303e-03
-1.217030e-05 3.330197e-03
+1.660155e-05 2.416625e-03
-1.128795e-05 2.197380e-03
-4.845721e+00 1.483055e+01
+4.700277e+00 1.593340e+01
-1.039059e+00 2.509212e+01
-7.267990e+00 2.689171e+01
+7.166467e-01 2.121461e+01
-2.220766e+00 2.400602e+01
-1.944452e+00 2.677191e+01
-3.886364e+00 2.471705e+01
-1.885637e+00 2.848426e+01
+4.315992e-01 2.546043e+01
-1.340191e-01 2.602578e+01
+1.650594e+00 2.796836e+01
+2.113314e+01 1.727336e+00
-3.918657e-04 6.683638e-01
-8.699548e-05 6.885279e-01
-7.731165e-04 1.139914e+00
+7.244010e-04 1.342154e+00
+1.011889e-04 1.375282e+00
-5.147424e-04 1.544872e+00
-4.735617e-04 1.736641e+00
-2.384251e-04 1.710451e+00
+6.651683e-04 1.898760e+00
+2.999252e-04 1.769342e+00
+3.250842e-04 1.763588e+00
-1.036294e-03 1.674440e+00
-7.942903e-05 3.957971e-02
-2.493140e-05 1.057674e-01
+1.568515e-04 1.138801e-01
-6.024458e-05 1.899225e-01
+2.269959e-04 2.314545e-01
+4.420764e-06 2.531790e-01
-1.793482e-04 2.920358e-01
-2.773644e-04 3.268430e-01
-5.674545e-05 3.295138e-01
+2.700129e-04 3.631204e-01
-1.170180e-04 3.383136e-01
-2.210487e-05 3.357192e-01
-3.371824e-04 3.239929e-01
+3.823930e-05 7.398426e-03
-2.314635e-01 3.445649e+02
+2.786654e-01 2.359865e+02
-1.318121e-01 7.067758e+01
+1.857500e-01 4.567119e+01
+1.014560e-01 3.474626e+01
-3.401222e-01 2.696386e+01
-4.144123e-01 2.419296e+01
+2.734419e-01 2.288064e+01
-5.769764e-02 1.829233e+01
-2.202437e-02 1.667159e+01
-2.166093e-03 2.701900e-02
-4.802343e-04 1.073079e-02
+5.076213e-03 1.432448e-01
-3.880321e-03 8.576481e-02
-1.149513e-03 3.048392e-02
-3.875936e-03 4.902093e-02
-1.436733e-03 4.129080e-02
+3.368168e-04 4.282637e-02
+1.732861e-03 3.122839e-02
+3.787848e-04 2.645393e-02
-1.146939e-05 2.641193e-03
-8.095399e-06 1.008914e-03
+5.913745e-05 9.162978e-03
-4.342853e-05 5.637012e-03
-2.312545e-05 2.076261e-03
+1.593469e-05 3.850856e-03
+2.613026e-05 3.435861e-03
-1.072252e-05 3.328632e-03
+1.697033e-05 2.415302e-03
-1.174142e-05 2.195689e-03
