-5.955959e-01 2.720894e+00
+2.871747e+00 3.134981e+00
-2.800695e+00 4.275675e+00
-1.713296e-01 5.765336e+00
-1.061450e+00 7.136776e+00
-8.885297e-01 8.326827e+00
+3.913380e-01 8.981278e+00
-6.819386e-01 1.029856e+01
-1.495164e+00 1.043849e+01
-1.401494e+00 1.039715e+01
-2.278053e+00 1.063825e+01
-2.143712e+00 9.147857e+00
+2.370358e+01 8.670057e-01
+4.427346e-04 1.666294e-01
+3.540448e-04 2.989676e-01
+5.449067e-04 4.088601e-01
+1.745228e-04 5.717113e-01
-1.542614e-04 7.580939e-01
+5.849856e-04 8.875389e-01
-2.995949e-04 9.747238e-01
-3.006038e-04 1.131768e+00
+2.315074e-04 1.152962e+00
-3.374614e-04 1.113628e+00
-2.397409e-04 1.039311e+00
-1.146559e-03 9.587695e-01
+4.503760e-05 6.917503e-02
-5.655979e-05 3.290180e-02
-1.172720e-04 6.074113e-02
-1.932213e-05 8.389332e-02
-5.729319e-05 1.153153e-01
-1.820638e-04 1.557330e-01
-2.226697e-04 1.817084e-01
-6.287404e-06 1.976119e-01
+8.707169e-05 2.311059e-01
+1.227641e-04 2.339080e-01
+1.402852e-04 2.273222e-01
+2.175073e-04 2.113511e-01
+8.460398e-05 1.951650e-01
+3.315675e-05 1.380250e-02
-2.092769e-01 3.439957e+02
+2.829828e-01 2.362485e+02
-1.805621e-01 7.041409e+01
+2.231531e-01 4.543739e+01
+1.121851e-01 3.462519e+01
-2.996337e-01 2.711752e+01
-3.983597e-01 2.419030e+01
+2.691382e-01 2.284203e+01
-7.448914e-02 1.822201e+01
-2.633516e-02 1.658777e+01
-2.303396e-03 2.704348e-02
-3.872409e-04 1.073676e-02
+4.686655e-03 1.433054e-01
-3.608649e-03 8.581089e-02
-1.006417e-03 3.048764e-02
-4.222186e-03 4.901423e-02
-1.743738e-03 4.126448e-02
+5.478944e-04 4.280784e-02
+1.619559e-03 3.124385e-02
+4.799552e-04 2.647469e-02
+2.649414e-05 2.643010e-03
-9.760124e-06 1.009583e-03
-1.155645e-05 9.165225e-03
+3.936043e-06 5.638856e-03
+4.333728e-06 2.076730e-03
+3.200324e-05 3.851642e-03
+1.807519e-05 3.435433e-03
-2.111433e-05 3.328284e-03
+8.519317e-08 2.416339e-03
-4.956703e-06 2.197127e-03
-5.952970e-01 2.719863e+00
+2.871838e+00 3.135692e+00
-2.800509e+00 4.276160e+00
-1.712083e-01 5.764375e+00
-1.061882e+00 7.138724e+00
-8.881773e-01 8.327187e+00
+3.914185e-01 8.982096e+00
-6.820739e-01 1.030129e+01
-1.494891e+00 1.043794e+01
-1.401606e+00 1.039598e+01
-2.278016e+00 1.063654e+01
-2.144281e+00 9.145067e+00
+2.370364e+01 8.666548e-01
+3.917294e-04 1.666969e-01
+3.047638e-04 2.990016e-01
+5.586741e-04 4.087411e-01
+1.701260e-04 5.714433e-01
-3.045242e-04 7.577901e-01
+3.614042e-04 8.870587e-01
-2.450922e-04 9.741540e-01
-2.071384e-04 1.131297e+00
+3.020699e-04 1.152239e+00
-2.349539e-04 1.112939e+00
-1.600055e-04 1.038667e+00
-9.225828e-04 9.584250e-01
+7.266835e-05 6.927867e-02
-6.617759e-05 3.298153e-02
-1.122201e-04 6.089489e-02
-3.598759e-05 8.409607e-02
-5.988233e-05 1.155744e-01
-1.658594e-04 1.561156e-01
-2.081022e-04 1.820967e-01
+3.746288e-06 1.980427e-01
+1.146902e-04 2.316683e-01
+1.040346e-04 2.344362e-01
+1.299693e-04 2.278272e-01
+2.143117e-04 2.118126e-01
+1.136973e-04 1.955897e-01
+2.748990e-05 1.384174e-02
-2.115639e-01 3.440533e+02
+2.825847e-01 2.362219e+02
-1.757382e-01 7.044114e+01
+2.194501e-01 4.546115e+01
+1.111275e-01 3.463703e+01
-3.037986e-01 2.710176e+01
-4.000563e-01 2.419029e+01
+2.696313e-01 2.284568e+01
-7.282787e-02 1.822916e+01
-2.587863e-02 1.659604e+01
-2.273844e-03 2.705695e-02
-4.024441e-04 1.074480e-02
+4.711958e-03 1.433183e-01
-3.629671e-03 8.582195e-02
-1.013356e-03 3.050052e-02
-4.180768e-03 4.902708e-02
-1.716238e-03 4.128133e-02
+5.187071e-04 4.282589e-02
+1.633038e-03 3.125023e-02
+4.685831e-04 2.648156e-02
+2.651508e-05 2.644932e-03
-9.800734e-06 1.010686e-03
-1.905812e-06 9.166090e-03
-8.610914e-07 5.639685e-03
+1.970784e-06 2.077953e-03
+3.365997e-05 3.852519e-03
+2.057237e-05 3.436578e-03
-2.122435e-05 3.329431e-03
+2.315933e-06 2.417039e-03
-5.827449e-06 2.198063e-03
-5.950752e-01 2.719628e+00
+2.871942e+00 3.136270e+00
-2.800053e+00 4.277165e+00
-1.710422e-01 5.763428e+00
-1.062422e+00 7.140458e+00
-8.883698e-01 8.327104e+00
+3.910874e-01 8.981110e+00
-6.819689e-01 1.030105e+01
-1.494558e+00 1.043682e+01
-1.401692e+00 1.039359e+01
-2.277936e+00 1.063655e+01
-2.144704e+00 9.143445e+00
+2.370373e+01 8.663527e-01
+3.212466e-04 1.667670e-01
+2.428336e-04 2.990202e-01
+5.168740e-04 4.085947e-01
+1.464998e-04 5.711191e-01
-3.826444e-04 7.575258e-01
+2.733242e-04 8.866711e-01
-2.096699e-04 9.736483e-01
-7.241259e-05 1.130967e+00
+4.237458e-04 1.151466e+00
-1.593348e-04 1.112441e+00
-6.603675e-05 1.037950e+00
-7.950321e-04 9.579030e-01
+9.267534e-05 6.938510e-02
-6.217112e-05 3.306100e-02
-1.109233e-04 6.105474e-02
-7.912599e-05 8.430275e-02
-6.185514e-05 1.158366e-01
-1.202187e-04 1.564937e-01
-1.430568e-04 1.825087e-01
+3.936459e-05 1.984727e-01
+1.268909e-04 2.322225e-01
+6.091723e-05 2.349719e-01
+1.042541e-04 2.283198e-01
+1.981064e-04 2.123051e-01
+1.069246e-04 1.960541e-01
+2.000123e-05 1.387962e-02
-2.138196e-01 3.441107e+02
+2.821719e-01 2.361956e+02
-1.709184e-01 7.046806e+01
+2.157466e-01 4.548481e+01
+1.100757e-01 3.464899e+01
-3.079317e-01 2.708610e+01
-4.017355e-01 2.419045e+01
+2.701053e-01 2.284936e+01
-7.116049e-02 1.823630e+01
-2.542907e-02 1.660441e+01
-2.246800e-03 2.706289e-02
-4.154293e-04 1.074864e-02
+4.738661e-03 1.433276e-01
-3.649605e-03 8.582907e-02
-1.020964e-03 3.050867e-02
-4.139571e-03 4.903698e-02
-1.686799e-03 4.129448e-02
+4.919728e-04 4.283905e-02
+1.644352e-03 3.125350e-02
+4.581991e-04 2.648470e-02
+2.317411e-05 2.648093e-03
-8.509395e-06 1.012477e-03
+7.200438e-06 9.167477e-03
-5.513849e-06 5.641051e-03
-1.679929e-06 2.079995e-03
+3.456811e-05 3.853865e-03
+2.413271e-05 3.438281e-03
-2.039327e-05 3.331250e-03
+2.913347e-06 2.418240e-03
-6.243834e-06 2.199558e-03
-5.948257e-01 2.719032e+00
+2.872032e+00 3.136199e+00
-2.799598e+00 4.277495e+00
-1.709046e-01 5.763805e+00
-1.062847e+00 7.141645e+00
-8.883124e-01 8.326636e+00
+3.909913e-01 8.982233e+00
-6.819300e-01 1.030064e+01
-1.493967e+00 1.043583e+01
-1.401647e+00 1.039147e+01
-2.277875e+00 1.063591e+01
-2.144975e+00 9.141924e+00
+2.370387e+01 8.660777e-01
+2.704087e-04 1.667988e-01
+1.561205e-04 2.990669e-01
+4.062207e-04 4.085259e-01
+7.247343e-05 5.708254e-01
-4.363648e-04 7.572440e-01
+2.006408e-04 8.862404e-01
-1.458417e-04 9.730948e-01
+5.477881e-05 1.130561e+00
+4.448865e-04 1.150874e+00
-4.266598e-05 1.111906e+00
+6.014521e-05 1.037370e+00
-7.024992e-04 9.572393e-01
+1.045889e-04 6.948936e-02
-4.869682e-05 3.314980e-02
-1.132569e-04 6.122094e-02
-1.107300e-04 8.451737e-02
-4.694273e-05 1.161369e-01
-7.375293e-05 1.569245e-01
-8.810025e-05 1.829850e-01
+7.968319e-05 1.990208e-01
+1.242639e-04 2.328696e-01
-1.207207e-05 2.355913e-01
+7.191238e-05 2.289166e-01
+1.760136e-04 2.128617e-01
+8.976770e-05 1.966287e-01
+1.176966e-05 1.391840e-02
-2.160504e-01 3.441679e+02
+2.817483e-01 2.361694e+02
-1.661020e-01 7.049482e+01
+2.120442e-01 4.550833e+01
+1.090274e-01 3.466101e+01
-3.120326e-01 2.707056e+01
-4.033920e-01 2.419069e+01
+2.705637e-01 2.285308e+01
-6.949189e-02 1.824343e+01
-2.498482e-02 1.661282e+01
-2.225069e-03 2.706892e-02
-4.254768e-04 1.075257e-02
+4.766158e-03 1.433375e-01
-3.668367e-03 8.583568e-02
-1.030545e-03 3.051680e-02
-4.097804e-03 4.904717e-02
-1.653027e-03 4.130773e-02
+4.679580e-04 4.285150e-02
+1.651967e-03 3.125657e-02
+4.487850e-04 2.648745e-02
+1.756975e-05 2.650604e-03
-6.574916e-06 1.013907e-03
+1.599682e-05 9.168580e-03
-1.045532e-05 5.642182e-03
-5.863252e-06 2.081683e-03
+3.315945e-05 3.854993e-03
+2.615297e-05 3.439698e-03
-1.878415e-05 3.332804e-03
+3.363125e-06 2.419221e-03
-6.383746e-06 2.200764e-03
-5.946688e-01 2.718151e+00
+2.872024e+00 3.136475e+00
-2.799418e+00 4.277736e+00
-1.709146e-01 5.762917e+00
-1.063306e+00 7.142622e+00
-8.879863e-01 8.326572e+00
+3.909513e-01 8.982747e+00
-6.816273e-01 1.030122e+01
-1.493140e+00 1.043484e+01
-1.401474e+00 1.039063e+01
-2.277577e+00 1.063702e+01
-2.145762e+00 9.140766e+00
+2.370397e+01 8.658343e-01
+2.427314e-04 1.668375e-01
+5.038397e-05 2.991066e-01
+2.618643e-04 4.084270e-01
+4.416474e-05 5.705072e-01
-4.594626e-04 7.570691e-01
+1.978707e-04 8.859716e-01
+2.010442e-05 9.726465e-01
+1.599369e-04 1.130236e+00
+3.636125e-04 1.150481e+00
+9.917104e-06 1.111331e+00
+1.930899e-04 1.036738e+00
-6.193486e-04 9.568717e-01
+1.091791e-04 6.958922e-02
-3.124014e-05 3.323034e-02
-1.094687e-04 6.137474e-02
-1.087457e-04 8.471713e-02
-1.168725e-05 1.164294e-01
-4.370417e-05 1.573149e-01
-7.455554e-05 1.834469e-01
+1.160663e-04 1.995222e-01
+1.096914e-04 2.334596e-01
-8.734934e-05 2.361673e-01
+3.228704e-05 2.295331e-01
+1.376076e-04 2.134148e-01
+1.112372e-04 1.971546e-01
+6.663036e-06 1.394892e-02
-2.182639e-01 3.442244e+02
+2.813171e-01 2.361433e+02
-1.612884e-01 7.052138e+01
+2.083441e-01 4.553172e+01
+1.079795e-01 3.467302e+01
-3.161000e-01 2.705515e+01
-4.050194e-01 2.419092e+01
+2.710093e-01 2.285688e+01
-6.782676e-02 1.825051e+01
-2.454520e-02 1.662118e+01
-2.210842e-03 2.707442e-02
-4.320599e-04 1.075610e-02
+4.794571e-03 1.433425e-01
-3.686868e-03 8.583891e-02
-1.041778e-03 3.052271e-02
-4.062157e-03 4.905394e-02
-1.621720e-03 4.131668e-02
+4.482331e-04 4.285970e-02
+1.657609e-03 3.125871e-02
+4.408499e-04 2.648934e-02
+1.232748e-05 2.651475e-03
-5.085560e-06 1.014423e-03
+2.452832e-05 9.168944e-03
-1.577774e-05 5.642582e-03
-9.787459e-06 2.082339e-03
+3.075755e-05 3.855477e-03
+2.660766e-05 3.440344e-03
-1.749704e-05 3.333493e-03
+4.626033e-06 2.419575e-03
-6.665870e-06 2.201200e-03
-5.943948e-01 2.716938e+00
+2.872075e+00 3.136638e+00
-2.799289e+00 4.277938e+00
-1.710003e-01 5.762277e+00
-1.063900e+00 7.142894e+00
-8.878443e-01 8.326659e+00
+3.910441e-01 8.984504e+00
-6.814734e-01 1.030108e+01
-1.493017e+00 1.043420e+01
-1.401422e+00 1.038863e+01
-2.277308e+00 1.063760e+01
-2.146268e+00 9.138170e+00
+2.370406e+01 8.655888e-01
+2.181636e-04 1.669311e-01
-5.450199e-05 2.993096e-01
+1.579656e-04 4.085736e-01
+6.600421e-05 5.706632e-01
-4.853139e-04 7.573932e-01
+1.204234e-04 8.863900e-01
+1.484601e-04 9.731200e-01
+2.690722e-04 1.130851e+00
+2.098667e-04 1.151007e+00
+6.877968e-06 1.111877e+00
+3.144160e-04 1.036871e+00
-5.114354e-04 9.574624e-01
+1.106950e-04 6.967568e-02
-1.915829e-05 3.327880e-02
-9.830735e-05 6.147439e-02
-8.384853e-05 8.485563e-02
+3.229766e-05 1.166321e-01
-2.123424e-05 1.575611e-01
-7.373351e-05 1.837431e-01
+1.359805e-04 1.998459e-01
+9.640669e-05 2.338369e-01
-1.297139e-04 2.365559e-01
-1.063669e-05 2.299469e-01
+8.754113e-05 2.138098e-01
+1.473300e-04 1.975021e-01
+4.456575e-06 1.396590e-02
-2.204648e-01 3.442804e+02
+2.808802e-01 2.361173e+02
-1.564773e-01 7.054775e+01
+2.046470e-01 4.555502e+01
+1.069302e-01 3.468503e+01
-3.201330e-01 2.703995e+01
-4.066139e-01 2.419115e+01
+2.714439e-01 2.286079e+01
-6.616793e-02 1.825757e+01
-2.411005e-02 1.662949e+01
-2.203323e-03 2.707198e-02
-4.357203e-04 1.075506e-02
+4.823931e-03 1.433385e-01
-3.705830e-03 8.583540e-02
-1.053732e-03 3.052148e-02
-4.036314e-03 4.905365e-02
-1.597859e-03 4.131727e-02
+4.329134e-04 4.285968e-02
+1.663354e-03 3.125715e-02
+4.344386e-04 2.648715e-02
+8.898184e-06 2.651499e-03
-4.530182e-06 1.014465e-03
+3.280941e-05 9.168822e-03
-2.136067e-05 5.642513e-03
-1.315203e-05 2.082404e-03
+2.885355e-05 3.855546e-03
+2.644219e-05 3.440490e-03
-1.718283e-05 3.333621e-03
+6.825907e-06 2.419580e-03
-7.289871e-06 2.201212e-03
-5.941207e-01 2.715724e+00
+2.872126e+00 3.136800e+00
-2.799160e+00 4.278139e+00
-1.710860e-01 5.761637e+00
-1.064493e+00 7.143166e+00
-8.877023e-01 8.326746e+00
+3.911368e-01 8.986260e+00
-6.813196e-01 1.030094e+01
-1.492893e+00 1.043355e+01
-1.401370e+00 1.038664e+01
-2.277039e+00 1.063818e+01
-2.146774e+00 9.135574e+00
+2.370416e+01 8.653433e-01
+1.935959e-04 1.670248e-01
-1.593880e-04 2.995127e-01
+5.406687e-05 4.087202e-01
+8.784368e-05 5.708193e-01
-5.111652e-04 7.577173e-01
+4.297606e-05 8.868084e-01
+2.768159e-04 9.735934e-01
+3.782075e-04 1.131466e+00
+5.612097e-05 1.151534e+00
+3.838832e-06 1.112423e+00
+4.357420e-04 1.037004e+00
-4.035222e-04 9.580530e-01
+1.122108e-04 6.976214e-02
-7.076455e-06 3.332726e-02
-8.714599e-05 6.157404e-02
-5.895139e-05 8.499414e-02
+7.628257e-05 1.168349e-01
+1.235688e-06 1.578072e-01
-7.291149e-05 1.840392e-01
+1.558947e-04 2.001695e-01
+8.312201e-05 2.342143e-01
-1.720785e-04 2.369445e-01
-5.356041e-05 2.303607e-01
+3.747462e-05 2.142048e-01
+1.834229e-04 1.978496e-01
+2.250113e-06 1.398288e-02
-2.226658e-01 3.443364e+02
+2.804434e-01 2.360913e+02
-1.516661e-01 7.057408e+01
+2.009498e-01 4.557828e+01
+1.058808e-01 3.469704e+01
-3.241659e-01 2.702471e+01
-4.082083e-01 2.419138e+01
+2.718785e-01 2.286470e+01
-6.450909e-02 1.826462e+01
-2.367490e-02 1.663780e+01
-2.195805e-03 2.706954e-02
-4.393807e-04 1.075403e-02
+4.853290e-03 1.433345e-01
-3.724792e-03 8.583189e-02
-1.065687e-03 3.052026e-02
-4.010471e-03 4.905337e-02
-1.573998e-03 4.131785e-02
+4.175937e-04 4.285965e-02
+1.669099e-03 3.125559e-02
+4.280274e-04 2.648495e-02
+5.468886e-06 2.651524e-03
-3.974804e-06 1.014507e-03
+4.109051e-05 9.168699e-03
-2.694359e-05 5.642443e-03
-1.651659e-05 2.082469e-03
+2.694954e-05 3.855616e-03
+2.627673e-05 3.440636e-03
-1.686863e-05 3.333750e-03
+9.025780e-06 2.419586e-03
-7.913872e-06 2.201224e-03
-5.939937e-01 2.714449e+00
+2.872005e+00 3.137559e+00
-2.799254e+00 4.278374e+00
-1.712313e-01 5.761663e+00
-1.065105e+00 7.143343e+00
-8.879064e-01 8.325394e+00
+3.912654e-01 8.987479e+00
-6.811672e-01 1.030058e+01
-1.493111e+00 1.043531e+01
-1.401245e+00 1.038670e+01
-2.276776e+00 1.063961e+01
-2.147113e+00 9.133995e+00
+2.370428e+01 8.650335e-01
+1.774301e-04 1.670059e-01
-2.433871e-04 2.994997e-01
-5.342023e-05 4.087126e-01
+1.315930e-04 5.707027e-01
-5.257699e-04 7.577530e-01
-2.427798e-05 8.868152e-01
+4.201041e-04 9.735773e-01
+4.882354e-04 1.131384e+00
-1.140420e-04 1.151695e+00
-5.538437e-05 1.112512e+00
+4.900658e-04 1.036798e+00
-2.408023e-04 9.583072e-01
+1.116273e-04 6.975954e-02
+9.555709e-06 3.332833e-02
-5.568829e-05 6.157723e-02
-2.108098e-05 8.498225e-02
+1.248511e-04 1.168291e-01
+3.779064e-05 1.577803e-01
-5.410550e-05 1.840010e-01
+1.676371e-04 2.001139e-01
+5.474516e-05 2.341635e-01
-2.233189e-04 2.369005e-01
-9.350246e-05 2.303481e-01
-1.175150e-05 2.141846e-01
+2.032763e-04 1.978471e-01
-2.019224e-06 1.398287e-02
-2.248661e-01 3.443929e+02
+2.800065e-01 2.360654e+02
-1.467935e-01 7.060032e+01
+1.972122e-01 4.560157e+01
+1.048081e-01 3.470924e+01
-3.281812e-01 2.700953e+01
-4.097868e-01 2.419172e+01
+2.722937e-01 2.286870e+01
-6.283396e-02 1.827164e+01
-2.324778e-02 1.664621e+01
-2.188097e-03 2.705523e-02
-4.444673e-04 1.074679e-02
+4.900846e-03 1.433156e-01
-3.756208e-03 8.581688e-02
-1.084351e-03 3.051003e-02
-3.979379e-03 4.904558e-02
-1.544678e-03 4.131100e-02
+3.973635e-04 4.285146e-02
+1.680352e-03 3.124823e-02
+4.187469e-04 2.647594e-02
+2.005714e-06 2.651057e-03
-4.521528e-06 1.014290e-03
+5.038712e-05 9.168263e-03
-3.362699e-05 5.642098e-03
-2.009219e-05 2.082250e-03
+2.537024e-05 3.855433e-03
+2.698390e-05 3.440513e-03
-1.627121e-05 3.333598e-03
+1.203757e-05 2.419398e-03
-9.082763e-06 2.200994e-03
-5.938430e-01 2.713432e+00
+2.871805e+00 3.138202e+00
-2.799372e+00 4.278464e+00
-1.713623e-01 5.762000e+00
-1.065837e+00 7.143824e+00
-8.880037e-01 8.325521e+00
+3.915016e-01 8.989505e+00
-6.807646e-01 1.030187e+01
-1.492808e+00 1.043544e+01
-1.400940e+00 1.038535e+01
-2.276213e+00 1.063952e+01
-2.147121e+00 9.132691e+00
+2.370438e+01 8.646726e-01
+1.681927e-04 1.670660e-01
-2.928761e-04 2.996842e-01
-1.446006e-04 4.090050e-01
+1.931446e-04 5.711331e-01
-4.768383e-04 7.584096e-01
-2.082845e-05 8.875379e-01
+6.034717e-04 9.745093e-01
+5.829036e-04 1.132380e+00
-2.987425e-04 1.152710e+00
-7.497550e-05 1.113506e+00
+4.733502e-04 1.037568e+00
-1.078139e-04 9.593324e-01
+1.068583e-04 6.974866e-02
+2.465447e-05 3.330389e-02
-2.252980e-05 6.152831e-02
+2.186230e-05 8.491350e-02
+1.622334e-04 1.167365e-01
+8.789942e-05 1.576383e-01
-3.815452e-05 1.838397e-01
+1.677713e-04 1.998977e-01
+3.939233e-06 2.339297e-01
-2.833006e-04 2.366977e-01
-1.372383e-04 2.301647e-01
-4.606402e-05 2.140083e-01
+2.058797e-04 1.977141e-01
-5.960924e-06 1.396958e-02
-2.270659e-01 3.444500e+02
+2.795674e-01 2.360393e+02
-1.418598e-01 7.062636e+01
+1.934338e-01 4.562482e+01
+1.037124e-01 3.472154e+01
-3.321790e-01 2.699435e+01
-4.113484e-01 2.419212e+01
+2.726907e-01 2.287272e+01
-6.114164e-02 1.827859e+01
-2.282933e-02 1.665465e+01
-2.180253e-03 2.704057e-02
-4.524862e-04 1.073985e-02
+4.960177e-03 1.432891e-01
-3.796427e-03 8.579712e-02
-1.107039e-03 3.049864e-02
-3.944854e-03 4.903594e-02
-1.510740e-03 4.130283e-02
+3.751724e-04 4.284156e-02
+1.696161e-03 3.124013e-02
+4.068855e-04 2.646664e-02
-1.710642e-06 2.648705e-03
-6.054422e-06 1.013022e-03
+5.758170e-05 9.167051e-03
-3.942579e-05 5.640932e-03
-2.270332e-05 2.080907e-03
+2.326762e-05 3.854393e-03
+2.775507e-05 3.439439e-03
-1.469636e-05 3.332463e-03
+1.498047e-05 2.418459e-03
-1.041011e-05 2.199773e-03
-5.936621e-01 2.713347e+00
+2.871749e+00 3.138535e+00
-2.799496e+00 4.279105e+00
-1.713908e-01 5.762106e+00
-1.066453e+00 7.144901e+00
-8.881034e-01 8.325301e+00
+3.917586e-01 8.990660e+00
-6.804827e-01 1.030036e+01
-1.492848e+00 1.043560e+01
-1.401005e+00 1.038493e+01
-2.276135e+00 1.064136e+01
-2.147021e+00 9.131113e+00
+2.370449e+01 8.642174e-01
+1.782427e-04 1.671526e-01
-2.581386e-04 2.998890e-01
-1.790679e-04 4.092350e-01
+2.687130e-04 5.715573e-01
-3.892497e-04 7.591389e-01
+3.718911e-05 8.883500e-01
+7.259407e-04 9.754437e-01
+6.097908e-04 1.133388e+00
-5.205537e-04 1.153778e+00
-9.947433e-05 1.114475e+00
+4.963563e-04 1.038428e+00
-4.115678e-05 9.605501e-01
+9.386760e-05 6.973549e-02
+3.863948e-05 3.326899e-02
-5.759990e-06 6.146272e-02
+6.731669e-05 8.483868e-02
+1.812649e-04 1.166357e-01
+1.301824e-04 1.574838e-01
-4.659512e-05 1.836639e-01
+1.482695e-04 1.996854e-01
-3.526236e-05 2.336523e-01
-3.233068e-04 2.364899e-01
-1.817304e-04 2.299708e-01
-3.746354e-05 2.138137e-01
+1.955392e-04 1.975489e-01
-1.021293e-05 1.394602e-02
-2.292650e-01 3.445073e+02
+2.791222e-01 2.360131e+02
-1.368656e-01 7.065214e+01
+1.896136e-01 4.564801e+01
+1.025946e-01 3.473390e+01
-3.361592e-01 2.697914e+01
-4.128912e-01 2.419254e+01
+2.730722e-01 2.287672e+01
-5.943037e-02 1.828548e+01
-2.242090e-02 1.666311e+01
-2.172647e-03 2.703341e-02
-4.645494e-04 1.073729e-02
+5.018699e-03 1.432681e-01
-3.837747e-03 8.578227e-02
-1.128770e-03 3.049303e-02
-3.910422e-03 4.903006e-02
-1.474748e-03 4.129866e-02
+3.553778e-04 4.283591e-02
+1.713752e-03 3.123557e-02
+3.935901e-04 2.646199e-02
-6.080113e-06 2.644246e-03
-7.659165e-06 1.010573e-03
+5.964081e-05 9.164805e-03
-4.221032e-05 5.638719e-03
-2.332760e-05 2.078201e-03
+1.984940e-05 3.852344e-03
+2.742602e-05 3.437303e-03
-1.217030e-05 3.330197e-03
+1.660155e-05 2.416625e-03
-1.128795e-05 2.197380e-03
-5.935352e-01 2.713697e+00
+2.871707e+00 3.138715e+00
-2.799647e+00 4.278718e+00
-1.714114e-01 5.762300e+00
-1.066818e+00 7.144516e+00
-8.880214e-01 8.325834e+00
+3.922235e-01 8.992109e+00
-6.802180e-01 1.029963e+01
-1.492960e+00 1.043364e+01
-1.400651e+00 1.038371e+01
-2.276173e+00 1.064152e+01
-2.147040e+00 9.128813e+00
+2.370458e+01 8.638619e-01
+1.751830e-04 1.672206e-01
-2.465669e-04 3.000765e-01
-2.183217e-04 4.095347e-01
+2.922971e-04 5.720098e-01
-2.475972e-04 7.598493e-01
+5.874423e-05 8.892454e-01
+8.282843e-04 9.763429e-01
+5.588694e-04 1.134497e+00
-7.757242e-04 1.154990e+00
-1.685803e-04 1.115497e+00
+5.405684e-04 1.039283e+00
-1.808378e-07 9.618724e-01
+8.557626e-05 6.971613e-02
+6.048541e-05 3.324611e-02
-1.222089e-05 6.141877e-02
+9.890487e-05 8.477679e-02
+1.825076e-04 1.165734e-01
+1.353368e-04 1.573600e-01
-7.639845e-05 1.835523e-01
+1.204894e-04 1.995560e-01
-4.852829e-05 2.334583e-01
-3.367240e-04 2.363232e-01
-2.416784e-04 2.298200e-01
-2.223635e-05 2.136828e-01
+1.926048e-04 1.974432e-01
-1.380597e-05 1.392347e-02
-2.314635e-01 3.445649e+02
+2.786654e-01 2.359865e+02
-1.318121e-01 7.067758e+01
+1.857500e-01 4.567119e+01
+1.014560e-01 3.474626e+01
-3.401222e-01 2.696386e+01
-4.144123e-01 2.419296e+01
+2.734419e-01 2.288064e+01
-5.769764e-02 1.829233e+01
-2.202437e-02 1.667159e+01
-2.166093e-03 2.701900e-02
-4.802343e-04 1.073079e-02
+5.076213e-03 1.432448e-01
-3.880321e-03 8.576481e-02
-1.149513e-03 3.048392e-02
-3.875936e-03 4.902093e-02
-1.436733e-03 4.129080e-02
+3.368168e-04 4.282637e-02
+1.732861e-03 3.122839e-02
+3.787848e-04 2.645393e-02
-1.146939e-05 2.641193e-03
-8.095399e-06 1.008914e-03
+5.913745e-05 9.162978e-03
-4.342853e-05 5.637012e-03
-2.312545e-05 2.076261e-03
+1.593469e-05 3.850856e-03
+2.613026e-05 3.435861e-03
-1.072252e-05 3.328632e-03
+1.697033e-05 2.415302e-03
-1.174142e-05 2.195689e-03
