-5.151727e-01 4.793760e+00
+3.100586e+00 5.058267e+00
-2.383503e+00 7.662419e+00
-2.234419e-01 9.247134e+00
-1.058780e+00 9.740655e+00
-7.491823e-01 1.074964e+01
+2.320350e-01 1.158920e+01
-6.671588e-01 1.234223e+01
-1.503759e+00 1.253207e+01
-1.336612e+00 1.230788e+01
-2.103948e+00 1.226431e+01
-2.058644e+00 1.040033e+01
+2.369338e+01 8.619407e-01
+4.570656e-04 2.538074e-01
+3.636875e-04 3.787524e-01
+5.467406e-04 5.446128e-01
+1.867767e-04 7.572662e-01
-1.845425e-04 8.872397e-01
+5.691528e-04 9.983780e-01
-2.746427e-04 1.108646e+00
-2.850501e-04 1.240076e+00
+2.762811e-04 1.265992e+00
-3.166358e-04 1.213201e+00
-2.033292e-04 1.129678e+00
-1.112102e-03 1.026721e+00
+4.544927e-05 6.850753e-02
-5.689938e-05 4.461748e-02
-1.172750e-04 7.167738e-02
-1.446578e-05 1.032036e-01
-5.286829e-05 1.420624e-01
-1.775371e-04 1.746780e-01
-2.144284e-04 1.983245e-01
-6.825953e-06 2.192983e-01
+9.571672e-05 2.482805e-01
+1.270938e-04 2.520363e-01
+1.359313e-04 2.431988e-01
+2.180215e-04 2.258052e-01
+7.996079e-05 2.058681e-01
+3.315678e-05 1.366304e-02
-2.092769e-01 3.439957e+02
+2.829828e-01 2.362485e+02
-1.805621e-01 7.041409e+01
+2.231531e-01 4.543739e+01
+1.121851e-01 3.462519e+01
-2.996337e-01 2.711752e+01
-3.983597e-01 2.419030e+01
+2.691382e-01 2.284203e+01
-7.448914e-02 1.822201e+01
-2.633516e-02 1.658777e+01
-2.303396e-03 2.704348e-02
-3.872409e-04 1.073676e-02
+4.686655e-03 1.433054e-01
-3.608649e-03 8.581089e-02
-1.006417e-03 3.048764e-02
-4.222186e-03 4.901423e-02
-1.743738e-03 4.126448e-02
+5.478944e-04 4.280784e-02
+1.619559e-03 3.124385e-02
+4.799552e-04 2.647469e-02
+2.649414e-05 2.643010e-03
-9.760124e-06 1.009583e-03
-1.155645e-05 9.165225e-03
+3.936043e-06 5.638856e-03
+4.333728e-06 2.076730e-03
+3.200324e-05 3.851642e-03
+1.807519e-05 3.435433e-03
-2.111433e-05 3.328284e-03
+8.519317e-08 2.416339e-03
-4.956703e-06 2.197127e-03
-5.148652e-01 4.792676e+00
+3.100673e+00 5.058941e+00
-2.383311e+00 7.662751e+00
-2.233100e-01 9.246057e+00
-1.059232e+00 9.742546e+00
-7.488467e-01 1.074988e+01
+2.321396e-01 1.158995e+01
-6.672765e-01 1.234491e+01
-1.503447e+00 1.253167e+01
-1.336724e+00 1.230663e+01
-2.103894e+00 1.226279e+01
-2.059184e+00 1.039772e+01
+2.369344e+01 8.615781e-01
+4.056376e-04 2.538741e-01
+3.134054e-04 3.787903e-01
+5.635436e-04 5.444991e-01
+1.837533e-04 7.569998e-01
-3.329888e-04 8.869301e-01
+3.471146e-04 9.979044e-01
-2.218518e-04 1.108061e+00
-1.888897e-04 1.239610e+00
+3.453254e-04 1.265291e+00
-2.162814e-04 1.212507e+00
-1.257220e-04 1.129024e+00
-8.940730e-04 1.026370e+00
+7.291400e-05 6.861115e-02
-6.643534e-05 4.469729e-02
-1.114564e-04 7.183104e-02
-3.157556e-05 1.034072e-01
-5.551076e-05 1.423203e-01
-1.611373e-04 1.750590e-01
-2.003234e-04 1.987140e-01
+2.433992e-06 2.197293e-01
+1.226172e-04 2.488426e-01
+1.067504e-04 2.525649e-01
+1.274834e-04 2.437043e-01
+2.144225e-04 2.262686e-01
+1.057940e-04 2.062925e-01
+2.746671e-05 1.370228e-02
-2.115639e-01 3.440533e+02
+2.825847e-01 2.362219e+02
-1.757382e-01 7.044114e+01
+2.194501e-01 4.546115e+01
+1.111275e-01 3.463703e+01
-3.037986e-01 2.710176e+01
-4.000563e-01 2.419029e+01
+2.696313e-01 2.284568e+01
-7.282787e-02 1.822916e+01
-2.587863e-02 1.659604e+01
-2.273844e-03 2.705695e-02
-4.024441e-04 1.074480e-02
+4.711958e-03 1.433183e-01
-3.629671e-03 8.582195e-02
-1.013356e-03 3.050052e-02
-4.180768e-03 4.902708e-02
-1.716238e-03 4.128133e-02
+5.187071e-04 4.282589e-02
+1.633038e-03 3.125023e-02
+4.685831e-04 2.648156e-02
+2.651508e-05 2.644932e-03
-9.800734e-06 1.010686e-03
-1.905812e-06 9.166090e-03
-8.610914e-07 5.639685e-03
+1.970784e-06 2.077953e-03
+3.365997e-05 3.852519e-03
+2.057237e-05 3.436578e-03
-2.122435e-05 3.329431e-03
+2.315933e-06 2.417039e-03
-5.827449e-06 2.198063e-03
-5.146371e-01 4.792400e+00
+3.100783e+00 5.059506e+00
-2.382853e+00 7.663384e+00
-2.231378e-01 9.245060e+00
-1.059795e+00 9.744221e+00
-7.490461e-01 1.074976e+01
+2.318273e-01 1.158874e+01
-6.671552e-01 1.234464e+01
-1.503096e+00 1.253059e+01
-1.336798e+00 1.230411e+01
-2.103792e+00 1.226274e+01
-2.059597e+00 1.039603e+01
+2.369353e+01 8.612639e-01
+3.351847e-04 2.539437e-01
+2.517880e-04 3.788113e-01
+5.238388e-04 5.443621e-01
+1.624504e-04 7.566738e-01
-4.088370e-04 8.866609e-01
+2.598929e-04 9.975151e-01
-1.884022e-04 1.107553e+00
-5.090659e-05 1.239277e+00
+4.644360e-04 1.264541e+00
-1.411168e-04 1.212012e+00
-3.532952e-05 1.128312e+00
-7.739757e-04 1.025844e+00
+9.284671e-05 6.871749e-02
-6.294227e-05 4.477675e-02
-1.104990e-04 7.199101e-02
-7.590473e-05 1.036136e-01
-5.815671e-05 1.425821e-01
-1.151787e-04 1.754354e-01
-1.366499e-04 1.991269e-01
+3.651948e-05 2.201591e-01
+1.335469e-04 2.493970e-01
+6.325979e-05 2.531019e-01
+1.019415e-04 2.441965e-01
+1.966465e-04 2.267619e-01
+9.786555e-05 2.067558e-01
+2.001603e-05 1.374018e-02
-2.138196e-01 3.441107e+02
+2.821719e-01 2.361956e+02
-1.709184e-01 7.046806e+01
+2.157466e-01 4.548481e+01
+1.100757e-01 3.464899e+01
-3.079317e-01 2.708610e+01
-4.017355e-01 2.419045e+01
+2.701053e-01 2.284936e+01
-7.116049e-02 1.823630e+01
-2.542907e-02 1.660441e+01
-2.246800e-03 2.706289e-02
-4.154293e-04 1.074864e-02
+4.738661e-03 1.433276e-01
-3.649605e-03 8.582907e-02
-1.020964e-03 3.050867e-02
-4.139571e-03 4.903698e-02
-1.686799e-03 4.129448e-02
+4.919728e-04 4.283905e-02
+1.644352e-03 3.125350e-02
+4.581991e-04 2.648470e-02
+2.317411e-05 2.648093e-03
-8.509395e-06 1.012477e-03
+7.200438e-06 9.167477e-03
-5.513849e-06 5.641051e-03
-1.679929e-06 2.079995e-03
+3.456811e-05 3.853865e-03
+2.413271e-05 3.438281e-03
-2.039327e-05 3.331250e-03
+2.913347e-06 2.418240e-03
-6.243834e-06 2.199558e-03
-5.143766e-01 4.791741e+00
+3.100875e+00 5.059415e+00
-2.382391e+00 7.663328e+00
-2.229875e-01 9.245379e+00
-1.060238e+00 9.745270e+00
-7.489926e-01 1.074918e+01
+2.317317e-01 1.158969e+01
-6.670897e-01 1.234415e+01
-1.502456e+00 1.252970e+01
-1.336735e+00 1.230187e+01
-2.103705e+00 1.226203e+01
-2.059863e+00 1.039445e+01
+2.369366e+01 8.609858e-01
+2.827198e-04 2.539756e-01
+1.669441e-04 3.788611e-01
+4.135505e-04 5.443010e-01
+9.010564e-05 7.563733e-01
-4.573234e-04 8.863721e-01
+1.895178e-04 9.970865e-01
-1.304115e-04 1.106997e+00
+7.615858e-05 1.238878e+00
+4.836639e-04 1.263948e+00
-2.641031e-05 1.211472e+00
+8.762274e-05 1.127738e+00
-6.911406e-04 1.025188e+00
+1.047955e-04 6.882167e-02
-5.054851e-05 4.486552e-02
-1.138213e-04 7.215734e-02
-1.091843e-04 1.038285e-01
-4.474937e-05 1.428825e-01
-6.963319e-05 1.758651e-01
-8.337936e-05 1.996035e-01
+7.620252e-05 2.207071e-01
+1.287250e-04 2.500446e-01
-1.119564e-05 2.537248e-01
+6.824043e-05 2.447933e-01
+1.732033e-04 2.273196e-01
+8.223118e-05 2.073292e-01
+1.182122e-05 1.377896e-02
-2.160504e-01 3.441679e+02
+2.817483e-01 2.361694e+02
-1.661020e-01 7.049482e+01
+2.120442e-01 4.550833e+01
+1.090274e-01 3.466101e+01
-3.120326e-01 2.707056e+01
-4.033920e-01 2.419069e+01
+2.705637e-01 2.285308e+01
-6.949189e-02 1.824343e+01
-2.498482e-02 1.661282e+01
-2.225069e-03 2.706892e-02
-4.254768e-04 1.075257e-02
+4.766158e-03 1.433375e-01
-3.668367e-03 8.583568e-02
-1.030545e-03 3.051680e-02
-4.097804e-03 4.904717e-02
-1.653027e-03 4.130773e-02
+4.679580e-04 4.285150e-02
+1.651967e-03 3.125657e-02
+4.487850e-04 2.648745e-02
+1.756975e-05 2.650604e-03
-6.574916e-06 1.013907e-03
+1.599682e-05 9.168580e-03
-1.045532e-05 5.642182e-03
-5.863252e-06 2.081683e-03
+3.315945e-05 3.854993e-03
+2.615297e-05 3.439698e-03
-1.878415e-05 3.332804e-03
+3.363125e-06 2.419221e-03
-6.383746e-06 2.200764e-03
-5.142064e-01 4.790826e+00
+3.100878e+00 5.059693e+00
-2.382202e+00 7.663423e+00
-2.229779e-01 9.244397e+00
-1.060709e+00 9.746227e+00
-7.486871e-01 1.074903e+01
+2.317118e-01 1.159002e+01
-6.667752e-01 1.234471e+01
-1.501595e+00 1.252879e+01
-1.336550e+00 1.230088e+01
-2.103391e+00 1.226310e+01
-2.060636e+00 1.039342e+01
+2.369376e+01 8.607495e-01
+2.524003e-04 2.540151e-01
+5.901416e-05 3.789024e-01
+2.696599e-04 5.442101e-01
+6.249791e-05 7.560530e-01
-4.773695e-04 8.861920e-01
+1.883546e-04 9.968224e-01
+3.137570e-05 1.106551e+00
+1.830295e-04 1.238549e+00
+4.032501e-04 1.263570e+00
+2.036677e-05 1.210883e+00
+2.160893e-04 1.127113e+00
-6.124067e-04 1.024820e+00
+1.094614e-04 6.892149e-02
-3.420989e-05 4.494615e-02
-1.119785e-04 7.231122e-02
-1.087872e-04 1.040288e-01
-1.173355e-05 1.431750e-01
-4.125010e-05 1.762547e-01
-7.120300e-05 2.000655e-01
+1.120387e-04 2.212097e-01
+1.124393e-04 2.506335e-01
-8.783034e-05 2.543025e-01
+2.730068e-05 2.454110e-01
+1.340133e-04 2.278744e-01
+1.058057e-04 2.078537e-01
+6.705803e-06 1.380948e-02
-2.182639e-01 3.442244e+02
+2.813171e-01 2.361433e+02
-1.612884e-01 7.052138e+01
+2.083441e-01 4.553172e+01
+1.079795e-01 3.467302e+01
-3.161000e-01 2.705515e+01
-4.050194e-01 2.419092e+01
+2.710093e-01 2.285688e+01
-6.782676e-02 1.825051e+01
-2.454520e-02 1.662118e+01
-2.210842e-03 2.707442e-02
-4.320599e-04 1.075610e-02
+4.794571e-03 1.433425e-01
-3.686868e-03 8.583891e-02
-1.041778e-03 3.052271e-02
-4.062157e-03 4.905394e-02
-1.621720e-03 4.131668e-02
+4.482331e-04 4.285970e-02
+1.657609e-03 3.125871e-02
+4.408499e-04 2.648934e-02
+1.232748e-05 2.651475e-03
-5.085560e-06 1.014423e-03
+2.452832e-05 9.168944e-03
-1.577774e-05 5.642582e-03
-9.787459e-06 2.082339e-03
+3.075755e-05 3.855477e-03
+2.660766e-05 3.440344e-03
-1.749704e-05 3.333493e-03
+4.626033e-06 2.419575e-03
-6.665870e-06 2.201200e-03
-5.139270e-01 4.789564e+00
+3.100941e+00 5.059850e+00
-2.382063e+00 7.663519e+00
-2.230445e-01 9.243623e+00
-1.061318e+00 9.746439e+00
-7.485515e-01 1.074901e+01
+2.318114e-01 1.159178e+01
-6.666007e-01 1.234457e+01
-1.501435e+00 1.252817e+01
-1.336493e+00 1.229878e+01
-2.103098e+00 1.226367e+01
-2.061143e+00 1.039098e+01
+2.369386e+01 8.605041e-01
+2.238994e-04 2.541099e-01
-4.946567e-05 3.791099e-01
+1.647601e-04 5.443636e-01
+8.245954e-05 7.562055e-01
-5.023941e-04 8.865012e-01
+1.136351e-04 9.972483e-01
+1.572859e-04 1.107024e+00
+2.941744e-04 1.239153e+00
+2.465146e-04 1.264117e+00
+1.026868e-05 1.211417e+00
+3.326454e-04 1.127244e+00
-5.076945e-04 1.025419e+00
+1.110068e-04 6.900791e-02
-2.280498e-05 4.499471e-02
-1.028665e-04 7.241109e-02
-8.520445e-05 1.041677e-01
+3.006268e-05 1.433773e-01
-2.088778e-05 1.764997e-01
-7.186246e-05 2.003611e-01
+1.317504e-04 2.215341e-01
+9.804732e-05 2.510103e-01
-1.317854e-04 2.546894e-01
-1.607197e-05 2.458259e-01
+8.338841e-05 2.282705e-01
+1.438920e-04 2.082000e-01
+4.458776e-06 1.382645e-02
-2.204648e-01 3.442804e+02
+2.808802e-01 2.361173e+02
-1.564773e-01 7.054775e+01
+2.046470e-01 4.555502e+01
+1.069302e-01 3.468503e+01
-3.201330e-01 2.703995e+01
-4.066139e-01 2.419115e+01
+2.714439e-01 2.286079e+01
-6.616793e-02 1.825757e+01
-2.411005e-02 1.662949e+01
-2.203323e-03 2.707198e-02
-4.357203e-04 1.075506e-02
+4.823931e-03 1.433385e-01
-3.705830e-03 8.583540e-02
-1.053732e-03 3.052148e-02
-4.036314e-03 4.905365e-02
-1.597859e-03 4.131727e-02
+4.329134e-04 4.285968e-02
+1.663354e-03 3.125715e-02
+4.344386e-04 2.648715e-02
+8.898184e-06 2.651499e-03
-4.530182e-06 1.014465e-03
+3.280941e-05 9.168822e-03
-2.136067e-05 5.642513e-03
-1.315203e-05 2.082404e-03
+2.885355e-05 3.855546e-03
+2.644219e-05 3.440490e-03
-1.718283e-05 3.333621e-03
+6.825907e-06 2.419580e-03
-7.289871e-06 2.201212e-03
-5.136476e-01 4.788301e+00
+3.101004e+00 5.060007e+00
-2.381924e+00 7.663614e+00
-2.231111e-01 9.242849e+00
-1.061927e+00 9.746650e+00
-7.484159e-01 1.074899e+01
+2.319111e-01 1.159354e+01
-6.664263e-01 1.234443e+01
-1.501276e+00 1.252755e+01
-1.336435e+00 1.229668e+01
-2.102805e+00 1.226424e+01
-2.061650e+00 1.038854e+01
+2.369396e+01 8.602586e-01
+1.953984e-04 2.542046e-01
-1.579455e-04 3.793174e-01
+5.986031e-05 5.445171e-01
+1.024212e-04 7.563579e-01
-5.274187e-04 8.868105e-01
+3.891569e-05 9.976742e-01
+2.831962e-04 1.107497e+00
+4.053193e-04 1.239757e+00
+8.977905e-05 1.264663e+00
+1.705921e-07 1.211950e+00
+4.492015e-04 1.127374e+00
-4.029823e-04 1.026018e+00
+1.125521e-04 6.909433e-02
-1.140007e-05 4.504327e-02
-9.375458e-05 7.251095e-02
-6.162167e-05 1.043066e-01
+7.185892e-05 1.435795e-01
-5.254578e-07 1.767446e-01
-7.252192e-05 2.006567e-01
+1.514621e-04 2.218584e-01
+8.365534e-05 2.513870e-01
-1.757404e-04 2.550763e-01
-5.944461e-05 2.462407e-01
+3.276354e-05 2.286666e-01
+1.819783e-04 2.085464e-01
+2.211749e-06 1.384343e-02
-2.226658e-01 3.443364e+02
+2.804434e-01 2.360913e+02
-1.516661e-01 7.057408e+01
+2.009498e-01 4.557828e+01
+1.058808e-01 3.469704e+01
-3.241659e-01 2.702471e+01
-4.082083e-01 2.419138e+01
+2.718785e-01 2.286470e+01
-6.450909e-02 1.826462e+01
-2.367490e-02 1.663780e+01
-2.195805e-03 2.706954e-02
-4.393807e-04 1.075403e-02
+4.853290e-03 1.433345e-01
-3.724792e-03 8.583189e-02
-1.065687e-03 3.052026e-02
-4.010471e-03 4.905337e-02
-1.573998e-03 4.131785e-02
+4.175937e-04 4.285965e-02
+1.669099e-03 3.125559e-02
+4.280274e-04 2.648495e-02
+5.468886e-06 2.651524e-03
-3.974804e-06 1.014507e-03
+4.109051e-05 9.168699e-03
-2.694359e-05 5.642443e-03
-1.651659e-05 2.082469e-03
+2.694954e-05 3.855616e-03
+2.627673e-05 3.440636e-03
-1.686863e-05 3.333750e-03
+9.025780e-06 2.419586e-03
-7.913872e-06 2.201224e-03
-5.135186e-01 4.787004e+00
+3.100894e+00 5.060827e+00
-2.382018e+00 7.663941e+00
-2.232364e-01 9.242794e+00
-1.062544e+00 9.746792e+00
-7.486161e-01 1.074765e+01
+2.320421e-01 1.159487e+01
-6.662438e-01 1.234402e+01
-1.501473e+00 1.252925e+01
-1.336315e+00 1.229689e+01
-2.102531e+00 1.226567e+01
-2.062011e+00 1.038709e+01
+2.369408e+01 8.599498e-01
+1.752355e-04 2.541868e-01
-2.467888e-04 3.793088e-01
-5.029187e-05 5.445155e-01
+1.443142e-04 7.562367e-01
-5.441281e-04 8.868308e-01
-3.144280e-05 9.976887e-01
+4.233466e-04 1.107475e+00
+5.129816e-04 1.239661e+00
-8.700121e-05 1.264843e+00
-6.373538e-05 1.212017e+00
+4.972942e-04 1.127176e+00
-2.426232e-04 1.026273e+00
+1.119609e-04 6.909168e-02
+4.820364e-06 4.504462e-02
-6.380258e-05 7.251465e-02
-2.429036e-05 1.042959e-01
+1.178486e-04 1.435738e-01
+3.408565e-05 1.767154e-01
-5.505648e-05 2.006184e-01
+1.638637e-04 2.218039e-01
+5.424221e-05 2.513358e-01
-2.279515e-04 2.550310e-01
-9.900585e-05 2.462313e-01
-1.618302e-05 2.286488e-01
+2.058868e-04 2.085429e-01
-2.097856e-06 1.384341e-02
-2.248661e-01 3.443929e+02
+2.800065e-01 2.360654e+02
-1.467935e-01 7.060032e+01
+1.972122e-01 4.560157e+01
+1.048081e-01 3.470924e+01
-3.281812e-01 2.700953e+01
-4.097868e-01 2.419172e+01
+2.722937e-01 2.286870e+01
-6.283396e-02 1.827164e+01
-2.324778e-02 1.664621e+01
-2.188097e-03 2.705523e-02
-4.444673e-04 1.074679e-02
+4.900846e-03 1.433156e-01
-3.756208e-03 8.581688e-02
-1.084351e-03 3.051003e-02
-3.979379e-03 4.904558e-02
-1.544678e-03 4.131100e-02
+3.973635e-04 4.285146e-02
+1.680352e-03 3.124823e-02
+4.187469e-04 2.647594e-02
+2.005714e-06 2.651057e-03
-4.521528e-06 1.014290e-03
+5.038712e-05 9.168263e-03
-3.362699e-05 5.642098e-03
-2.009219e-05 2.082250e-03
+2.537024e-05 3.855433e-03
+2.698390e-05 3.440513e-03
-1.627121e-05 3.333598e-03
+1.203757e-05 2.419398e-03
-9.082763e-06 2.200994e-03
-5.133692e-01 4.785981e+00
+3.100697e+00 5.061558e+00
-2.382127e+00 7.664165e+00
-2.233556e-01 9.243121e+00
-1.063281e+00 9.747281e+00
-7.487169e-01 1.074778e+01
+2.322748e-01 1.159706e+01
-6.658268e-01 1.234542e+01
-1.501142e+00 1.252935e+01
-1.336013e+00 1.229545e+01
-2.101959e+00 1.226550e+01
-2.062030e+00 1.038585e+01
+2.369418e+01 8.596031e-01
+1.615405e-04 2.542476e-01
-3.003443e-04 3.794963e-01
-1.451674e-04 5.448091e-01
+2.005142e-04 7.566603e-01
-4.969054e-04 8.874715e-01
-3.233814e-05 9.984183e-01
+6.032639e-04 1.108401e+00
+6.023300e-04 1.240640e+00
-2.804495e-04 1.265874e+00
-9.078860e-05 1.212994e+00
+4.728804e-04 1.127941e+00
-1.099075e-04 1.027292e+00
+1.071533e-04 6.908078e-02
+1.997995e-05 4.502039e-02
-3.109063e-05 7.246641e-02
+1.911087e-05 1.042289e-01
+1.537299e-04 1.434818e-01
+8.332311e-05 1.765722e-01
-3.779136e-05 2.004575e-01
+1.652142e-04 2.215875e-01
+4.086456e-06 2.511018e-01
-2.877895e-04 2.548263e-01
-1.420964e-04 2.460482e-01
-4.974823e-05 2.284748e-01
+2.124237e-04 2.084081e-01
-6.063620e-06 1.383011e-02
-2.270659e-01 3.444500e+02
+2.795674e-01 2.360393e+02
-1.418598e-01 7.062636e+01
+1.934338e-01 4.562482e+01
+1.037124e-01 3.472154e+01
-3.321790e-01 2.699435e+01
-4.113484e-01 2.419212e+01
+2.726907e-01 2.287272e+01
-6.114164e-02 1.827859e+01
-2.282933e-02 1.665465e+01
-2.180253e-03 2.704057e-02
-4.524862e-04 1.073985e-02
+4.960177e-03 1.432891e-01
-3.796427e-03 8.579712e-02
-1.107039e-03 3.049864e-02
-3.944854e-03 4.903594e-02
-1.510740e-03 4.130283e-02
+3.751724e-04 4.284156e-02
+1.696161e-03 3.124013e-02
+4.068855e-04 2.646664e-02
-1.710642e-06 2.648705e-03
-6.054422e-06 1.013022e-03
+5.758170e-05 9.167051e-03
-3.942579e-05 5.640932e-03
-2.270332e-05 2.080907e-03
+2.326762e-05 3.854393e-03
+2.775507e-05 3.439439e-03
-1.469636e-05 3.332463e-03
+1.498047e-05 2.418459e-03
-1.041011e-05 2.199773e-03
-5.131884e-01 4.785884e+00
+3.100642e+00 5.061893e+00
-2.382254e+00 7.664961e+00
-2.233681e-01 9.243178e+00
-1.063916e+00 9.748307e+00
-7.488456e-01 1.074754e+01
+2.325278e-01 1.159831e+01
-6.655445e-01 1.234393e+01
-1.501175e+00 1.252943e+01
-1.336072e+00 1.229504e+01
-2.101878e+00 1.226740e+01
-2.061942e+00 1.038439e+01
+2.369429e+01 8.591715e-01
+1.686892e-04 2.543364e-01
-2.673435e-04 3.797026e-01
-1.789386e-04 5.450407e-01
+2.705280e-04 7.570838e-01
-4.104049e-04 8.881773e-01
+2.265944e-05 9.992435e-01
+7.267470e-04 1.109336e+00
+6.257296e-04 1.241640e+00
-5.068437e-04 1.266953e+00
-1.172112e-04 1.213980e+00
+4.931113e-04 1.128806e+00
-3.425912e-05 1.028506e+00
+9.414095e-05 6.906765e-02
+3.432858e-05 4.498551e-02
-1.458154e-05 7.240108e-02
+6.581771e-05 1.041554e-01
+1.723381e-04 1.433808e-01
+1.257725e-04 1.764170e-01
-4.193874e-05 2.002822e-01
+1.465519e-04 2.213735e-01
-3.247096e-05 2.508229e-01
-3.256777e-04 2.546154e-01
-1.866833e-04 2.458512e-01
-3.989432e-05 2.282803e-01
+2.042564e-04 2.082417e-01
-1.032146e-05 1.380654e-02
-2.292650e-01 3.445073e+02
+2.791222e-01 2.360131e+02
-1.368656e-01 7.065214e+01
+1.896136e-01 4.564801e+01
+1.025946e-01 3.473390e+01
-3.361592e-01 2.697914e+01
-4.128912e-01 2.419254e+01
+2.730722e-01 2.287672e+01
-5.943037e-02 1.828548e+01
-2.242090e-02 1.666311e+01
-2.172647e-03 2.703341e-02
-4.645494e-04 1.073729e-02
+5.018699e-03 1.432681e-01
-3.837747e-03 8.578227e-02
-1.128770e-03 3.049303e-02
-3.910422e-03 4.903006e-02
-1.474748e-03 4.129866e-02
+3.553778e-04 4.283591e-02
+1.713752e-03 3.123557e-02
+3.935901e-04 2.646199e-02
-6.080113e-06 2.644246e-03
-7.659165e-06 1.010573e-03
+5.964081e-05 9.164805e-03
-4.221032e-05 5.638719e-03
-2.332760e-05 2.078201e-03
+1.984940e-05 3.852344e-03
+2.742602e-05 3.437303e-03
-1.217030e-05 3.330197e-03
+1.660155e-05 2.416625e-03
-1.128795e-05 2.197380e-03
-5.130661e-01 4.786232e+00
+3.100605e+00 5.062087e+00
-2.382412e+00 7.664770e+00
-2.233918e-01 9.243312e+00
-1.064287e+00 9.747966e+00
-7.487810e-01 1.074799e+01
+2.329852e-01 1.159983e+01
-6.652824e-01 1.234325e+01
-1.501287e+00 1.252738e+01
-1.335735e+00 1.229372e+01
-2.101923e+00 1.226760e+01
-2.061972e+00 1.038213e+01
+2.369438e+01 8.588333e-01
+1.642809e-04 2.544047e-01
-2.540028e-04 3.798903e-01
-2.155386e-04 5.453434e-01
+2.940589e-04 7.575339e-01
-2.662540e-04 8.888795e-01
+5.088939e-05 1.000156e+00
+8.303124e-04 1.110236e+00
+5.766491e-04 1.242744e+00
-7.649222e-04 1.268168e+00
-1.884998e-04 1.214994e+00
+5.336950e-04 1.129663e+00
+1.088866e-05 1.029825e+00
+8.588189e-05 6.904828e-02
+5.653271e-05 4.496282e-02
-2.222782e-05 7.235749e-02
+9.851667e-05 1.040940e-01
+1.748152e-04 1.433172e-01
+1.301926e-04 1.762916e-01
-6.744666e-05 2.001710e-01
+1.195122e-04 2.212420e-01
-4.329368e-05 2.506284e-01
-3.359867e-04 2.544474e-01
-2.468248e-04 2.457002e-01
-2.289652e-05 2.281502e-01
+2.007729e-04 2.081335e-01
-1.391295e-05 1.378399e-02
-2.314635e-01 3.445649e+02
+2.786654e-01 2.359865e+02
-1.318121e-01 7.067758e+01
+1.857500e-01 4.567119e+01
+1.014560e-01 3.474626e+01
-3.401222e-01 2.696386e+01
-4.144123e-01 2.419296e+01
+2.734419e-01 2.288064e+01
-5.769764e-02 1.829233e+01
-2.202437e-02 1.667159e+01
-2.166093e-03 2.701900e-02
-4.802343e-04 1.073079e-02
+5.076213e-03 1.432448e-01
-3.880321e-03 8.576481e-02
-1.149513e-03 3.048392e-02
-3.875936e-03 4.902093e-02
-1.436733e-03 4.129080e-02
+3.368168e-04 4.282637e-02
+1.732861e-03 3.122839e-02
+3.787848e-04 2.645393e-02
-1.146939e-05 2.641193e-03
-8.095399e-06 1.008914e-03
+5.913745e-05 9.162978e-03
-4.342853e-05 5.637012e-03
-2.312545e-05 2.076261e-03
+1.593469e-05 3.850856e-03
+2.613026e-05 3.435861e-03
-1.072252e-05 3.328632e-03
+1.697033e-05 2.415302e-03
-1.174142e-05 2.195689e-03
