+3.390666e+00 1.092556e+01
+4.775848e+00 1.101111e+01
-1.404976e+00 1.715578e+01
-2.061818e+00 1.819411e+01
-3.778015e+00 1.713257e+01
-1.790435e+00 1.845970e+01
-1.784326e-01 1.879595e+01
+5.308398e-02 1.808585e+01
-1.611168e+00 1.787565e+01
-7.825885e-01 1.816695e+01
-7.262496e-01 1.538945e+01
-7.203827e-01 1.288395e+01
+2.289174e+01 1.297833e+00
+1.904291e-04 4.654401e-01
-2.463780e-04 5.681029e-01
+3.948081e-04 8.150735e-01
+1.824720e-04 1.119636e+00
-5.781244e-04 1.134295e+00
-1.282590e-03 1.290536e+00
-2.458842e-04 1.461436e+00
+4.108062e-04 1.584264e+00
-2.436040e-04 1.548622e+00
-4.436114e-04 1.505073e+00
+7.467392e-06 1.300273e+00
+2.109980e-04 1.178674e+00
+1.275726e-05 6.661243e-02
-2.117651e-07 7.279273e-02
+8.548375e-05 9.548549e-02
-1.603262e-04 1.384213e-01
-1.250216e-04 1.967094e-01
-4.706909e-05 2.106342e-01
+1.673450e-04 2.441720e-01
-4.937872e-05 2.816518e-01
+2.445650e-05 3.098761e-01
+2.030935e-04 3.012944e-01
+1.261998e-04 2.944054e-01
+1.167824e-04 2.536383e-01
+6.167012e-05 2.309880e-01
-1.997331e-06 1.366626e-02
-2.092769e-01 3.439957e+02
+2.829828e-01 2.362485e+02
-1.805621e-01 7.041409e+01
+2.231531e-01 4.543739e+01
+1.121851e-01 3.462519e+01
-2.996337e-01 2.711752e+01
-3.983597e-01 2.419030e+01
+2.691382e-01 2.284203e+01
-7.448914e-02 1.822201e+01
-2.633516e-02 1.658777e+01
-2.303396e-03 2.704348e-02
-3.872409e-04 1.073676e-02
+4.686655e-03 1.433054e-01
-3.608649e-03 8.581089e-02
-1.006417e-03 3.048764e-02
-4.222186e-03 4.901423e-02
-1.743738e-03 4.126448e-02
+5.478944e-04 4.280784e-02
+1.619559e-03 3.124385e-02
+4.799552e-04 2.647469e-02
+2.649414e-05 2.643010e-03
-9.760124e-06 1.009583e-03
-1.155645e-05 9.165225e-03
+3.936043e-06 5.638856e-03
+4.333728e-06 2.076730e-03
+3.200324e-05 3.851642e-03
+1.807519e-05 3.435433e-03
-2.111433e-05 3.328284e-03
+8.519317e-08 2.416339e-03
-4.956703e-06 2.197127e-03
+3.390847e+00 1.092556e+01
+4.775731e+00 1.101114e+01
-1.404946e+00 1.715624e+01
-2.061895e+00 1.819351e+01
-3.778665e+00 1.713214e+01
-1.791077e+00 1.846174e+01
-1.785501e-01 1.879818e+01
+5.319012e-02 1.808720e+01
-1.611368e+00 1.787218e+01
-7.828766e-01 1.816615e+01
-7.262509e-01 1.538919e+01
-7.201109e-01 1.288389e+01
+2.289174e+01 1.297917e+00
+1.922783e-04 4.654034e-01
-2.088116e-04 5.680210e-01
+2.901463e-04 8.149357e-01
+1.017622e-04 1.119230e+00
-6.195791e-04 1.133882e+00
-1.125789e-03 1.290047e+00
-2.471538e-04 1.460989e+00
+3.626943e-04 1.583818e+00
-1.715628e-04 1.547619e+00
-3.321873e-04 1.504249e+00
+3.107523e-05 1.299823e+00
+1.551499e-04 1.178020e+00
+6.909883e-06 6.670917e-02
-1.216592e-05 7.285083e-02
+7.303430e-05 9.561806e-02
-1.193083e-04 1.385913e-01
-1.128784e-04 1.969598e-01
-8.461418e-06 2.109757e-01
+1.961624e-04 2.446204e-01
-3.950013e-05 2.821887e-01
+7.397078e-06 3.104969e-01
+2.101838e-04 3.019029e-01
+1.192126e-04 2.950156e-01
+1.143438e-04 2.541011e-01
+3.179971e-05 2.314379e-01
+5.541569e-06 1.370942e-02
-2.115639e-01 3.440533e+02
+2.825847e-01 2.362219e+02
-1.757382e-01 7.044114e+01
+2.194501e-01 4.546115e+01
+1.111275e-01 3.463703e+01
-3.037986e-01 2.710176e+01
-4.000563e-01 2.419029e+01
+2.696313e-01 2.284568e+01
-7.282787e-02 1.822916e+01
-2.587863e-02 1.659604e+01
-2.273844e-03 2.705695e-02
-4.024441e-04 1.074480e-02
+4.711958e-03 1.433183e-01
-3.629671e-03 8.582195e-02
-1.013356e-03 3.050052e-02
-4.180768e-03 4.902708e-02
-1.716238e-03 4.128133e-02
+5.187071e-04 4.282589e-02
+1.633038e-03 3.125023e-02
+4.685831e-04 2.648156e-02
+2.651508e-05 2.644932e-03
-9.800734e-06 1.010686e-03
-1.905812e-06 9.166090e-03
-8.610914e-07 5.639685e-03
+1.970784e-06 2.077953e-03
+3.365997e-05 3.852519e-03
+2.057237e-05 3.436578e-03
-2.122435e-05 3.329431e-03
+2.315933e-06 2.417039e-03
-5.827449e-06 2.198063e-03
+3.390971e+00 1.092538e+01
+4.775541e+00 1.101106e+01
-1.404821e+00 1.715661e+01
-2.062056e+00 1.819325e+01
-3.779139e+00 1.713156e+01
-1.791604e+00 1.846309e+01
-1.786256e-01 1.879740e+01
+5.340618e-02 1.808763e+01
-1.611323e+00 1.786923e+01
-7.831257e-01 1.816484e+01
-7.265354e-01 1.538835e+01
-7.201999e-01 1.288371e+01
+2.289172e+01 1.297952e+00
+1.844555e-04 4.653531e-01
-1.601459e-04 5.679515e-01
+2.511059e-04 8.148327e-01
+2.330482e-05 1.118843e+00
-5.859623e-04 1.133396e+00
-8.850935e-04 1.289523e+00
-2.333681e-04 1.460599e+00
+3.444011e-04 1.583267e+00
+3.111163e-05 1.546835e+00
-1.611917e-04 1.503336e+00
+8.051359e-05 1.299355e+00
+1.029178e-04 1.177248e+00
-6.102590e-08 6.680579e-02
-1.450124e-05 7.290704e-02
+6.707020e-05 9.574343e-02
-7.806052e-05 1.387595e-01
-8.432323e-05 1.972067e-01
+3.710972e-05 2.113190e-01
+2.110867e-04 2.450749e-01
-2.526622e-05 2.827050e-01
+1.683170e-06 3.111112e-01
+1.789592e-04 3.024535e-01
+7.789751e-05 2.956188e-01
+1.156490e-04 2.545794e-01
+2.434599e-05 2.319310e-01
+1.068178e-05 1.375295e-02
-2.138196e-01 3.441107e+02
+2.821719e-01 2.361956e+02
-1.709184e-01 7.046806e+01
+2.157466e-01 4.548481e+01
+1.100757e-01 3.464899e+01
-3.079317e-01 2.708610e+01
-4.017355e-01 2.419045e+01
+2.701053e-01 2.284936e+01
-7.116049e-02 1.823630e+01
-2.542907e-02 1.660441e+01
-2.246800e-03 2.706289e-02
-4.154293e-04 1.074864e-02
+4.738661e-03 1.433276e-01
-3.649605e-03 8.582907e-02
-1.020964e-03 3.050867e-02
-4.139571e-03 4.903698e-02
-1.686799e-03 4.129448e-02
+4.919728e-04 4.283905e-02
+1.644352e-03 3.125350e-02
+4.581991e-04 2.648470e-02
+2.317411e-05 2.648093e-03
-8.509395e-06 1.012477e-03
+7.200438e-06 9.167477e-03
-5.513849e-06 5.641051e-03
-1.679929e-06 2.079995e-03
+3.456811e-05 3.853865e-03
+2.413271e-05 3.438281e-03
-2.039327e-05 3.331250e-03
+2.913347e-06 2.418240e-03
-6.243834e-06 2.199558e-03
+3.391181e+00 1.092535e+01
+4.775470e+00 1.101068e+01
-1.404789e+00 1.715677e+01
-2.061991e+00 1.819345e+01
-3.779647e+00 1.713065e+01
-1.791992e+00 1.846325e+01
-1.788860e-01 1.879816e+01
+5.368061e-02 1.808781e+01
-1.611073e+00 1.786589e+01
-7.828769e-01 1.816315e+01
-7.261943e-01 1.538752e+01
-7.202932e-01 1.288198e+01
+2.289171e+01 1.297949e+00
+1.644041e-04 4.653107e-01
-1.214420e-04 5.678710e-01
+2.515086e-04 8.147269e-01
-3.808163e-05 1.118430e+00
-4.771626e-04 1.132975e+00
-6.722563e-04 1.289158e+00
-2.364885e-04 1.460186e+00
+3.175981e-04 1.582597e+00
+1.643412e-04 1.546001e+00
-1.170242e-04 1.502684e+00
+1.353011e-04 1.298943e+00
+9.167974e-05 1.176491e+00
+6.646957e-06 6.690346e-02
-9.678577e-06 7.297096e-02
+5.678698e-05 9.589143e-02
-4.599076e-05 1.389595e-01
-5.875006e-05 1.974908e-01
+6.402885e-05 2.116966e-01
+2.010334e-04 2.455664e-01
-4.541868e-06 2.833132e-01
+7.691813e-06 3.118371e-01
+1.041736e-04 3.030828e-01
-5.210426e-06 2.962841e-01
+7.833065e-05 2.551198e-01
+1.564574e-05 2.324825e-01
+1.255068e-05 1.379430e-02
-2.160504e-01 3.441679e+02
+2.817483e-01 2.361694e+02
-1.661020e-01 7.049482e+01
+2.120442e-01 4.550833e+01
+1.090274e-01 3.466101e+01
-3.120326e-01 2.707056e+01
-4.033920e-01 2.419069e+01
+2.705637e-01 2.285308e+01
-6.949189e-02 1.824343e+01
-2.498482e-02 1.661282e+01
-2.225069e-03 2.706892e-02
-4.254768e-04 1.075257e-02
+4.766158e-03 1.433375e-01
-3.668367e-03 8.583568e-02
-1.030545e-03 3.051680e-02
-4.097804e-03 4.904717e-02
-1.653027e-03 4.130773e-02
+4.679580e-04 4.285150e-02
+1.651967e-03 3.125657e-02
+4.487850e-04 2.648745e-02
+1.756975e-05 2.650604e-03
-6.574916e-06 1.013907e-03
+1.599682e-05 9.168580e-03
-1.045532e-05 5.642182e-03
-5.863252e-06 2.081683e-03
+3.315945e-05 3.854993e-03
+2.615297e-05 3.439698e-03
-1.878415e-05 3.332804e-03
+3.363125e-06 2.419221e-03
-6.383746e-06 2.200764e-03
+3.391365e+00 1.092514e+01
+4.775444e+00 1.101014e+01
-1.404568e+00 1.715661e+01
-2.062173e+00 1.819291e+01
-3.780035e+00 1.712950e+01
-1.792410e+00 1.846344e+01
-1.790498e-01 1.879917e+01
+5.395239e-02 1.808890e+01
-1.610589e+00 1.786434e+01
-7.827133e-01 1.815913e+01
-7.259931e-01 1.538682e+01
-7.201583e-01 1.288064e+01
+2.289168e+01 1.297846e+00
+1.671121e-04 4.652666e-01
-7.342522e-05 5.678312e-01
+2.317406e-04 8.146546e-01
-6.153555e-05 1.118105e+00
-4.114746e-04 1.132516e+00
-5.022521e-04 1.288705e+00
-2.215354e-04 1.459591e+00
+3.247927e-04 1.582082e+00
+1.663870e-04 1.545036e+00
-1.957252e-04 1.502109e+00
+1.976903e-04 1.298600e+00
+1.059193e-04 1.175905e+00
+2.045500e-05 6.699615e-02
+2.830933e-06 7.303022e-02
+4.492304e-05 9.602785e-02
-4.034706e-05 1.391539e-01
-2.644226e-05 1.977614e-01
+6.205351e-05 2.120565e-01
+1.747103e-04 2.460285e-01
+1.492074e-05 2.839111e-01
+1.399353e-05 3.125308e-01
+4.896158e-06 3.037531e-01
-7.693356e-05 2.969077e-01
+3.050373e-05 2.556271e-01
-1.650918e-05 2.329873e-01
+1.214492e-05 1.382636e-02
-2.182639e-01 3.442244e+02
+2.813171e-01 2.361433e+02
-1.612884e-01 7.052138e+01
+2.083441e-01 4.553172e+01
+1.079795e-01 3.467302e+01
-3.161000e-01 2.705515e+01
-4.050194e-01 2.419092e+01
+2.710093e-01 2.285688e+01
-6.782676e-02 1.825051e+01
-2.454520e-02 1.662118e+01
-2.210842e-03 2.707442e-02
-4.320599e-04 1.075610e-02
+4.794571e-03 1.433425e-01
-3.686868e-03 8.583891e-02
-1.041778e-03 3.052271e-02
-4.062157e-03 4.905394e-02
-1.621720e-03 4.131668e-02
+4.482331e-04 4.285970e-02
+1.657609e-03 3.125871e-02
+4.408499e-04 2.648934e-02
+1.232748e-05 2.651475e-03
-5.085560e-06 1.014423e-03
+2.452832e-05 9.168944e-03
-1.577774e-05 5.642582e-03
-9.787459e-06 2.082339e-03
+3.075755e-05 3.855477e-03
+2.660766e-05 3.440344e-03
-1.749704e-05 3.333493e-03
+4.626033e-06 2.419575e-03
-6.665870e-06 2.201200e-03
+3.391429e+00 1.092486e+01
+4.775290e+00 1.100992e+01
-1.404300e+00 1.715640e+01
-2.062350e+00 1.819281e+01
-3.780322e+00 1.712859e+01
-1.792839e+00 1.846495e+01
-1.792116e-01 1.879920e+01
+5.411722e-02 1.808766e+01
-1.610631e+00 1.786199e+01
-7.832414e-01 1.815827e+01
-7.259534e-01 1.538728e+01
-7.198677e-01 1.288020e+01
+2.289174e+01 1.297541e+00
+1.712695e-04 4.653032e-01
-4.412156e-05 5.679688e-01
+2.038560e-04 8.148589e-01
-8.391863e-05 1.118244e+00
-3.616814e-04 1.132602e+00
-3.597679e-04 1.288860e+00
-1.753621e-04 1.460047e+00
+3.568349e-04 1.582822e+00
+9.932738e-05 1.545091e+00
-3.635570e-04 1.502367e+00
+1.637883e-04 1.299100e+00
+6.687418e-05 1.176121e+00
+3.143263e-05 6.707364e-02
+1.770254e-05 7.306918e-02
+3.487733e-05 9.611561e-02
-4.484782e-05 1.392852e-01
+3.050678e-06 1.979421e-01
+4.696657e-05 2.123074e-01
+1.584797e-04 2.463385e-01
+3.442555e-05 2.843172e-01
+2.005799e-05 3.129792e-01
-6.657354e-05 3.042131e-01
-1.012395e-04 2.973513e-01
-1.674238e-05 2.559687e-01
-6.606247e-05 2.333269e-01
+7.869152e-06 1.384480e-02
-2.204648e-01 3.442804e+02
+2.808802e-01 2.361173e+02
-1.564773e-01 7.054775e+01
+2.046470e-01 4.555502e+01
+1.069302e-01 3.468503e+01
-3.201330e-01 2.703995e+01
-4.066139e-01 2.419115e+01
+2.714439e-01 2.286079e+01
-6.616793e-02 1.825757e+01
-2.411005e-02 1.662949e+01
-2.203323e-03 2.707198e-02
-4.357203e-04 1.075506e-02
+4.823931e-03 1.433385e-01
-3.705830e-03 8.583540e-02
-1.053732e-03 3.052148e-02
-4.036314e-03 4.905365e-02
-1.597859e-03 4.131727e-02
+4.329134e-04 4.285968e-02
+1.663354e-03 3.125715e-02
+4.344386e-04 2.648715e-02
+8.898184e-06 2.651499e-03
-4.530182e-06 1.014465e-03
+3.280941e-05 9.168822e-03
-2.136067e-05 5.642513e-03
-1.315203e-05 2.082404e-03
+2.885355e-05 3.855546e-03
+2.644219e-05 3.440490e-03
-1.718283e-05 3.333621e-03
+6.825907e-06 2.419580e-03
-7.289871e-06 2.201212e-03
+3.391492e+00 1.092458e+01
+4.775137e+00 1.100970e+01
-1.404031e+00 1.715619e+01
-2.062528e+00 1.819271e+01
-3.780609e+00 1.712769e+01
-1.793268e+00 1.846646e+01
-1.793735e-01 1.879924e+01
+5.428205e-02 1.808642e+01
-1.610674e+00 1.785963e+01
-7.837695e-01 1.815740e+01
-7.259137e-01 1.538774e+01
-7.195771e-01 1.287976e+01
+2.289179e+01 1.297237e+00
+1.754269e-04 4.653398e-01
-1.481791e-05 5.681064e-01
+1.759715e-04 8.150632e-01
-1.063017e-04 1.118383e+00
-3.118882e-04 1.132688e+00
-2.172837e-04 1.289015e+00
-1.291888e-04 1.460503e+00
+3.888772e-04 1.583561e+00
+3.226778e-05 1.545146e+00
-5.313888e-04 1.502624e+00
+1.298862e-04 1.299600e+00
+2.782902e-05 1.176338e+00
+4.241025e-05 6.715112e-02
+3.257415e-05 7.310813e-02
+2.483161e-05 9.620338e-02
-4.934859e-05 1.394164e-01
+3.254361e-05 1.981227e-01
+3.187963e-05 2.125584e-01
+1.422492e-04 2.466485e-01
+5.393037e-05 2.847232e-01
+2.612244e-05 3.134276e-01
-1.380432e-04 3.046730e-01
-1.255455e-04 2.977948e-01
-6.398848e-05 2.563103e-01
-1.156157e-04 2.336665e-01
+3.593388e-06 1.386323e-02
-2.226658e-01 3.443364e+02
+2.804434e-01 2.360913e+02
-1.516661e-01 7.057408e+01
+2.009498e-01 4.557828e+01
+1.058808e-01 3.469704e+01
-3.241659e-01 2.702471e+01
-4.082083e-01 2.419138e+01
+2.718785e-01 2.286470e+01
-6.450909e-02 1.826462e+01
-2.367490e-02 1.663780e+01
-2.195805e-03 2.706954e-02
-4.393807e-04 1.075403e-02
+4.853290e-03 1.433345e-01
-3.724792e-03 8.583189e-02
-1.065687e-03 3.052026e-02
-4.010471e-03 4.905337e-02
-1.573998e-03 4.131785e-02
+4.175937e-04 4.285965e-02
+1.669099e-03 3.125559e-02
+4.280274e-04 2.648495e-02
+5.468886e-06 2.651524e-03
-3.974804e-06 1.014507e-03
+4.109051e-05 9.168699e-03
-2.694359e-05 5.642443e-03
-1.651659e-05 2.082469e-03
+2.694954e-05 3.855616e-03
+2.627673e-05 3.440636e-03
-1.686863e-05 3.333750e-03
+9.025780e-06 2.419586e-03
-7.913872e-06 2.201224e-03
+3.391573e+00 1.092432e+01
+4.775161e+00 1.100982e+01
-1.403845e+00 1.715622e+01
-2.062774e+00 1.819365e+01
-3.780900e+00 1.712743e+01
-1.793300e+00 1.846744e+01
-1.796985e-01 1.879966e+01
+5.439356e-02 1.808752e+01
-1.610419e+00 1.786073e+01
-7.842151e-01 1.815803e+01
-7.257861e-01 1.538770e+01
-7.194661e-01 1.287860e+01
+2.289185e+01 1.296874e+00
+1.939514e-04 4.652905e-01
+4.712416e-06 5.680885e-01
+1.619769e-04 8.150414e-01
-1.102592e-04 1.118309e+00
-2.324680e-04 1.132486e+00
-2.828235e-05 1.288787e+00
-7.224254e-05 1.460492e+00
+3.493325e-04 1.583498e+00
-1.214774e-04 1.544781e+00
-6.995072e-04 1.502259e+00
+2.522088e-05 1.299505e+00
-3.329244e-05 1.176159e+00
+4.562053e-05 6.713714e-02
+4.839134e-05 7.310269e-02
+7.490826e-06 9.619826e-02
-4.506014e-05 1.394103e-01
+6.464898e-05 1.980917e-01
+1.041476e-05 2.125295e-01
+8.841560e-05 2.465955e-01
+8.868560e-05 2.847092e-01
+5.741322e-05 3.134119e-01
-2.079526e-04 3.046606e-01
-1.618765e-04 2.977869e-01
-1.061615e-04 2.562713e-01
-1.587868e-04 2.336253e-01
+5.087607e-07 1.386287e-02
-2.248661e-01 3.443929e+02
+2.800065e-01 2.360654e+02
-1.467935e-01 7.060032e+01
+1.972122e-01 4.560157e+01
+1.048081e-01 3.470924e+01
-3.281812e-01 2.700953e+01
-4.097868e-01 2.419172e+01
+2.722937e-01 2.286870e+01
-6.283396e-02 1.827164e+01
-2.324778e-02 1.664621e+01
-2.188097e-03 2.705523e-02
-4.444673e-04 1.074679e-02
+4.900846e-03 1.433156e-01
-3.756208e-03 8.581688e-02
-1.084351e-03 3.051003e-02
-3.979379e-03 4.904558e-02
-1.544678e-03 4.131100e-02
+3.973635e-04 4.285146e-02
+1.680352e-03 3.124823e-02
+4.187469e-04 2.647594e-02
+2.005714e-06 2.651057e-03
-4.521528e-06 1.014290e-03
+5.038712e-05 9.168263e-03
-3.362699e-05 5.642098e-03
-2.009219e-05 2.082250e-03
+2.537024e-05 3.855433e-03
+2.698390e-05 3.440513e-03
-1.627121e-05 3.333598e-03
+1.203757e-05 2.419398e-03
-9.082763e-06 2.200994e-03
+3.391615e+00 1.092427e+01
+4.775067e+00 1.100985e+01
-1.403819e+00 1.715617e+01
-2.063113e+00 1.819357e+01
-3.781046e+00 1.712633e+01
-1.793131e+00 1.846634e+01
-1.797059e-01 1.880001e+01
+5.436449e-02 1.808579e+01
-1.610321e+00 1.785895e+01
-7.845299e-01 1.816028e+01
-7.258004e-01 1.538861e+01
-7.192727e-01 1.287867e+01
+2.289188e+01 1.296492e+00
+2.074650e-04 4.653312e-01
-3.926187e-06 5.682854e-01
+2.010828e-04 8.153245e-01
-9.981766e-05 1.118762e+00
-1.701763e-04 1.133090e+00
+9.033920e-05 1.289364e+00
+2.413944e-05 1.461374e+00
+3.543134e-04 1.584579e+00
-2.797071e-04 1.545540e+00
-8.786312e-04 1.503107e+00
-1.088571e-04 1.300085e+00
-1.548394e-04 1.176944e+00
+4.261185e-05 6.712207e-02
+6.112917e-05 7.307667e-02
-1.217857e-05 9.614415e-02
-5.203313e-05 1.393430e-01
+9.553957e-05 1.979640e-01
-1.622641e-05 2.123785e-01
-2.239951e-06 2.463868e-01
+1.158755e-04 2.845208e-01
+1.217927e-04 3.131297e-01
-2.648027e-04 3.044007e-01
-2.013028e-04 2.975619e-01
-1.166110e-04 2.560773e-01
-1.775364e-04 2.334349e-01
+3.123328e-06 1.384766e-02
-2.270659e-01 3.444500e+02
+2.795674e-01 2.360393e+02
-1.418598e-01 7.062636e+01
+1.934338e-01 4.562482e+01
+1.037124e-01 3.472154e+01
-3.321790e-01 2.699435e+01
-4.113484e-01 2.419212e+01
+2.726907e-01 2.287272e+01
-6.114164e-02 1.827859e+01
-2.282933e-02 1.665465e+01
-2.180253e-03 2.704057e-02
-4.524862e-04 1.073985e-02
+4.960177e-03 1.432891e-01
-3.796427e-03 8.579712e-02
-1.107039e-03 3.049864e-02
-3.944854e-03 4.903594e-02
-1.510740e-03 4.130283e-02
+3.751724e-04 4.284156e-02
+1.696161e-03 3.124013e-02
+4.068855e-04 2.646664e-02
-1.710642e-06 2.648705e-03
-6.054422e-06 1.013022e-03
+5.758170e-05 9.167051e-03
-3.942579e-05 5.640932e-03
-2.270332e-05 2.080907e-03
+2.326762e-05 3.854393e-03
+2.775507e-05 3.439439e-03
-1.469636e-05 3.332463e-03
+1.498047e-05 2.418459e-03
-1.041011e-05 2.199773e-03
+3.391748e+00 1.092397e+01
+4.774983e+00 1.100951e+01
-1.403643e+00 1.715565e+01
-2.063314e+00 1.819385e+01
-3.781117e+00 1.712610e+01
-1.792830e+00 1.846785e+01
-1.798183e-01 1.880044e+01
+5.404778e-02 1.808341e+01
-1.610578e+00 1.785955e+01
-7.849116e-01 1.816274e+01
-7.260975e-01 1.538908e+01
-7.192308e-01 1.287907e+01
+2.289188e+01 1.296088e+00
+2.282119e-04 4.653874e-01
-3.495563e-05 5.685134e-01
+2.575846e-04 8.155921e-01
-8.351349e-05 1.119272e+00
-1.312099e-04 1.133599e+00
+5.613558e-05 1.289974e+00
+1.770556e-04 1.462281e+00
+4.631631e-04 1.585936e+00
-4.278930e-04 1.546408e+00
-1.112378e-03 1.504284e+00
-2.028632e-04 1.300882e+00
-2.142626e-04 1.177999e+00
+4.866833e-05 6.711049e-02
+7.410035e-05 7.304202e-02
-2.322622e-05 9.607957e-02
-8.555535e-05 1.392711e-01
+1.085887e-04 1.978274e-01
-4.756560e-05 2.122371e-01
-9.698501e-05 2.461797e-01
+1.219317e-04 2.843063e-01
+1.965051e-04 3.127976e-01
-2.816927e-04 3.041240e-01
-2.245460e-04 2.973056e-01
-9.054639e-05 2.558328e-01
-1.723802e-04 2.332133e-01
+1.024979e-05 1.382295e-02
-2.292650e-01 3.445073e+02
+2.791222e-01 2.360131e+02
-1.368656e-01 7.065214e+01
+1.896136e-01 4.564801e+01
+1.025946e-01 3.473390e+01
-3.361592e-01 2.697914e+01
-4.128912e-01 2.419254e+01
+2.730722e-01 2.287672e+01
-5.943037e-02 1.828548e+01
-2.242090e-02 1.666311e+01
-2.172647e-03 2.703341e-02
-4.645494e-04 1.073729e-02
+5.018699e-03 1.432681e-01
-3.837747e-03 8.578227e-02
-1.128770e-03 3.049303e-02
-3.910422e-03 4.903006e-02
-1.474748e-03 4.129866e-02
+3.553778e-04 4.283591e-02
+1.713752e-03 3.123557e-02
+3.935901e-04 2.646199e-02
-6.080113e-06 2.644246e-03
-7.659165e-06 1.010573e-03
+5.964081e-05 9.164805e-03
-4.221032e-05 5.638719e-03
-2.332760e-05 2.078201e-03
+1.984940e-05 3.852344e-03
+2.742602e-05 3.437303e-03
-1.217030e-05 3.330197e-03
+1.660155e-05 2.416625e-03
-1.128795e-05 2.197380e-03
+3.391819e+00 1.092361e+01
+4.774841e+00 1.100917e+01
-1.403317e+00 1.715520e+01
-2.063547e+00 1.819423e+01
-3.781313e+00 1.712792e+01
-1.792749e+00 1.846810e+01
-1.797625e-01 1.880005e+01
+5.407085e-02 1.808099e+01
-1.610531e+00 1.785912e+01
-7.852737e-01 1.816360e+01
-7.263563e-01 1.538858e+01
-7.195051e-01 1.287829e+01
+2.289187e+01 1.295671e+00
+2.371289e-04 4.654461e-01
-7.131942e-05 5.687090e-01
+2.560262e-04 8.158885e-01
-6.700168e-05 1.119678e+00
-9.164888e-05 1.134010e+00
-6.250686e-05 1.290612e+00
+2.692643e-04 1.463291e+00
+6.497284e-04 1.586974e+00
-5.591470e-04 1.547056e+00
-1.334433e-03 1.505351e+00
-1.936695e-04 1.301768e+00
-1.936783e-04 1.179129e+00
+7.480453e-05 6.708892e-02
+9.351582e-05 7.301617e-02
-1.324724e-05 9.603867e-02
-1.339120e-04 1.392231e-01
+1.183730e-04 1.977460e-01
-7.114644e-05 2.121716e-01
-1.551853e-04 2.460485e-01
+8.731859e-05 2.841672e-01
+2.269090e-04 3.125810e-01
-3.042084e-04 3.039680e-01
-2.278858e-04 2.971710e-01
-6.440464e-05 2.556434e-01
-1.567262e-04 2.330665e-01
+1.558341e-05 1.380096e-02
-2.314635e-01 3.445649e+02
+2.786654e-01 2.359865e+02
-1.318121e-01 7.067758e+01
+1.857500e-01 4.567119e+01
+1.014560e-01 3.474626e+01
-3.401222e-01 2.696386e+01
-4.144123e-01 2.419296e+01
+2.734419e-01 2.288064e+01
-5.769764e-02 1.829233e+01
-2.202437e-02 1.667159e+01
-2.166093e-03 2.701900e-02
-4.802343e-04 1.073079e-02
+5.076213e-03 1.432448e-01
-3.880321e-03 8.576481e-02
-1.149513e-03 3.048392e-02
-3.875936e-03 4.902093e-02
-1.436733e-03 4.129080e-02
+3.368168e-04 4.282637e-02
+1.732861e-03 3.122839e-02
+3.787848e-04 2.645393e-02
-1.146939e-05 2.641193e-03
-8.095399e-06 1.008914e-03
+5.913745e-05 9.162978e-03
-4.342853e-05 5.637012e-03
-2.312545e-05 2.076261e-03
+1.593469e-05 3.850856e-03
+2.613026e-05 3.435861e-03
-1.072252e-05 3.328632e-03
+1.697033e-05 2.415302e-03
-1.174142e-05 2.195689e-03
