-8.403950e+00 1.020932e+01
+6.560532e+00 1.358126e+01
-2.273007e+00 2.141406e+01
-5.065217e+00 1.992228e+01
+1.043777e+00 1.746436e+01
-4.287122e+00 2.530087e+01
-2.749410e+00 3.290651e+01
-7.711265e+00 2.502471e+01
-2.388797e+00 2.337423e+01
-1.654502e+00 2.359250e+01
-4.505122e-01 2.405714e+01
+2.319170e+00 2.198326e+01
+2.326718e+01 8.066221e-01
-1.570583e-04 4.850958e-01
+9.719941e-04 5.981481e-01
-8.299072e-04 9.773401e-01
+2.252640e-04 1.176596e+00
-2.524800e-04 1.312455e+00
+9.199424e-04 1.509077e+00
-4.960490e-04 1.653643e+00
-1.984449e-03 1.678883e+00
+4.875854e-04 1.776670e+00
-1.064851e-03 1.767174e+00
-1.518343e-03 1.604534e+00
+1.522840e-05 1.531714e+00
+1.612091e-04 3.876871e-02
+3.427879e-05 7.924265e-02
+1.070026e-05 1.056699e-01
+1.417258e-04 1.779875e-01
+1.439558e-04 2.052601e-01
+5.172561e-05 2.444884e-01
+7.251698e-05 2.773560e-01
+1.467255e-04 3.138620e-01
+8.246971e-05 3.221578e-01
-8.040895e-05 3.445775e-01
+4.430397e-05 3.421214e-01
+7.108668e-05 3.148116e-01
-3.206632e-04 2.982296e-01
+2.055022e-05 7.536751e-03
-2.092769e-01 3.439957e+02
+2.829828e-01 2.362485e+02
-1.805621e-01 7.041409e+01
+2.231531e-01 4.543739e+01
+1.121851e-01 3.462519e+01
-2.996337e-01 2.711752e+01
-3.983597e-01 2.419030e+01
+2.691382e-01 2.284203e+01
-7.448914e-02 1.822201e+01
-2.633516e-02 1.658777e+01
-2.303396e-03 2.704348e-02
-3.872409e-04 1.073676e-02
+4.686655e-03 1.433054e-01
-3.608649e-03 8.581089e-02
-1.006417e-03 3.048764e-02
-4.222186e-03 4.901423e-02
-1.743738e-03 4.126448e-02
+5.478944e-04 4.280784e-02
+1.619559e-03 3.124385e-02
+4.799552e-04 2.647469e-02
+2.649414e-05 2.643010e-03
-9.760124e-06 1.009583e-03
-1.155645e-05 9.165225e-03
+3.936043e-06 5.638856e-03
+4.333728e-06 2.076730e-03
+3.200324e-05 3.851642e-03
+1.807519e-05 3.435433e-03
-2.111433e-05 3.328284e-03
+8.519317e-08 2.416339e-03
-4.956703e-06 2.197127e-03
-8.404184e+00 1.020919e+01
+6.561355e+00 1.358129e+01
-2.273561e+00 2.141932e+01
-5.064849e+00 1.992201e+01
+1.043780e+00 1.746167e+01
-4.286190e+00 2.530571e+01
-2.749867e+00 3.290612e+01
-7.712603e+00 2.502843e+01
-2.388995e+00 2.337135e+01
-1.655686e+00 2.358818e+01
-4.520040e-01 2.405843e+01
+2.318555e+00 2.198451e+01
+2.326736e+01 8.064918e-01
-1.112203e-04 4.858634e-01
+1.005230e-03 5.988410e-01
-6.981907e-04 9.781579e-01
+2.995333e-04 1.177869e+00
-2.238081e-04 1.313529e+00
+9.844506e-04 1.510713e+00
-4.040285e-04 1.655055e+00
-1.834272e-03 1.680317e+00
+4.000390e-04 1.778251e+00
-1.049232e-03 1.768710e+00
-1.379735e-03 1.605982e+00
-1.356346e-04 1.532815e+00
+1.902233e-04 3.883166e-02
+4.550297e-05 7.943458e-02
-1.352262e-05 1.059269e-01
+1.311939e-04 1.784634e-01
+6.600729e-05 2.057581e-01
+4.936483e-05 2.451342e-01
-1.586815e-05 2.781094e-01
+1.834361e-04 3.146602e-01
+1.738767e-04 3.229583e-01
-9.627012e-05 3.454181e-01
+8.110581e-05 3.430092e-01
+9.933776e-05 3.156231e-01
-2.896043e-04 2.989753e-01
+1.165753e-05 7.561059e-03
-2.115639e-01 3.440533e+02
+2.825847e-01 2.362219e+02
-1.757382e-01 7.044114e+01
+2.194501e-01 4.546115e+01
+1.111275e-01 3.463703e+01
-3.037986e-01 2.710176e+01
-4.000563e-01 2.419029e+01
+2.696313e-01 2.284568e+01
-7.282787e-02 1.822916e+01
-2.587863e-02 1.659604e+01
-2.273844e-03 2.705695e-02
-4.024441e-04 1.074480e-02
+4.711958e-03 1.433183e-01
-3.629671e-03 8.582195e-02
-1.013356e-03 3.050052e-02
-4.180768e-03 4.902708e-02
-1.716238e-03 4.128133e-02
+5.187071e-04 4.282589e-02
+1.633038e-03 3.125023e-02
+4.685831e-04 2.648156e-02
+2.651508e-05 2.644932e-03
-9.800734e-06 1.010686e-03
-1.905812e-06 9.166090e-03
-8.610914e-07 5.639685e-03
+1.970784e-06 2.077953e-03
+3.365997e-05 3.852519e-03
+2.057237e-05 3.436578e-03
-2.122435e-05 3.329431e-03
+2.315933e-06 2.417039e-03
-5.827449e-06 2.198063e-03
-8.404299e+00 1.020961e+01
+6.562207e+00 1.358231e+01
-2.274108e+00 2.142308e+01
-5.064440e+00 1.992356e+01
+1.043735e+00 1.745751e+01
-4.285269e+00 2.531062e+01
-2.749781e+00 3.290647e+01
-7.713792e+00 2.503017e+01
-2.389129e+00 2.336852e+01
-1.656745e+00 2.358752e+01
-4.532433e-01 2.405793e+01
+2.317899e+00 2.198647e+01
+2.326758e+01 8.063999e-01
-5.907358e-05 4.865518e-01
+9.809354e-04 5.994913e-01
-6.131447e-04 9.790202e-01
+3.005249e-04 1.178974e+00
-1.960508e-04 1.314738e+00
+8.570643e-04 1.512231e+00
-2.672485e-04 1.656511e+00
-1.574590e-03 1.681631e+00
+2.691411e-04 1.779562e+00
-9.282498e-04 1.770159e+00
-1.244472e-03 1.607324e+00
-2.962916e-04 1.533744e+00
+2.015334e-04 3.889869e-02
+4.374975e-05 7.964376e-02
-5.824966e-05 1.061936e-01
+1.142881e-04 1.789214e-01
+4.892974e-06 2.062569e-01
+6.826122e-05 2.457563e-01
-1.163183e-04 2.788741e-01
+1.539442e-04 3.154427e-01
+2.380105e-04 3.237738e-01
-1.181671e-04 3.463198e-01
+1.061867e-04 3.439242e-01
+8.015374e-05 3.164113e-01
-2.453450e-04 2.997452e-01
+5.164666e-07 7.584576e-03
-2.138196e-01 3.441107e+02
+2.821719e-01 2.361956e+02
-1.709184e-01 7.046806e+01
+2.157466e-01 4.548481e+01
+1.100757e-01 3.464899e+01
-3.079317e-01 2.708610e+01
-4.017355e-01 2.419045e+01
+2.701053e-01 2.284936e+01
-7.116049e-02 1.823630e+01
-2.542907e-02 1.660441e+01
-2.246800e-03 2.706289e-02
-4.154293e-04 1.074864e-02
+4.738661e-03 1.433276e-01
-3.649605e-03 8.582907e-02
-1.020964e-03 3.050867e-02
-4.139571e-03 4.903698e-02
-1.686799e-03 4.129448e-02
+4.919728e-04 4.283905e-02
+1.644352e-03 3.125350e-02
+4.581991e-04 2.648470e-02
+2.317411e-05 2.648093e-03
-8.509395e-06 1.012477e-03
+7.200438e-06 9.167477e-03
-5.513849e-06 5.641051e-03
-1.679929e-06 2.079995e-03
+3.456811e-05 3.853865e-03
+2.413271e-05 3.438281e-03
-2.039327e-05 3.331250e-03
+2.913347e-06 2.418240e-03
-6.243834e-06 2.199558e-03
-8.404415e+00 1.021050e+01
+6.563177e+00 1.358321e+01
-2.274677e+00 2.142526e+01
-5.064136e+00 1.992518e+01
+1.043624e+00 1.745333e+01
-4.284441e+00 2.531478e+01
-2.749808e+00 3.291091e+01
-7.715192e+00 2.503461e+01
-2.389368e+00 2.336632e+01
-1.657591e+00 2.358611e+01
-4.543896e-01 2.405949e+01
+2.317417e+00 2.198518e+01
+2.326778e+01 8.063686e-01
-2.479311e-05 4.872364e-01
+8.780299e-04 6.001177e-01
-5.112184e-04 9.799847e-01
+2.704056e-04 1.180004e+00
-1.289467e-04 1.315913e+00
+6.452963e-04 1.513678e+00
-1.619402e-04 1.657652e+00
-1.277681e-03 1.682630e+00
+1.733734e-04 1.780821e+00
-7.779381e-04 1.771624e+00
-1.180367e-03 1.608384e+00
-4.585927e-04 1.534613e+00
+1.952678e-04 3.896433e-02
+3.928685e-05 7.984371e-02
-1.025374e-04 1.064646e-01
+9.860178e-05 1.793512e-01
-3.481306e-05 2.067613e-01
+8.953975e-05 2.463632e-01
-1.801479e-04 2.796258e-01
+9.311237e-05 3.162840e-01
+2.798257e-04 3.246510e-01
-1.356162e-04 3.472460e-01
+1.035733e-04 3.448374e-01
+4.653712e-05 3.172537e-01
-2.041979e-04 3.005551e-01
-7.071826e-06 7.606935e-03
-2.160504e-01 3.441679e+02
+2.817483e-01 2.361694e+02
-1.661020e-01 7.049482e+01
+2.120442e-01 4.550833e+01
+1.090274e-01 3.466101e+01
-3.120326e-01 2.707056e+01
-4.033920e-01 2.419069e+01
+2.705637e-01 2.285308e+01
-6.949189e-02 1.824343e+01
-2.498482e-02 1.661282e+01
-2.225069e-03 2.706892e-02
-4.254768e-04 1.075257e-02
+4.766158e-03 1.433375e-01
-3.668367e-03 8.583568e-02
-1.030545e-03 3.051680e-02
-4.097804e-03 4.904717e-02
-1.653027e-03 4.130773e-02
+4.679580e-04 4.285150e-02
+1.651967e-03 3.125657e-02
+4.487850e-04 2.648745e-02
+1.756975e-05 2.650604e-03
-6.574916e-06 1.013907e-03
+1.599682e-05 9.168580e-03
-1.045532e-05 5.642182e-03
-5.863252e-06 2.081683e-03
+3.315945e-05 3.854993e-03
+2.615297e-05 3.439698e-03
-1.878415e-05 3.332804e-03
+3.363125e-06 2.419221e-03
-6.383746e-06 2.200764e-03
-8.404395e+00 1.021138e+01
+6.563917e+00 1.358363e+01
-2.275077e+00 2.143027e+01
-5.063800e+00 1.992747e+01
+1.043665e+00 1.744998e+01
-4.284112e+00 2.531835e+01
-2.749716e+00 3.291484e+01
-7.715936e+00 2.503865e+01
-2.389357e+00 2.336183e+01
-1.658223e+00 2.358392e+01
-4.555317e-01 2.406236e+01
+2.316761e+00 2.198510e+01
+2.326797e+01 8.064134e-01
+1.078399e-05 4.879558e-01
+7.435764e-04 6.007284e-01
-4.158133e-04 9.808860e-01
+2.008611e-04 1.181079e+00
-2.468465e-05 1.317097e+00
+4.204540e-04 1.515197e+00
-1.907369e-04 1.658706e+00
-9.733078e-04 1.683649e+00
+3.111239e-05 1.782375e+00
-6.861958e-04 1.773057e+00
-1.159626e-03 1.609209e+00
-5.952228e-04 1.535572e+00
+1.842519e-04 3.902860e-02
+3.083410e-05 7.998261e-02
-1.162235e-04 1.066781e-01
+8.065745e-05 1.796997e-01
-5.350110e-05 2.071515e-01
+1.029377e-04 2.468542e-01
-1.723757e-04 2.801970e-01
+3.100321e-05 3.169829e-01
+2.702770e-04 3.253862e-01
-1.579285e-04 3.479709e-01
+6.231685e-05 3.455725e-01
+1.822417e-05 3.179600e-01
-1.546303e-04 3.012267e-01
-7.865877e-06 7.623366e-03
-2.182639e-01 3.442244e+02
+2.813171e-01 2.361433e+02
-1.612884e-01 7.052138e+01
+2.083441e-01 4.553172e+01
+1.079795e-01 3.467302e+01
-3.161000e-01 2.705515e+01
-4.050194e-01 2.419092e+01
+2.710093e-01 2.285688e+01
-6.782676e-02 1.825051e+01
-2.454520e-02 1.662118e+01
-2.210842e-03 2.707442e-02
-4.320599e-04 1.075610e-02
+4.794571e-03 1.433425e-01
-3.686868e-03 8.583891e-02
-1.041778e-03 3.052271e-02
-4.062157e-03 4.905394e-02
-1.621720e-03 4.131668e-02
+4.482331e-04 4.285970e-02
+1.657609e-03 3.125871e-02
+4.408499e-04 2.648934e-02
+1.232748e-05 2.651475e-03
-5.085560e-06 1.014423e-03
+2.452832e-05 9.168944e-03
-1.577774e-05 5.642582e-03
-9.787459e-06 2.082339e-03
+3.075755e-05 3.855477e-03
+2.660766e-05 3.440344e-03
-1.749704e-05 3.333493e-03
+4.626033e-06 2.419575e-03
-6.665870e-06 2.201200e-03
-8.404423e+00 1.021230e+01
+6.564518e+00 1.358527e+01
-2.275381e+00 2.143610e+01
-5.063629e+00 1.993084e+01
+1.043630e+00 1.744812e+01
-4.283834e+00 2.532201e+01
-2.750078e+00 3.292035e+01
-7.716706e+00 2.504153e+01
-2.389269e+00 2.335719e+01
-1.658807e+00 2.358174e+01
-4.567442e-01 2.406424e+01
+2.315973e+00 2.198689e+01
+2.326814e+01 8.064530e-01
+4.799428e-05 4.884901e-01
+6.083339e-04 6.012176e-01
-3.416182e-04 9.816680e-01
+1.366107e-04 1.182162e+00
+9.193303e-05 1.318172e+00
+2.544550e-04 1.516452e+00
-2.044318e-04 1.659982e+00
-6.829773e-04 1.684841e+00
-1.412088e-04 1.784062e+00
-6.670102e-04 1.774734e+00
-1.146188e-03 1.610375e+00
-7.252812e-04 1.536935e+00
+1.779902e-04 3.907790e-02
+2.348590e-05 8.005644e-02
-1.053760e-04 1.068033e-01
+5.609769e-05 1.799062e-01
-6.066346e-05 2.073660e-01
+1.020684e-04 2.471438e-01
-1.369694e-04 2.805298e-01
-9.892499e-06 3.173977e-01
+2.403687e-04 3.258159e-01
-1.861247e-04 3.484005e-01
+1.736068e-05 3.460247e-01
+7.603648e-06 3.183764e-01
-1.044809e-04 3.016288e-01
-4.159560e-06 7.632015e-03
-2.204648e-01 3.442804e+02
+2.808802e-01 2.361173e+02
-1.564773e-01 7.054775e+01
+2.046470e-01 4.555502e+01
+1.069302e-01 3.468503e+01
-3.201330e-01 2.703995e+01
-4.066139e-01 2.419115e+01
+2.714439e-01 2.286079e+01
-6.616793e-02 1.825757e+01
-2.411005e-02 1.662949e+01
-2.203323e-03 2.707198e-02
-4.357203e-04 1.075506e-02
+4.823931e-03 1.433385e-01
-3.705830e-03 8.583540e-02
-1.053732e-03 3.052148e-02
-4.036314e-03 4.905365e-02
-1.597859e-03 4.131727e-02
+4.329134e-04 4.285968e-02
+1.663354e-03 3.125715e-02
+4.344386e-04 2.648715e-02
+8.898184e-06 2.651499e-03
-4.530182e-06 1.014465e-03
+3.280941e-05 9.168822e-03
-2.136067e-05 5.642513e-03
-1.315203e-05 2.082404e-03
+2.885355e-05 3.855546e-03
+2.644219e-05 3.440490e-03
-1.718283e-05 3.333621e-03
+6.825907e-06 2.419580e-03
-7.289871e-06 2.201212e-03
-8.404450e+00 1.021323e+01
+6.565119e+00 1.358691e+01
-2.275685e+00 2.144192e+01
-5.063458e+00 1.993421e+01
+1.043596e+00 1.744626e+01
-4.283555e+00 2.532568e+01
-2.750440e+00 3.292586e+01
-7.717476e+00 2.504441e+01
-2.389181e+00 2.335254e+01
-1.659391e+00 2.357957e+01
-4.579568e-01 2.406612e+01
+2.315186e+00 2.198868e+01
+2.326832e+01 8.064927e-01
+8.520457e-05 4.890244e-01
+4.730913e-04 6.017067e-01
-2.674231e-04 9.824500e-01
+7.236025e-05 1.183244e+00
+2.085507e-04 1.319246e+00
+8.845609e-05 1.517707e+00
-2.181267e-04 1.661257e+00
-3.926469e-04 1.686033e+00
-3.135299e-04 1.785749e+00
-6.478246e-04 1.776410e+00
-1.132749e-03 1.611541e+00
-8.553395e-04 1.538297e+00
+1.717284e-04 3.912720e-02
+1.613770e-05 8.013028e-02
-9.452849e-05 1.069286e-01
+3.153793e-05 1.801128e-01
-6.782582e-05 2.075806e-01
+1.011991e-04 2.474334e-01
-1.015632e-04 2.808627e-01
-5.078821e-05 3.178126e-01
+2.104604e-04 3.262456e-01
-2.143210e-04 3.488302e-01
-2.759549e-05 3.464769e-01
-3.016870e-06 3.187929e-01
-5.433155e-05 3.020310e-01
-4.532423e-07 7.640664e-03
-2.226658e-01 3.443364e+02
+2.804434e-01 2.360913e+02
-1.516661e-01 7.057408e+01
+2.009498e-01 4.557828e+01
+1.058808e-01 3.469704e+01
-3.241659e-01 2.702471e+01
-4.082083e-01 2.419138e+01
+2.718785e-01 2.286470e+01
-6.450909e-02 1.826462e+01
-2.367490e-02 1.663780e+01
-2.195805e-03 2.706954e-02
-4.393807e-04 1.075403e-02
+4.853290e-03 1.433345e-01
-3.724792e-03 8.583189e-02
-1.065687e-03 3.052026e-02
-4.010471e-03 4.905337e-02
-1.573998e-03 4.131785e-02
+4.175937e-04 4.285965e-02
+1.669099e-03 3.125559e-02
+4.280274e-04 2.648495e-02
+5.468886e-06 2.651524e-03
-3.974804e-06 1.014507e-03
+4.109051e-05 9.168699e-03
-2.694359e-05 5.642443e-03
-1.651659e-05 2.082469e-03
+2.694954e-05 3.855616e-03
+2.627673e-05 3.440636e-03
-1.686863e-05 3.333750e-03
+9.025780e-06 2.419586e-03
-7.913872e-06 2.201224e-03
-8.404519e+00 1.021507e+01
+6.565619e+00 1.358924e+01
-2.275868e+00 2.144923e+01
-5.063308e+00 1.993840e+01
+1.043761e+00 1.744656e+01
-4.283204e+00 2.532952e+01
-2.750577e+00 3.292665e+01
-7.718072e+00 2.504311e+01
-2.389514e+00 2.334661e+01
-1.660127e+00 2.357880e+01
-4.592014e-01 2.406734e+01
+2.313980e+00 2.198957e+01
+2.326848e+01 8.065252e-01
+1.139019e-04 4.890186e-01
+3.449763e-04 6.016433e-01
-2.076374e-04 9.823537e-01
-2.685693e-06 1.183357e+00
+3.318321e-04 1.319029e+00
-1.098080e-04 1.517435e+00
-2.354229e-04 1.661240e+00
-6.196988e-05 1.685829e+00
-4.972476e-04 1.785840e+00
-6.180501e-04 1.776655e+00
-1.133900e-03 1.611366e+00
-9.214399e-04 1.538435e+00
+1.679765e-04 3.911376e-02
+1.061172e-05 8.011645e-02
-8.179975e-05 1.069107e-01
-2.005543e-06 1.800702e-01
-7.936670e-05 2.075309e-01
+8.725789e-05 2.474127e-01
-5.560316e-05 2.808170e-01
-1.142147e-04 3.177617e-01
+1.656262e-04 3.261928e-01
-2.089898e-04 3.487674e-01
-7.259228e-05 3.464269e-01
-1.512397e-05 3.187566e-01
+1.886412e-05 3.019852e-01
+3.554654e-06 7.640546e-03
-2.248661e-01 3.443929e+02
+2.800065e-01 2.360654e+02
-1.467935e-01 7.060032e+01
+1.972122e-01 4.560157e+01
+1.048081e-01 3.470924e+01
-3.281812e-01 2.700953e+01
-4.097868e-01 2.419172e+01
+2.722937e-01 2.286870e+01
-6.283396e-02 1.827164e+01
-2.324778e-02 1.664621e+01
-2.188097e-03 2.705523e-02
-4.444673e-04 1.074679e-02
+4.900846e-03 1.433156e-01
-3.756208e-03 8.581688e-02
-1.084351e-03 3.051003e-02
-3.979379e-03 4.904558e-02
-1.544678e-03 4.131100e-02
+3.973635e-04 4.285146e-02
+1.680352e-03 3.124823e-02
+4.187469e-04 2.647594e-02
+2.005714e-06 2.651057e-03
-4.521528e-06 1.014290e-03
+5.038712e-05 9.168263e-03
-3.362699e-05 5.642098e-03
-2.009219e-05 2.082250e-03
+2.537024e-05 3.855433e-03
+2.698390e-05 3.440513e-03
-1.627121e-05 3.333598e-03
+1.203757e-05 2.419398e-03
-9.082763e-06 2.200994e-03
-8.404627e+00 1.021692e+01
+6.566034e+00 1.359146e+01
-2.276046e+00 2.145358e+01
-5.063042e+00 1.994184e+01
+1.043957e+00 1.744789e+01
-4.283071e+00 2.533437e+01
-2.750624e+00 3.292658e+01
-7.718235e+00 2.503990e+01
-2.390053e+00 2.334181e+01
-1.660696e+00 2.358120e+01
-4.604052e-01 2.406648e+01
+2.312763e+00 2.198756e+01
+2.326866e+01 8.065028e-01
+1.499667e-04 4.887843e-01
+2.082893e-04 6.014679e-01
-1.523276e-04 9.822788e-01
-8.628074e-05 1.183384e+00
+4.253124e-04 1.318923e+00
-2.995874e-04 1.517196e+00
-3.629725e-04 1.661304e+00
+2.547640e-04 1.686023e+00
-6.606594e-04 1.786160e+00
-6.061732e-04 1.777047e+00
-1.098820e-03 1.611451e+00
-9.105596e-04 1.539096e+00
+1.689573e-04 3.909070e-02
+8.240485e-06 8.003390e-02
-6.416473e-05 1.068158e-01
-3.828236e-05 1.798822e-01
-8.082747e-05 2.073240e-01
+6.489513e-05 2.471752e-01
+1.679021e-05 2.805566e-01
-1.910239e-04 3.174709e-01
+8.161337e-05 3.258516e-01
-1.801845e-04 3.484436e-01
-1.069113e-04 3.461384e-01
-3.168292e-05 3.184492e-01
+9.043816e-05 3.016732e-01
+7.293878e-06 7.631944e-03
-2.270659e-01 3.444500e+02
+2.795674e-01 2.360393e+02
-1.418598e-01 7.062636e+01
+1.934338e-01 4.562482e+01
+1.037124e-01 3.472154e+01
-3.321790e-01 2.699435e+01
-4.113484e-01 2.419212e+01
+2.726907e-01 2.287272e+01
-6.114164e-02 1.827859e+01
-2.282933e-02 1.665465e+01
-2.180253e-03 2.704057e-02
-4.524862e-04 1.073985e-02
+4.960177e-03 1.432891e-01
-3.796427e-03 8.579712e-02
-1.107039e-03 3.049864e-02
-3.944854e-03 4.903594e-02
-1.510740e-03 4.130283e-02
+3.751724e-04 4.284156e-02
+1.696161e-03 3.124013e-02
+4.068855e-04 2.646664e-02
-1.710642e-06 2.648705e-03
-6.054422e-06 1.013022e-03
+5.758170e-05 9.167051e-03
-3.942579e-05 5.640932e-03
-2.270332e-05 2.080907e-03
+2.326762e-05 3.854393e-03
+2.775507e-05 3.439439e-03
-1.469636e-05 3.332463e-03
+1.498047e-05 2.418459e-03
-1.041011e-05 2.199773e-03
-8.404759e+00 1.021896e+01
+6.566528e+00 1.359458e+01
-2.276298e+00 2.145820e+01
-5.062889e+00 1.994534e+01
+1.044170e+00 1.744897e+01
-4.282991e+00 2.533764e+01
-2.750733e+00 3.292984e+01
-7.718413e+00 2.503938e+01
-2.390546e+00 2.333669e+01
-1.661296e+00 2.358296e+01
-4.617024e-01 2.406867e+01
+2.311872e+00 2.198638e+01
+2.326884e+01 8.064395e-01
+1.914588e-04 4.884840e-01
+8.529453e-05 6.012083e-01
-1.396984e-04 9.819442e-01
-1.874938e-04 1.183282e+00
+4.683342e-04 1.318868e+00
-4.408402e-04 1.517057e+00
-5.480496e-04 1.661100e+00
+5.038400e-04 1.686059e+00
-6.665870e-04 1.786445e+00
-5.855506e-04 1.777156e+00
-1.089288e-03 1.611503e+00
-8.229381e-04 1.539543e+00
+1.690797e-04 3.907795e-02
+9.657736e-06 7.991489e-02
-3.854012e-05 1.066870e-01
-5.805463e-05 1.796469e-01
-5.469212e-05 2.070565e-01
+4.034568e-05 2.467935e-01
+9.938471e-05 2.801532e-01
-2.557133e-04 3.170857e-01
-3.306746e-05 3.253848e-01
-1.603011e-04 3.479461e-01
-1.491532e-04 3.457543e-01
-4.949629e-05 3.180243e-01
+1.298654e-04 3.012675e-01
+7.122935e-06 7.615387e-03
-2.292650e-01 3.445073e+02
+2.791222e-01 2.360131e+02
-1.368656e-01 7.065214e+01
+1.896136e-01 4.564801e+01
+1.025946e-01 3.473390e+01
-3.361592e-01 2.697914e+01
-4.128912e-01 2.419254e+01
+2.730722e-01 2.287672e+01
-5.943037e-02 1.828548e+01
-2.242090e-02 1.666311e+01
-2.172647e-03 2.703341e-02
-4.645494e-04 1.073729e-02
+5.018699e-03 1.432681e-01
-3.837747e-03 8.578227e-02
-1.128770e-03 3.049303e-02
-3.910422e-03 4.903006e-02
-1.474748e-03 4.129866e-02
+3.553778e-04 4.283591e-02
+1.713752e-03 3.123557e-02
+3.935901e-04 2.646199e-02
-6.080113e-06 2.644246e-03
-7.659165e-06 1.010573e-03
+5.964081e-05 9.164805e-03
-4.221032e-05 5.638719e-03
-2.332760e-05 2.078201e-03
+1.984940e-05 3.852344e-03
+2.742602e-05 3.437303e-03
-1.217030e-05 3.330197e-03
+1.660155e-05 2.416625e-03
-1.128795e-05 2.197380e-03
-8.404863e+00 1.022079e+01
+6.566888e+00 1.359813e+01
-2.276476e+00 2.146332e+01
-5.062733e+00 1.995064e+01
+1.044325e+00 1.745259e+01
-4.282806e+00 2.533974e+01
-2.751250e+00 3.293158e+01
-7.718565e+00 2.504228e+01
-2.391172e+00 2.333051e+01
-1.662046e+00 2.358375e+01
-4.627878e-01 2.407136e+01
+2.310993e+00 2.198818e+01
+2.326904e+01 8.063919e-01
+2.417545e-04 4.881462e-01
-1.645117e-05 6.010475e-01
-1.266003e-04 9.817082e-01
-2.348951e-04 1.183056e+00
+4.978092e-04 1.318723e+00
-4.903223e-04 1.517152e+00
-7.730766e-04 1.661091e+00
+6.110252e-04 1.685823e+00
-6.395843e-04 1.786832e+00
-5.106175e-04 1.777500e+00
-1.096536e-03 1.611471e+00
-7.498164e-04 1.539742e+00
+1.695428e-04 3.906221e-02
+1.144845e-05 7.979738e-02
-6.988911e-06 1.065449e-01
-5.870957e-05 1.794146e-01
-1.215542e-05 2.068029e-01
+1.472758e-05 2.464543e-01
+1.580441e-04 2.797475e-01
-3.013576e-04 3.167012e-01
-1.275181e-04 3.250087e-01
-1.497637e-04 3.474616e-01
-1.964135e-04 3.453463e-01
-7.942713e-05 3.176583e-01
+1.328033e-04 3.009434e-01
+3.552860e-06 7.599128e-03
-2.314635e-01 3.445649e+02
+2.786654e-01 2.359865e+02
-1.318121e-01 7.067758e+01
+1.857500e-01 4.567119e+01
+1.014560e-01 3.474626e+01
-3.401222e-01 2.696386e+01
-4.144123e-01 2.419296e+01
+2.734419e-01 2.288064e+01
-5.769764e-02 1.829233e+01
-2.202437e-02 1.667159e+01
-2.166093e-03 2.701900e-02
-4.802343e-04 1.073079e-02
+5.076213e-03 1.432448e-01
-3.880321e-03 8.576481e-02
-1.149513e-03 3.048392e-02
-3.875936e-03 4.902093e-02
-1.436733e-03 4.129080e-02
+3.368168e-04 4.282637e-02
+1.732861e-03 3.122839e-02
+3.787848e-04 2.645393e-02
-1.146939e-05 2.641193e-03
-8.095399e-06 1.008914e-03
+5.913745e-05 9.162978e-03
-4.342853e-05 5.637012e-03
-2.312545e-05 2.076261e-03
+1.593469e-05 3.850856e-03
+2.613026e-05 3.435861e-03
-1.072252e-05 3.328632e-03
+1.697033e-05 2.415302e-03
-1.174142e-05 2.195689e-03
