-1.465464e+00 3.091401e+01
+3.398386e+00 2.343406e+01
-5.609523e-01 4.310105e+01
-7.407367e-02 3.757261e+01
-1.831771e+00 3.257421e+01
+3.639700e-01 2.851037e+01
-4.488802e-01 3.041151e+01
+9.325432e-01 2.671112e+01
-3.433903e-01 2.949424e+01
+5.608918e-01 2.919590e+01
+9.849621e-01 2.472480e+01
-1.140904e-01 1.924895e+01
+1.683347e+01 1.024559e+01
+1.924048e-04 1.001789e+00
+1.948792e-04 7.729425e-01
+1.668568e-04 1.268346e+00
-4.323614e-04 1.736892e+00
-6.393414e-04 1.549967e+00
+2.121157e-04 1.520426e+00
+5.973071e-04 1.689355e+00
-2.561575e-04 1.689839e+00
+7.295990e-05 1.721233e+00
-8.765015e-04 1.625967e+00
-3.865516e-05 1.530690e+00
-1.920964e-04 1.292145e+00
+1.817220e-04 1.136846e-01
-6.790946e-05 1.448469e-01
+3.915281e-06 1.271174e-01
-2.251429e-06 1.980332e-01
+9.388965e-06 2.801571e-01
+1.301869e-04 2.690675e-01
-1.055531e-04 2.747048e-01
-2.631553e-04 3.094286e-01
-1.087850e-04 3.126346e-01
-9.959462e-05 3.182177e-01
+2.959389e-04 3.039399e-01
+1.864858e-04 2.894301e-01
+3.645272e-05 2.454310e-01
-8.587017e-06 1.363167e-02
-2.092769e-01 3.439957e+02
+2.829828e-01 2.362485e+02
-1.805621e-01 7.041409e+01
+2.231531e-01 4.543739e+01
+1.121851e-01 3.462519e+01
-2.996337e-01 2.711752e+01
-3.983597e-01 2.419030e+01
+2.691382e-01 2.284203e+01
-7.448914e-02 1.822201e+01
-2.633516e-02 1.658777e+01
-2.303396e-03 2.704348e-02
-3.872409e-04 1.073676e-02
+4.686655e-03 1.433054e-01
-3.608649e-03 8.581089e-02
-1.006417e-03 3.048764e-02
-4.222186e-03 4.901423e-02
-1.743738e-03 4.126448e-02
+5.478944e-04 4.280784e-02
+1.619559e-03 3.124385e-02
+4.799552e-04 2.647469e-02
+2.649414e-05 2.643010e-03
-9.760124e-06 1.009583e-03
-1.155645e-05 9.165225e-03
+3.936043e-06 5.638856e-03
+4.333728e-06 2.076730e-03
+3.200324e-05 3.851642e-03
+1.807519e-05 3.435433e-03
-2.111433e-05 3.328284e-03
+8.519317e-08 2.416339e-03
-4.956703e-06 2.197127e-03
-1.465437e+00 3.091373e+01
+3.398554e+00 2.343367e+01
-5.609211e-01 4.310144e+01
-7.449101e-02 3.757284e+01
-1.831989e+00 3.257384e+01
+3.638034e-01 2.851076e+01
-4.490323e-01 3.041197e+01
+9.322720e-01 2.671150e+01
-3.432032e-01 2.949670e+01
+5.607991e-01 2.919352e+01
+9.850662e-01 2.472560e+01
-1.144551e-01 1.925069e+01
+1.683360e+01 1.024498e+01
+1.510018e-04 1.001744e+00
+2.041340e-04 7.728392e-01
+1.798007e-04 1.268123e+00
-4.686016e-04 1.736609e+00
-6.109079e-04 1.549531e+00
+1.794654e-04 1.519823e+00
+4.545362e-04 1.688724e+00
-2.995522e-04 1.689452e+00
+1.076308e-04 1.720745e+00
-7.308876e-04 1.625445e+00
+6.954919e-05 1.530069e+00
-1.242785e-04 1.291665e+00
+1.704057e-04 1.137210e-01
-7.065825e-05 1.448901e-01
-1.556957e-05 1.272023e-01
-1.895634e-06 1.981712e-01
+3.894065e-06 2.803747e-01
+9.973099e-05 2.693446e-01
-6.814486e-05 2.750815e-01
-2.214343e-04 3.098570e-01
-1.062480e-04 3.131105e-01
-1.044084e-04 3.186854e-01
+2.830899e-04 3.044164e-01
+1.630921e-04 2.898764e-01
+9.994002e-05 2.459007e-01
-1.532194e-05 1.364534e-02
-2.115639e-01 3.440533e+02
+2.825847e-01 2.362219e+02
-1.757382e-01 7.044114e+01
+2.194501e-01 4.546115e+01
+1.111275e-01 3.463703e+01
-3.037986e-01 2.710176e+01
-4.000563e-01 2.419029e+01
+2.696313e-01 2.284568e+01
-7.282787e-02 1.822916e+01
-2.587863e-02 1.659604e+01
-2.273844e-03 2.705695e-02
-4.024441e-04 1.074480e-02
+4.711958e-03 1.433183e-01
-3.629671e-03 8.582195e-02
-1.013356e-03 3.050052e-02
-4.180768e-03 4.902708e-02
-1.716238e-03 4.128133e-02
+5.187071e-04 4.282589e-02
+1.633038e-03 3.125023e-02
+4.685831e-04 2.648156e-02
+2.651508e-05 2.644932e-03
-9.800734e-06 1.010686e-03
-1.905812e-06 9.166090e-03
-8.610914e-07 5.639685e-03
+1.970784e-06 2.077953e-03
+3.365997e-05 3.852519e-03
+2.057237e-05 3.436578e-03
-2.122435e-05 3.329431e-03
+2.315933e-06 2.417039e-03
-5.827449e-06 2.198063e-03
-1.465435e+00 3.091344e+01
+3.398682e+00 2.343389e+01
-5.607066e-01 4.310002e+01
-7.470051e-02 3.757294e+01
-1.832318e+00 3.257519e+01
+3.638283e-01 2.851139e+01
-4.492339e-01 3.041486e+01
+9.315653e-01 2.671290e+01
-3.433497e-01 2.949931e+01
+5.603893e-01 2.919227e+01
+9.849950e-01 2.472789e+01
-1.146516e-01 1.925162e+01
+1.683374e+01 1.024425e+01
+8.998125e-05 1.001708e+00
+1.598563e-04 7.727081e-01
+1.555088e-04 1.267883e+00
-4.743872e-04 1.736278e+00
-5.761748e-04 1.549097e+00
+1.948385e-04 1.519261e+00
+3.292810e-04 1.688120e+00
-3.823714e-04 1.688988e+00
+5.829037e-05 1.720198e+00
-5.151177e-04 1.624844e+00
+1.561685e-04 1.529436e+00
+3.303448e-05 1.291151e+00
+1.533423e-04 1.137620e-01
-6.918471e-05 1.449299e-01
-3.665567e-05 1.272881e-01
-1.227761e-05 1.983127e-01
+2.624742e-06 2.806149e-01
+8.566621e-05 2.696389e-01
-4.557926e-05 2.754246e-01
-1.788169e-04 3.102905e-01
-9.015362e-05 3.136340e-01
-1.024567e-04 3.191933e-01
+2.853429e-04 3.049195e-01
+1.531159e-04 2.903538e-01
+1.130136e-04 2.463626e-01
-2.413739e-05 1.365794e-02
-2.138196e-01 3.441107e+02
+2.821719e-01 2.361956e+02
-1.709184e-01 7.046806e+01
+2.157466e-01 4.548481e+01
+1.100757e-01 3.464899e+01
-3.079317e-01 2.708610e+01
-4.017355e-01 2.419045e+01
+2.701053e-01 2.284936e+01
-7.116049e-02 1.823630e+01
-2.542907e-02 1.660441e+01
-2.246800e-03 2.706289e-02
-4.154293e-04 1.074864e-02
+4.738661e-03 1.433276e-01
-3.649605e-03 8.582907e-02
-1.020964e-03 3.050867e-02
-4.139571e-03 4.903698e-02
-1.686799e-03 4.129448e-02
+4.919728e-04 4.283905e-02
+1.644352e-03 3.125350e-02
+4.581991e-04 2.648470e-02
+2.317411e-05 2.648093e-03
-8.509395e-06 1.012477e-03
+7.200438e-06 9.167477e-03
-5.513849e-06 5.641051e-03
-1.679929e-06 2.079995e-03
+3.456811e-05 3.853865e-03
+2.413271e-05 3.438281e-03
-2.039327e-05 3.331250e-03
+2.913347e-06 2.418240e-03
-6.243834e-06 2.199558e-03
-1.465467e+00 3.091330e+01
+3.398762e+00 2.343455e+01
-5.604337e-01 4.309896e+01
-7.523216e-02 3.757246e+01
-1.832914e+00 3.257602e+01
+3.640355e-01 2.851019e+01
-4.489442e-01 3.041660e+01
+9.310837e-01 2.671309e+01
-3.434026e-01 2.950254e+01
+5.603739e-01 2.919366e+01
+9.853131e-01 2.473088e+01
-1.143721e-01 1.925230e+01
+1.683386e+01 1.024371e+01
+2.374112e-05 1.001682e+00
+8.558191e-05 7.726268e-01
+1.295214e-04 1.267602e+00
-4.514781e-04 1.736013e+00
-5.609027e-04 1.548702e+00
+1.922901e-04 1.518744e+00
+2.323068e-04 1.687555e+00
-4.752819e-04 1.688578e+00
-4.258608e-05 1.719600e+00
-2.931694e-04 1.624071e+00
+2.578284e-04 1.528579e+00
+1.587637e-04 1.290568e+00
+1.233812e-04 1.138002e-01
-6.170654e-05 1.449740e-01
-4.679087e-05 1.273804e-01
-2.453781e-05 1.984799e-01
+1.802130e-05 2.808849e-01
+9.267672e-05 2.699874e-01
-5.084953e-05 2.758290e-01
-1.717128e-04 3.107763e-01
-6.384397e-05 3.142088e-01
-9.889992e-05 3.197883e-01
+2.564766e-04 3.055459e-01
+1.202953e-04 2.909398e-01
+4.892109e-05 2.469031e-01
-2.991909e-05 1.367065e-02
-2.160504e-01 3.441679e+02
+2.817483e-01 2.361694e+02
-1.661020e-01 7.049482e+01
+2.120442e-01 4.550833e+01
+1.090274e-01 3.466101e+01
-3.120326e-01 2.707056e+01
-4.033920e-01 2.419069e+01
+2.705637e-01 2.285308e+01
-6.949189e-02 1.824343e+01
-2.498482e-02 1.661282e+01
-2.225069e-03 2.706892e-02
-4.254768e-04 1.075257e-02
+4.766158e-03 1.433375e-01
-3.668367e-03 8.583568e-02
-1.030545e-03 3.051680e-02
-4.097804e-03 4.904717e-02
-1.653027e-03 4.130773e-02
+4.679580e-04 4.285150e-02
+1.651967e-03 3.125657e-02
+4.487850e-04 2.648745e-02
+1.756975e-05 2.650604e-03
-6.574916e-06 1.013907e-03
+1.599682e-05 9.168580e-03
-1.045532e-05 5.642182e-03
-5.863252e-06 2.081683e-03
+3.315945e-05 3.854993e-03
+2.615297e-05 3.439698e-03
-1.878415e-05 3.332804e-03
+3.363125e-06 2.419221e-03
-6.383746e-06 2.200764e-03
-1.465542e+00 3.091326e+01
+3.398764e+00 2.343467e+01
-5.605175e-01 4.309915e+01
-7.576890e-02 3.757224e+01
-1.833483e+00 3.257601e+01
+3.641975e-01 2.850986e+01
-4.489367e-01 3.041795e+01
+9.304863e-01 2.671415e+01
-3.435224e-01 2.950449e+01
+5.604137e-01 2.919564e+01
+9.856772e-01 2.473188e+01
-1.139928e-01 1.925305e+01
+1.683397e+01 1.024325e+01
-2.522091e-05 1.001636e+00
+3.626246e-05 7.725417e-01
+8.445536e-05 1.267372e+00
-4.542842e-04 1.735797e+00
-4.749138e-04 1.548504e+00
+1.357337e-04 1.518174e+00
+9.864204e-05 1.687040e+00
-4.661671e-04 1.688353e+00
-8.750071e-05 1.719469e+00
-5.643038e-05 1.623463e+00
+3.705404e-04 1.527973e+00
+1.383991e-04 1.290048e+00
+8.723512e-05 1.138350e-01
-4.647828e-05 1.450174e-01
-3.712112e-05 1.274700e-01
-1.351833e-05 1.986413e-01
+2.816362e-05 2.811298e-01
+1.012493e-04 2.703172e-01
-6.119479e-05 2.762437e-01
-1.632852e-04 3.112469e-01
-3.080074e-05 3.147498e-01
-7.297093e-05 3.203338e-01
+2.012839e-04 3.061638e-01
+8.217566e-05 2.914933e-01
-3.882763e-05 2.474263e-01
-3.076476e-05 1.368031e-02
-2.182639e-01 3.442244e+02
+2.813171e-01 2.361433e+02
-1.612884e-01 7.052138e+01
+2.083441e-01 4.553172e+01
+1.079795e-01 3.467302e+01
-3.161000e-01 2.705515e+01
-4.050194e-01 2.419092e+01
+2.710093e-01 2.285688e+01
-6.782676e-02 1.825051e+01
-2.454520e-02 1.662118e+01
-2.210842e-03 2.707442e-02
-4.320599e-04 1.075610e-02
+4.794571e-03 1.433425e-01
-3.686868e-03 8.583891e-02
-1.041778e-03 3.052271e-02
-4.062157e-03 4.905394e-02
-1.621720e-03 4.131668e-02
+4.482331e-04 4.285970e-02
+1.657609e-03 3.125871e-02
+4.408499e-04 2.648934e-02
+1.232748e-05 2.651475e-03
-5.085560e-06 1.014423e-03
+2.452832e-05 9.168944e-03
-1.577774e-05 5.642582e-03
-9.787459e-06 2.082339e-03
+3.075755e-05 3.855477e-03
+2.660766e-05 3.440344e-03
-1.749704e-05 3.333493e-03
+4.626033e-06 2.419575e-03
-6.665870e-06 2.201200e-03
-1.465601e+00 3.091343e+01
+3.398735e+00 2.343525e+01
-5.604516e-01 4.309789e+01
-7.611586e-02 3.757380e+01
-1.833848e+00 3.257749e+01
+3.641599e-01 2.850911e+01
-4.490488e-01 3.041725e+01
+9.300066e-01 2.671309e+01
-3.436189e-01 2.950479e+01
+5.604926e-01 2.919429e+01
+9.859899e-01 2.473096e+01
-1.139048e-01 1.925134e+01
+1.683402e+01 1.024308e+01
-5.937068e-05 1.001654e+00
+1.193716e-05 7.726044e-01
+6.762781e-05 1.267458e+00
-4.098201e-04 1.735899e+00
-3.375460e-04 1.548820e+00
+5.848479e-05 1.518208e+00
-9.783944e-05 1.687197e+00
-4.776539e-04 1.688820e+00
-1.463181e-04 1.720133e+00
+8.935009e-05 1.623978e+00
+4.108158e-04 1.528413e+00
-5.015287e-06 1.290439e+00
+5.740562e-05 1.138639e-01
-3.102223e-05 1.450457e-01
-2.214785e-05 1.275364e-01
+6.167685e-06 1.987461e-01
+3.462808e-05 2.812964e-01
+1.045114e-04 2.705428e-01
-6.015155e-05 2.765262e-01
-1.498765e-04 3.115643e-01
-5.991911e-06 3.151229e-01
-4.142757e-05 3.206915e-01
+1.420858e-04 3.065867e-01
+3.950861e-05 2.918486e-01
-1.039555e-04 2.477774e-01
-2.747982e-05 1.368543e-02
-2.204648e-01 3.442804e+02
+2.808802e-01 2.361173e+02
-1.564773e-01 7.054775e+01
+2.046470e-01 4.555502e+01
+1.069302e-01 3.468503e+01
-3.201330e-01 2.703995e+01
-4.066139e-01 2.419115e+01
+2.714439e-01 2.286079e+01
-6.616793e-02 1.825757e+01
-2.411005e-02 1.662949e+01
-2.203323e-03 2.707198e-02
-4.357203e-04 1.075506e-02
+4.823931e-03 1.433385e-01
-3.705830e-03 8.583540e-02
-1.053732e-03 3.052148e-02
-4.036314e-03 4.905365e-02
-1.597859e-03 4.131727e-02
+4.329134e-04 4.285968e-02
+1.663354e-03 3.125715e-02
+4.344386e-04 2.648715e-02
+8.898184e-06 2.651499e-03
-4.530182e-06 1.014465e-03
+3.280941e-05 9.168822e-03
-2.136067e-05 5.642513e-03
-1.315203e-05 2.082404e-03
+2.885355e-05 3.855546e-03
+2.644219e-05 3.440490e-03
-1.718283e-05 3.333621e-03
+6.825907e-06 2.419580e-03
-7.289871e-06 2.201212e-03
-1.465660e+00 3.091360e+01
+3.398707e+00 2.343584e+01
-5.603858e-01 4.309664e+01
-7.646281e-02 3.757536e+01
-1.834214e+00 3.257896e+01
+3.641222e-01 2.850835e+01
-4.491609e-01 3.041656e+01
+9.295268e-01 2.671204e+01
-3.437154e-01 2.950509e+01
+5.605715e-01 2.919295e+01
+9.863026e-01 2.473005e+01
-1.138169e-01 1.924963e+01
+1.683407e+01 1.024290e+01
-9.352045e-05 1.001672e+00
-1.238813e-05 7.726670e-01
+5.080027e-05 1.267543e+00
-3.653561e-04 1.736001e+00
-2.001781e-04 1.549137e+00
-1.876407e-05 1.518243e+00
-2.943209e-04 1.687354e+00
-4.891407e-04 1.689287e+00
-2.051354e-04 1.720797e+00
+2.351306e-04 1.624493e+00
+4.510912e-04 1.528853e+00
-1.484297e-04 1.290831e+00
+2.757612e-05 1.138927e-01
-1.556618e-05 1.450740e-01
-7.174583e-06 1.276027e-01
+2.585370e-05 1.988508e-01
+4.109254e-05 2.814630e-01
+1.077735e-04 2.707683e-01
-5.910830e-05 2.768086e-01
-1.364679e-04 3.118818e-01
+1.881692e-05 3.154961e-01
-9.884222e-06 3.210492e-01
+8.288776e-05 3.070096e-01
-3.158432e-06 2.922039e-01
-1.690833e-04 2.481285e-01
-2.419489e-05 1.369056e-02
-2.226658e-01 3.443364e+02
+2.804434e-01 2.360913e+02
-1.516661e-01 7.057408e+01
+2.009498e-01 4.557828e+01
+1.058808e-01 3.469704e+01
-3.241659e-01 2.702471e+01
-4.082083e-01 2.419138e+01
+2.718785e-01 2.286470e+01
-6.450909e-02 1.826462e+01
-2.367490e-02 1.663780e+01
-2.195805e-03 2.706954e-02
-4.393807e-04 1.075403e-02
+4.853290e-03 1.433345e-01
-3.724792e-03 8.583189e-02
-1.065687e-03 3.052026e-02
-4.010471e-03 4.905337e-02
-1.573998e-03 4.131785e-02
+4.175937e-04 4.285965e-02
+1.669099e-03 3.125559e-02
+4.280274e-04 2.648495e-02
+5.468886e-06 2.651524e-03
-3.974804e-06 1.014507e-03
+4.109051e-05 9.168699e-03
-2.694359e-05 5.642443e-03
-1.651659e-05 2.082469e-03
+2.694954e-05 3.855616e-03
+2.627673e-05 3.440636e-03
-1.686863e-05 3.333750e-03
+9.025780e-06 2.419586e-03
-7.913872e-06 2.201224e-03
-1.465795e+00 3.091429e+01
+3.398659e+00 2.343576e+01
-5.602673e-01 4.309487e+01
-7.649257e-02 3.757751e+01
-1.834255e+00 3.257859e+01
+3.640843e-01 2.850712e+01
-4.495023e-01 3.041350e+01
+9.288543e-01 2.670798e+01
-3.439910e-01 2.950216e+01
+5.609056e-01 2.919357e+01
+9.868035e-01 2.472829e+01
-1.140386e-01 1.924832e+01
+1.683410e+01 1.024279e+01
-1.200126e-04 1.001611e+00
-4.582406e-05 7.726499e-01
+1.669861e-05 1.267447e+00
-3.100410e-04 1.735904e+00
-1.224387e-04 1.549331e+00
-9.130364e-05 1.517945e+00
-4.947995e-04 1.687170e+00
-4.925010e-04 1.689344e+00
-2.134896e-04 1.721171e+00
+3.037471e-04 1.624681e+00
+4.259492e-04 1.528901e+00
-2.599675e-04 1.291016e+00
-7.503136e-06 1.138950e-01
+8.979008e-06 1.450694e-01
+1.383091e-05 1.275966e-01
+5.609078e-05 1.988341e-01
+4.483349e-05 2.814426e-01
+1.045613e-04 2.707397e-01
-5.063378e-05 2.767704e-01
-1.019823e-04 3.118189e-01
+5.958297e-05 3.154780e-01
+2.157356e-05 3.209929e-01
-8.194440e-07 3.070162e-01
-5.306037e-05 2.921584e-01
-2.355710e-04 2.481134e-01
-1.706418e-05 1.369058e-02
-2.248661e-01 3.443929e+02
+2.800065e-01 2.360654e+02
-1.467935e-01 7.060032e+01
+1.972122e-01 4.560157e+01
+1.048081e-01 3.470924e+01
-3.281812e-01 2.700953e+01
-4.097868e-01 2.419172e+01
+2.722937e-01 2.286870e+01
-6.283396e-02 1.827164e+01
-2.324778e-02 1.664621e+01
-2.188097e-03 2.705523e-02
-4.444673e-04 1.074679e-02
+4.900846e-03 1.433156e-01
-3.756208e-03 8.581688e-02
-1.084351e-03 3.051003e-02
-3.979379e-03 4.904558e-02
-1.544678e-03 4.131100e-02
+3.973635e-04 4.285146e-02
+1.680352e-03 3.124823e-02
+4.187469e-04 2.647594e-02
+2.005714e-06 2.651057e-03
-4.521528e-06 1.014290e-03
+5.038712e-05 9.168263e-03
-3.362699e-05 5.642098e-03
-2.009219e-05 2.082250e-03
+2.537024e-05 3.855433e-03
+2.698390e-05 3.440513e-03
-1.627121e-05 3.333598e-03
+1.203757e-05 2.419398e-03
-9.082763e-06 2.200994e-03
-1.466022e+00 3.091535e+01
+3.398529e+00 2.343570e+01
-5.602432e-01 4.309360e+01
-7.679035e-02 3.757913e+01
-1.834439e+00 3.257776e+01
+3.638364e-01 2.850739e+01
-4.501291e-01 3.041007e+01
+9.281603e-01 2.670599e+01
-3.442321e-01 2.950015e+01
+5.615703e-01 2.919457e+01
+9.871041e-01 2.472746e+01
-1.139077e-01 1.924634e+01
+1.683411e+01 1.024280e+01
-1.338828e-04 1.001613e+00
-8.016906e-05 7.727791e-01
-1.263427e-05 1.267681e+00
-2.762137e-04 1.736288e+00
-5.476640e-05 1.550124e+00
-1.166952e-04 1.518493e+00
-5.958466e-04 1.687896e+00
-4.543777e-04 1.690336e+00
-1.884794e-04 1.722409e+00
+3.331268e-04 1.625955e+00
+3.897127e-04 1.529945e+00
-4.397118e-04 1.292100e+00
-3.556176e-05 1.138908e-01
+4.383849e-05 1.450475e-01
+4.837260e-05 1.275631e-01
+9.607595e-05 1.987615e-01
+5.353840e-05 2.813327e-01
+1.229112e-04 2.706196e-01
-3.942710e-05 2.766087e-01
-5.202637e-05 3.116263e-01
+1.114932e-04 3.153084e-01
+4.561775e-05 3.207996e-01
-9.719668e-05 3.068319e-01
-9.355244e-05 2.919544e-01
-3.094481e-04 2.479592e-01
-4.666308e-06 1.368673e-02
-2.270659e-01 3.444500e+02
+2.795674e-01 2.360393e+02
-1.418598e-01 7.062636e+01
+1.934338e-01 4.562482e+01
+1.037124e-01 3.472154e+01
-3.321790e-01 2.699435e+01
-4.113484e-01 2.419212e+01
+2.726907e-01 2.287272e+01
-6.114164e-02 1.827859e+01
-2.282933e-02 1.665465e+01
-2.180253e-03 2.704057e-02
-4.524862e-04 1.073985e-02
+4.960177e-03 1.432891e-01
-3.796427e-03 8.579712e-02
-1.107039e-03 3.049864e-02
-3.944854e-03 4.903594e-02
-1.510740e-03 4.130283e-02
+3.751724e-04 4.284156e-02
+1.696161e-03 3.124013e-02
+4.068855e-04 2.646664e-02
-1.710642e-06 2.648705e-03
-6.054422e-06 1.013022e-03
+5.758170e-05 9.167051e-03
-3.942579e-05 5.640932e-03
-2.270332e-05 2.080907e-03
+2.326762e-05 3.854393e-03
+2.775507e-05 3.439439e-03
-1.469636e-05 3.332463e-03
+1.498047e-05 2.418459e-03
-1.041011e-05 2.199773e-03
-1.466165e+00 3.091590e+01
+3.398394e+00 2.343589e+01
-5.602582e-01 4.309272e+01
-7.689987e-02 3.758092e+01
-1.834850e+00 3.257871e+01
+3.637171e-01 2.850608e+01
-4.506332e-01 3.040676e+01
+9.275176e-01 2.670258e+01
-3.442381e-01 2.949851e+01
+5.616838e-01 2.919469e+01
+9.871777e-01 2.472615e+01
-1.137937e-01 1.924532e+01
+1.683410e+01 1.024295e+01
-1.086183e-04 1.001649e+00
-8.389839e-05 7.728961e-01
+8.403827e-06 1.268013e+00
-2.452601e-04 1.736712e+00
-1.443218e-05 1.550743e+00
-1.285043e-04 1.519013e+00
-6.412247e-04 1.688448e+00
-3.572101e-04 1.691249e+00
-1.805792e-04 1.723445e+00
+2.595793e-04 1.627302e+00
+3.228490e-04 1.531062e+00
-5.921518e-04 1.293202e+00
-4.790181e-05 1.138851e-01
+8.195768e-05 1.450146e-01
+9.154365e-05 1.275267e-01
+1.318598e-04 1.986781e-01
+4.965352e-05 2.812188e-01
+1.472997e-04 2.705191e-01
-4.441926e-05 2.764346e-01
-8.981703e-06 3.114340e-01
+1.575740e-04 3.151232e-01
+3.751370e-05 3.206273e-01
-1.738671e-04 3.066650e-01
-1.190295e-04 2.917494e-01
-3.655242e-04 2.478254e-01
+9.059818e-06 1.367982e-02
-2.292650e-01 3.445073e+02
+2.791222e-01 2.360131e+02
-1.368656e-01 7.065214e+01
+1.896136e-01 4.564801e+01
+1.025946e-01 3.473390e+01
-3.361592e-01 2.697914e+01
-4.128912e-01 2.419254e+01
+2.730722e-01 2.287672e+01
-5.943037e-02 1.828548e+01
-2.242090e-02 1.666311e+01
-2.172647e-03 2.703341e-02
-4.645494e-04 1.073729e-02
+5.018699e-03 1.432681e-01
-3.837747e-03 8.578227e-02
-1.128770e-03 3.049303e-02
-3.910422e-03 4.903006e-02
-1.474748e-03 4.129866e-02
+3.553778e-04 4.283591e-02
+1.713752e-03 3.123557e-02
+3.935901e-04 2.646199e-02
-6.080113e-06 2.644246e-03
-7.659165e-06 1.010573e-03
+5.964081e-05 9.164805e-03
-4.221032e-05 5.638719e-03
-2.332760e-05 2.078201e-03
+1.984940e-05 3.852344e-03
+2.742602e-05 3.437303e-03
-1.217030e-05 3.330197e-03
+1.660155e-05 2.416625e-03
-1.128795e-05 2.197380e-03
-1.466326e+00 3.091613e+01
+3.398247e+00 2.343611e+01
-5.602036e-01 4.309169e+01
-7.705235e-02 3.758328e+01
-1.835036e+00 3.258022e+01
+3.637692e-01 2.850560e+01
-4.508162e-01 3.040407e+01
+9.269603e-01 2.670054e+01
-3.442844e-01 2.949698e+01
+5.620044e-01 2.919337e+01
+9.874035e-01 2.472351e+01
-1.141671e-01 1.924315e+01
+1.683413e+01 1.024293e+01
-4.752082e-05 1.001673e+00
-3.980991e-05 7.730352e-01
+4.435978e-05 1.268326e+00
-1.826243e-04 1.737049e+00
+1.175674e-04 1.551363e+00
-1.310892e-04 1.519610e+00
-6.390839e-04 1.689174e+00
-2.297807e-04 1.692038e+00
-1.759604e-04 1.724489e+00
+1.355633e-04 1.628379e+00
+2.856395e-04 1.532277e+00
-7.792527e-04 1.294187e+00
-4.439023e-05 1.138798e-01
+1.113690e-04 1.449885e-01
+1.264007e-04 1.275020e-01
+1.430637e-04 1.986312e-01
+3.993461e-05 2.811599e-01
+1.646767e-04 2.704493e-01
-5.724156e-05 2.763465e-01
+3.859323e-06 3.113105e-01
+1.730990e-04 3.149984e-01
+2.855414e-05 3.204967e-01
-2.216003e-04 3.065952e-01
-1.354293e-04 2.916487e-01
-3.814969e-04 2.477653e-01
+1.619894e-05 1.367203e-02
-2.314635e-01 3.445649e+02
+2.786654e-01 2.359865e+02
-1.318121e-01 7.067758e+01
+1.857500e-01 4.567119e+01
+1.014560e-01 3.474626e+01
-3.401222e-01 2.696386e+01
-4.144123e-01 2.419296e+01
+2.734419e-01 2.288064e+01
-5.769764e-02 1.829233e+01
-2.202437e-02 1.667159e+01
-2.166093e-03 2.701900e-02
-4.802343e-04 1.073079e-02
+5.076213e-03 1.432448e-01
-3.880321e-03 8.576481e-02
-1.149513e-03 3.048392e-02
-3.875936e-03 4.902093e-02
-1.436733e-03 4.129080e-02
+3.368168e-04 4.282637e-02
+1.732861e-03 3.122839e-02
+3.787848e-04 2.645393e-02
-1.146939e-05 2.641193e-03
-8.095399e-06 1.008914e-03
+5.913745e-05 9.162978e-03
-4.342853e-05 5.637012e-03
-2.312545e-05 2.076261e-03
+1.593469e-05 3.850856e-03
+2.613026e-05 3.435861e-03
-1.072252e-05 3.328632e-03
+1.697033e-05 2.415302e-03
-1.174142e-05 2.195689e-03
