-8.861961e+00 8.346392e+00
+6.326579e+00 1.256039e+01
-2.658375e+00 1.964433e+01
-5.420872e+00 1.718297e+01
+9.265663e-01 1.576710e+01
-4.582301e+00 2.497075e+01
-3.063131e+00 3.285639e+01
-8.146048e+00 2.367371e+01
-2.591913e+00 2.251243e+01
-1.806557e+00 2.304402e+01
-5.049082e-01 2.395797e+01
+2.434890e+00 2.175062e+01
+2.367627e+01 5.065586e-01
-1.525686e-04 4.223249e-01
+9.811302e-04 5.500251e-01
-8.043492e-04 8.872734e-01
+2.334361e-04 1.041178e+00
-2.116011e-04 1.219622e+00
+9.394817e-04 1.466256e+00
-4.984431e-04 1.592542e+00
-1.981784e-03 1.609230e+00
+4.942424e-04 1.723301e+00
-1.090841e-03 1.729423e+00
-1.557458e-03 1.562952e+00
+1.665316e-05 1.493794e+00
+1.606777e-04 4.044998e-02
+3.288684e-05 7.093338e-02
+1.376569e-05 9.918109e-02
+1.404862e-04 1.663668e-01
+1.345264e-04 1.859739e-01
+4.164025e-05 2.310366e-01
+7.398887e-05 2.707128e-01
+1.576328e-04 3.048809e-01
+8.423591e-05 3.119957e-01
-7.997129e-05 3.369272e-01
+5.818168e-05 3.370144e-01
+8.227115e-05 3.090365e-01
-3.173819e-04 2.933103e-01
+2.065804e-05 7.885183e-03
-2.092769e-01 3.439957e+02
+2.829828e-01 2.362485e+02
-1.805621e-01 7.041409e+01
+2.231531e-01 4.543739e+01
+1.121851e-01 3.462519e+01
-2.996337e-01 2.711752e+01
-3.983597e-01 2.419030e+01
+2.691382e-01 2.284203e+01
-7.448914e-02 1.822201e+01
-2.633516e-02 1.658777e+01
-2.303396e-03 2.704348e-02
-3.872409e-04 1.073676e-02
+4.686655e-03 1.433054e-01
-3.608649e-03 8.581089e-02
-1.006417e-03 3.048764e-02
-4.222186e-03 4.901423e-02
-1.743738e-03 4.126448e-02
+5.478944e-04 4.280784e-02
+1.619559e-03 3.124385e-02
+4.799552e-04 2.647469e-02
+2.649414e-05 2.643010e-03
-9.760124e-06 1.009583e-03
-1.155645e-05 9.165225e-03
+3.936043e-06 5.638856e-03
+4.333728e-06 2.076730e-03
+3.200324e-05 3.851642e-03
+1.807519e-05 3.435433e-03
-2.111433e-05 3.328284e-03
+8.519317e-08 2.416339e-03
-4.956703e-06 2.197127e-03
-8.862193e+00 8.346076e+00
+6.327411e+00 1.256081e+01
-2.658927e+00 1.964897e+01
-5.420517e+00 1.718287e+01
+9.266032e-01 1.576434e+01
-4.581342e+00 2.497585e+01
-3.063595e+00 3.285516e+01
-8.147392e+00 2.367623e+01
-2.592101e+00 2.250920e+01
-1.807740e+00 2.303956e+01
-5.064057e-01 2.395926e+01
+2.434285e+00 2.175174e+01
+2.367645e+01 5.063787e-01
-1.087332e-04 4.230939e-01
+1.013121e-03 5.507288e-01
-6.787320e-04 8.880940e-01
+2.993777e-04 1.042454e+00
-1.916615e-04 1.220691e+00
+1.003467e-03 1.467894e+00
-4.023595e-04 1.593961e+00
-1.833456e-03 1.610662e+00
+4.012669e-04 1.724889e+00
-1.075029e-03 1.730991e+00
-1.415292e-03 1.564402e+00
-1.335229e-04 1.494885e+00
+1.898426e-04 4.051281e-02
+4.368648e-05 7.112600e-02
-1.180560e-05 9.943863e-02
+1.299622e-04 1.668433e-01
+5.805545e-05 1.864709e-01
+3.844521e-05 2.316860e-01
-1.638457e-05 2.714660e-01
+1.924446e-04 3.056780e-01
+1.728033e-04 3.127946e-01
-9.888654e-05 3.377681e-01
+9.040168e-05 3.379055e-01
+1.081170e-04 3.098494e-01
-2.886480e-04 2.940534e-01
+1.180842e-05 7.909490e-03
-2.115639e-01 3.440533e+02
+2.825847e-01 2.362219e+02
-1.757382e-01 7.044114e+01
+2.194501e-01 4.546115e+01
+1.111275e-01 3.463703e+01
-3.037986e-01 2.710176e+01
-4.000563e-01 2.419029e+01
+2.696313e-01 2.284568e+01
-7.282787e-02 1.822916e+01
-2.587863e-02 1.659604e+01
-2.273844e-03 2.705695e-02
-4.024441e-04 1.074480e-02
+4.711958e-03 1.433183e-01
-3.629671e-03 8.582195e-02
-1.013356e-03 3.050052e-02
-4.180768e-03 4.902708e-02
-1.716238e-03 4.128133e-02
+5.187071e-04 4.282589e-02
+1.633038e-03 3.125023e-02
+4.685831e-04 2.648156e-02
+2.651508e-05 2.644932e-03
-9.800734e-06 1.010686e-03
-1.905812e-06 9.166090e-03
-8.610914e-07 5.639685e-03
+1.970784e-06 2.077953e-03
+3.365997e-05 3.852519e-03
+2.057237e-05 3.436578e-03
-2.122435e-05 3.329431e-03
+2.315933e-06 2.417039e-03
-5.827449e-06 2.198063e-03
-8.862310e+00 8.346426e+00
+6.328271e+00 1.256222e+01
-2.659464e+00 1.965208e+01
-5.420109e+00 1.718458e+01
+9.265727e-01 1.576014e+01
-4.580413e+00 2.498130e+01
-3.063500e+00 3.285547e+01
-8.148570e+00 2.367696e+01
-2.592236e+00 2.250610e+01
-1.808835e+00 2.303892e+01
-5.076852e-01 2.395873e+01
+2.433630e+00 2.175375e+01
+2.367667e+01 5.062222e-01
-5.875496e-05 4.237833e-01
+9.871974e-04 5.513885e-01
-5.980748e-04 8.889570e-01
+2.956975e-04 1.043561e+00
-1.705317e-04 1.221896e+00
+8.749259e-04 1.469421e+00
-2.639013e-04 1.595420e+00
-1.577326e-03 1.611972e+00
+2.698837e-04 1.726202e+00
-9.492751e-04 1.732477e+00
-1.274030e-03 1.565763e+00
-2.944129e-04 1.495808e+00
+2.013144e-04 4.057978e-02
+4.192554e-05 7.133614e-02
-5.736092e-05 9.970587e-02
+1.135391e-04 1.673020e-01
-3.329109e-07 1.869703e-01
+5.865832e-05 2.323096e-01
-1.180081e-04 2.722305e-01
+1.600853e-04 3.064589e-01
+2.350560e-04 3.136104e-01
-1.202741e-04 3.386719e-01
+1.148212e-04 3.388253e-01
+8.886442e-05 3.106361e-01
-2.453285e-04 2.948231e-01
+6.776790e-07 7.933009e-03
-2.138196e-01 3.441107e+02
+2.821719e-01 2.361956e+02
-1.709184e-01 7.046806e+01
+2.157466e-01 4.548481e+01
+1.100757e-01 3.464899e+01
-3.079317e-01 2.708610e+01
-4.017355e-01 2.419045e+01
+2.701053e-01 2.284936e+01
-7.116049e-02 1.823630e+01
-2.542907e-02 1.660441e+01
-2.246800e-03 2.706289e-02
-4.154293e-04 1.074864e-02
+4.738661e-03 1.433276e-01
-3.649605e-03 8.582907e-02
-1.020964e-03 3.050867e-02
-4.139571e-03 4.903698e-02
-1.686799e-03 4.129448e-02
+4.919728e-04 4.283905e-02
+1.644352e-03 3.125350e-02
+4.581991e-04 2.648470e-02
+2.317411e-05 2.648093e-03
-8.509395e-06 1.012477e-03
+7.200438e-06 9.167477e-03
-5.513849e-06 5.641051e-03
-1.679929e-06 2.079995e-03
+3.456811e-05 3.853865e-03
+2.413271e-05 3.438281e-03
-2.039327e-05 3.331250e-03
+2.913347e-06 2.418240e-03
-6.243834e-06 2.199558e-03
-8.862425e+00 8.347188e+00
+6.329252e+00 1.256359e+01
-2.660022e+00 1.965356e+01
-5.419816e+00 1.718646e+01
+9.264701e-01 1.575584e+01
-4.579565e+00 2.498586e+01
-3.063504e+00 3.285976e+01
-8.149965e+00 2.368019e+01
-2.592484e+00 2.250351e+01
-1.809696e+00 2.303737e+01
-5.088330e-01 2.396031e+01
+2.433170e+00 2.175242e+01
+2.367688e+01 5.060600e-01
-2.676630e-05 4.244712e-01
+8.828909e-04 5.520237e-01
-4.968753e-04 8.899160e-01
+2.654677e-04 1.044575e+00
-1.116616e-04 1.223071e+00
+6.588744e-04 1.470879e+00
-1.577051e-04 1.596550e+00
-1.284999e-03 1.612952e+00
+1.714971e-04 1.727443e+00
-7.969373e-04 1.733969e+00
-1.207131e-03 1.566818e+00
-4.598251e-04 1.496685e+00
+1.951586e-04 4.064542e-02
+3.722338e-05 7.153671e-02
-1.024936e-04 9.997780e-02
+9.757575e-05 1.677327e-01
-3.726477e-05 1.874769e-01
+8.219717e-05 2.329162e-01
-1.833422e-04 2.729806e-01
+9.472100e-05 3.072986e-01
+2.759296e-04 3.144882e-01
-1.356144e-04 3.396008e-01
+1.114853e-04 3.397443e-01
+5.334357e-05 3.114813e-01
-2.053241e-04 2.956315e-01
-6.945133e-06 7.955354e-03
-2.160504e-01 3.441679e+02
+2.817483e-01 2.361694e+02
-1.661020e-01 7.049482e+01
+2.120442e-01 4.550833e+01
+1.090274e-01 3.466101e+01
-3.120326e-01 2.707056e+01
-4.033920e-01 2.419069e+01
+2.705637e-01 2.285308e+01
-6.949189e-02 1.824343e+01
-2.498482e-02 1.661282e+01
-2.225069e-03 2.706892e-02
-4.254768e-04 1.075257e-02
+4.766158e-03 1.433375e-01
-3.668367e-03 8.583568e-02
-1.030545e-03 3.051680e-02
-4.097804e-03 4.904717e-02
-1.653027e-03 4.130773e-02
+4.679580e-04 4.285150e-02
+1.651967e-03 3.125657e-02
+4.487850e-04 2.648745e-02
+1.756975e-05 2.650604e-03
-6.574916e-06 1.013907e-03
+1.599682e-05 9.168580e-03
-1.045532e-05 5.642182e-03
-5.863252e-06 2.081683e-03
+3.315945e-05 3.854993e-03
+2.615297e-05 3.439698e-03
-1.878415e-05 3.332804e-03
+3.363125e-06 2.419221e-03
-6.383746e-06 2.200764e-03
-8.862409e+00 8.348078e+00
+6.329998e+00 1.256439e+01
-2.660410e+00 1.965808e+01
-5.419489e+00 1.718883e+01
+9.265315e-01 1.575234e+01
-4.579216e+00 2.498953e+01
-3.063414e+00 3.286371e+01
-8.150720e+00 2.368359e+01
-2.592457e+00 2.249876e+01
-1.810316e+00 2.303512e+01
-5.099814e-01 2.396338e+01
+2.432516e+00 2.175239e+01
+2.367706e+01 5.059605e-01
+6.511312e-06 4.251915e-01
+7.469097e-04 5.526430e-01
-4.042950e-04 8.908188e-01
+1.945657e-04 1.045648e+00
-1.180351e-05 1.224243e+00
+4.303579e-04 1.472401e+00
-1.910402e-04 1.597599e+00
-9.872792e-04 1.613976e+00
+3.060195e-05 1.728998e+00
-6.969878e-04 1.735442e+00
-1.179606e-03 1.567630e+00
-5.984035e-04 1.497652e+00
+1.842408e-04 4.070967e-02
+2.875172e-05 7.167610e-02
-1.166703e-04 1.001920e-01
+7.849507e-05 1.680822e-01
-5.479535e-05 1.878686e-01
+9.713178e-05 2.334092e-01
-1.767644e-04 2.735539e-01
+2.942694e-05 3.079965e-01
+2.670999e-04 3.152231e-01
-1.566619e-04 3.403238e-01
+6.829932e-05 3.404819e-01
+2.272703e-05 3.121907e-01
-1.557557e-04 2.963023e-01
-7.767626e-06 7.971777e-03
-2.182639e-01 3.442244e+02
+2.813171e-01 2.361433e+02
-1.612884e-01 7.052138e+01
+2.083441e-01 4.553172e+01
+1.079795e-01 3.467302e+01
-3.161000e-01 2.705515e+01
-4.050194e-01 2.419092e+01
+2.710093e-01 2.285688e+01
-6.782676e-02 1.825051e+01
-2.454520e-02 1.662118e+01
-2.210842e-03 2.707442e-02
-4.320599e-04 1.075610e-02
+4.794571e-03 1.433425e-01
-3.686868e-03 8.583891e-02
-1.041778e-03 3.052271e-02
-4.062157e-03 4.905394e-02
-1.621720e-03 4.131668e-02
+4.482331e-04 4.285970e-02
+1.657609e-03 3.125871e-02
+4.408499e-04 2.648934e-02
+1.232748e-05 2.651475e-03
-5.085560e-06 1.014423e-03
+2.452832e-05 9.168944e-03
-1.577774e-05 5.642582e-03
-9.787459e-06 2.082339e-03
+3.075755e-05 3.855477e-03
+2.660766e-05 3.440344e-03
-1.749704e-05 3.333493e-03
+4.626033e-06 2.419575e-03
-6.665870e-06 2.201200e-03
-8.862444e+00 8.348971e+00
+6.330599e+00 1.256627e+01
-2.660704e+00 1.966357e+01
-5.419320e+00 1.719232e+01
+9.265048e-01 1.575039e+01
-4.578934e+00 2.499318e+01
-3.063781e+00 3.286875e+01
-8.151517e+00 2.368557e+01
-2.592388e+00 2.249397e+01
-1.810937e+00 2.303312e+01
-5.112292e-01 2.396523e+01
+2.431711e+00 2.175440e+01
+2.367723e+01 5.058830e-01
+4.112321e-05 4.257268e-01
+6.103012e-04 5.531417e-01
-3.333582e-04 8.916063e-01
+1.302366e-04 1.046732e+00
+1.006287e-04 1.225296e+00
+2.581806e-04 1.473664e+00
-2.097006e-04 1.598879e+00
-6.996426e-04 1.615164e+00
-1.389193e-04 1.730690e+00
-6.736116e-04 1.737150e+00
-1.164674e-03 1.568791e+00
-7.306548e-04 1.499020e+00
+1.780061e-04 4.075888e-02
+2.151241e-05 7.175039e-02
-1.062041e-04 1.003173e-01
+5.222247e-05 1.682888e-01
-6.186645e-05 1.880826e-01
+9.749476e-05 2.337002e-01
-1.419270e-04 2.738885e-01
-1.353589e-05 3.084099e-01
+2.387342e-04 3.156510e-01
-1.836711e-04 3.407501e-01
+2.126230e-05 3.409349e-01
+1.019378e-05 3.126078e-01
-1.047980e-04 2.967049e-01
-4.073084e-06 7.980428e-03
-2.204648e-01 3.442804e+02
+2.808802e-01 2.361173e+02
-1.564773e-01 7.054775e+01
+2.046470e-01 4.555502e+01
+1.069302e-01 3.468503e+01
-3.201330e-01 2.703995e+01
-4.066139e-01 2.419115e+01
+2.714439e-01 2.286079e+01
-6.616793e-02 1.825757e+01
-2.411005e-02 1.662949e+01
-2.203323e-03 2.707198e-02
-4.357203e-04 1.075506e-02
+4.823931e-03 1.433385e-01
-3.705830e-03 8.583540e-02
-1.053732e-03 3.052148e-02
-4.036314e-03 4.905365e-02
-1.597859e-03 4.131727e-02
+4.329134e-04 4.285968e-02
+1.663354e-03 3.125715e-02
+4.344386e-04 2.648715e-02
+8.898184e-06 2.651499e-03
-4.530182e-06 1.014465e-03
+3.280941e-05 9.168822e-03
-2.136067e-05 5.642513e-03
-1.315203e-05 2.082404e-03
+2.885355e-05 3.855546e-03
+2.644219e-05 3.440490e-03
-1.718283e-05 3.333621e-03
+6.825907e-06 2.419580e-03
-7.289871e-06 2.201212e-03
-8.862478e+00 8.349864e+00
+6.331199e+00 1.256815e+01
-2.660999e+00 1.966905e+01
-5.419152e+00 1.719581e+01
+9.264782e-01 1.574844e+01
-4.578652e+00 2.499683e+01
-3.064149e+00 3.287379e+01
-8.152314e+00 2.368755e+01
-2.592319e+00 2.248917e+01
-1.811558e+00 2.303113e+01
-5.124769e-01 2.396707e+01
+2.430906e+00 2.175641e+01
+2.367741e+01 5.058054e-01
+7.573511e-05 4.262621e-01
+4.736926e-04 5.536404e-01
-2.624214e-04 8.923939e-01
+6.590742e-05 1.047817e+00
+2.130610e-04 1.226349e+00
+8.600324e-05 1.474927e+00
-2.283609e-04 1.600159e+00
-4.120061e-04 1.616353e+00
-3.084405e-04 1.732381e+00
-6.502353e-04 1.738858e+00
-1.149741e-03 1.569953e+00
-8.629062e-04 1.500387e+00
+1.717714e-04 4.080808e-02
+1.427310e-05 7.182468e-02
-9.573789e-05 1.004427e-01
+2.594987e-05 1.684953e-01
-6.893755e-05 1.882965e-01
+9.785774e-05 2.339912e-01
-1.070896e-04 2.742231e-01
-5.649871e-05 3.088233e-01
+2.103685e-04 3.160789e-01
-2.106802e-04 3.411764e-01
-2.577471e-05 3.413879e-01
-2.339463e-06 3.130248e-01
-5.384027e-05 2.971075e-01
-3.785423e-07 7.989080e-03
-2.226658e-01 3.443364e+02
+2.804434e-01 2.360913e+02
-1.516661e-01 7.057408e+01
+2.009498e-01 4.557828e+01
+1.058808e-01 3.469704e+01
-3.241659e-01 2.702471e+01
-4.082083e-01 2.419138e+01
+2.718785e-01 2.286470e+01
-6.450909e-02 1.826462e+01
-2.367490e-02 1.663780e+01
-2.195805e-03 2.706954e-02
-4.393807e-04 1.075403e-02
+4.853290e-03 1.433345e-01
-3.724792e-03 8.583189e-02
-1.065687e-03 3.052026e-02
-4.010471e-03 4.905337e-02
-1.573998e-03 4.131785e-02
+4.175937e-04 4.285965e-02
+1.669099e-03 3.125559e-02
+4.280274e-04 2.648495e-02
+5.468886e-06 2.651524e-03
-3.974804e-06 1.014507e-03
+4.109051e-05 9.168699e-03
-2.694359e-05 5.642443e-03
-1.651659e-05 2.082469e-03
+2.694954e-05 3.855616e-03
+2.627673e-05 3.440636e-03
-1.686863e-05 3.333750e-03
+9.025780e-06 2.419586e-03
-7.913872e-06 2.201224e-03
-8.862553e+00 8.351692e+00
+6.331698e+00 1.257075e+01
-2.661178e+00 1.967627e+01
-5.419010e+00 1.720002e+01
+9.266360e-01 1.574885e+01
-4.578309e+00 2.500087e+01
-3.064288e+00 3.287454e+01
-8.152931e+00 2.368561e+01
-2.592655e+00 2.248301e+01
-1.812301e+00 2.303033e+01
-5.137503e-01 2.396827e+01
+2.429677e+00 2.175782e+01
+2.367757e+01 5.057556e-01
+1.021005e-04 4.262556e-01
+3.435087e-04 5.535844e-01
-2.080654e-04 8.922973e-01
-6.594020e-06 1.047930e+00
+3.364996e-04 1.226099e+00
-1.163560e-04 1.474639e+00
-2.548673e-04 1.600138e+00
-8.502985e-05 1.616124e+00
-4.870067e-04 1.732472e+00
-6.196763e-04 1.739115e+00
-1.152927e-03 1.569766e+00
-9.307680e-04 1.500530e+00
+1.681450e-04 4.079453e-02
+8.911306e-06 7.181146e-02
-8.377410e-05 1.004249e-01
-9.353241e-06 1.684536e-01
-8.069860e-05 1.882459e-01
+8.461523e-05 2.339714e-01
-6.252520e-05 2.741804e-01
-1.225162e-04 3.087714e-01
+1.664028e-04 3.160244e-01
-2.046777e-04 3.411118e-01
-7.382843e-05 3.413399e-01
-1.751603e-05 3.129891e-01
+1.869668e-05 2.970628e-01
+3.565826e-06 7.988948e-03
-2.248661e-01 3.443929e+02
+2.800065e-01 2.360654e+02
-1.467935e-01 7.060032e+01
+1.972122e-01 4.560157e+01
+1.048081e-01 3.470924e+01
-3.281812e-01 2.700953e+01
-4.097868e-01 2.419172e+01
+2.722937e-01 2.286870e+01
-6.283396e-02 1.827164e+01
-2.324778e-02 1.664621e+01
-2.188097e-03 2.705523e-02
-4.444673e-04 1.074679e-02
+4.900846e-03 1.433156e-01
-3.756208e-03 8.581688e-02
-1.084351e-03 3.051003e-02
-3.979379e-03 4.904558e-02
-1.544678e-03 4.131100e-02
+3.973635e-04 4.285146e-02
+1.680352e-03 3.124823e-02
+4.187469e-04 2.647594e-02
+2.005714e-06 2.651057e-03
-4.521528e-06 1.014290e-03
+5.038712e-05 9.168263e-03
-3.362699e-05 5.642098e-03
-2.009219e-05 2.082250e-03
+2.537024e-05 3.855433e-03
+2.698390e-05 3.440513e-03
-1.627121e-05 3.333598e-03
+1.203757e-05 2.419398e-03
-9.082763e-06 2.200994e-03
-8.862670e+00 8.353473e+00
+6.332116e+00 1.257317e+01
-2.661355e+00 1.968060e+01
-5.418752e+00 1.720366e+01
+9.268290e-01 1.575019e+01
-4.578171e+00 2.500573e+01
-3.064333e+00 3.287441e+01
-8.153115e+00 2.368213e+01
-2.593214e+00 2.247792e+01
-1.812898e+00 2.303288e+01
-5.149660e-01 2.396729e+01
+2.428456e+00 2.175617e+01
+2.367775e+01 5.056456e-01
+1.348987e-04 4.260199e-01
+2.016524e-04 5.534107e-01
-1.599361e-04 8.922181e-01
-8.761473e-05 1.047969e+00
+4.292661e-04 1.225976e+00
-3.139629e-04 1.474372e+00
-3.957854e-04 1.600176e+00
+2.272010e-04 1.616284e+00
-6.474054e-04 1.732805e+00
-6.112330e-04 1.739549e+00
-1.122438e-03 1.569845e+00
-9.242726e-04 1.501185e+00
+1.690865e-04 4.077149e-02
+7.310732e-06 7.172920e-02
-6.640483e-05 1.003301e-01
-4.630737e-05 1.682662e-01
-8.272180e-05 1.880372e-01
+6.212845e-05 2.337331e-01
+8.268216e-06 2.739224e-01
-1.996183e-04 3.084802e-01
+8.405742e-05 3.156807e-01
-1.757240e-04 3.407849e-01
-1.100491e-04 3.410538e-01
-3.609119e-05 3.126826e-01
+8.949331e-05 2.967522e-01
+7.185044e-06 7.980321e-03
-2.270659e-01 3.444500e+02
+2.795674e-01 2.360393e+02
-1.418598e-01 7.062636e+01
+1.934338e-01 4.562482e+01
+1.037124e-01 3.472154e+01
-3.321790e-01 2.699435e+01
-4.113484e-01 2.419212e+01
+2.726907e-01 2.287272e+01
-6.114164e-02 1.827859e+01
-2.282933e-02 1.665465e+01
-2.180253e-03 2.704057e-02
-4.524862e-04 1.073985e-02
+4.960177e-03 1.432891e-01
-3.796427e-03 8.579712e-02
-1.107039e-03 3.049864e-02
-3.944854e-03 4.903594e-02
-1.510740e-03 4.130283e-02
+3.751724e-04 4.284156e-02
+1.696161e-03 3.124013e-02
+4.068855e-04 2.646664e-02
-1.710642e-06 2.648705e-03
-6.054422e-06 1.013022e-03
+5.758170e-05 9.167051e-03
-3.942579e-05 5.640932e-03
-2.270332e-05 2.080907e-03
+2.326762e-05 3.854393e-03
+2.775507e-05 3.439439e-03
-1.469636e-05 3.332463e-03
+1.498047e-05 2.418459e-03
-1.041011e-05 2.199773e-03
-8.862808e+00 8.355411e+00
+6.332607e+00 1.257653e+01
-2.661617e+00 1.968511e+01
-5.418593e+00 1.720734e+01
+9.270595e-01 1.575135e+01
-4.578081e+00 2.500912e+01
-3.064464e+00 3.287729e+01
-8.153319e+00 2.368127e+01
-2.593706e+00 2.247247e+01
-1.813533e+00 2.303441e+01
-5.163011e-01 2.396925e+01
+2.427553e+00 2.175536e+01
+2.367793e+01 5.054958e-01
+1.738681e-04 4.257219e-01
+7.312029e-05 5.531481e-01
-1.538460e-04 8.918949e-01
-1.878255e-04 1.047876e+00
+4.693412e-04 1.225899e+00
-4.653111e-04 1.474218e+00
-5.947709e-04 1.599946e+00
+4.688043e-04 1.616308e+00
-6.518295e-04 1.733101e+00
-5.968153e-04 1.739687e+00
-1.122003e-03 1.569887e+00
-8.470595e-04 1.501638e+00
+1.689932e-04 4.075860e-02
+9.836410e-06 7.160991e-02
-3.959906e-05 1.002016e-01
-6.477181e-05 1.680295e-01
-5.747847e-05 1.877674e-01
+3.714668e-05 2.333509e-01
+9.085144e-05 2.735174e-01
-2.606261e-04 3.080918e-01
-2.726316e-05 3.152088e-01
-1.552752e-04 3.402843e-01
-1.510214e-04 3.406698e-01
-5.201204e-05 3.122580e-01
+1.307798e-04 2.963453e-01
+6.913500e-06 7.963760e-03
-2.292650e-01 3.445073e+02
+2.791222e-01 2.360131e+02
-1.368656e-01 7.065214e+01
+1.896136e-01 4.564801e+01
+1.025946e-01 3.473390e+01
-3.361592e-01 2.697914e+01
-4.128912e-01 2.419254e+01
+2.730722e-01 2.287672e+01
-5.943037e-02 1.828548e+01
-2.242090e-02 1.666311e+01
-2.172647e-03 2.703341e-02
-4.645494e-04 1.073729e-02
+5.018699e-03 1.432681e-01
-3.837747e-03 8.578227e-02
-1.128770e-03 3.049303e-02
-3.910422e-03 4.903006e-02
-1.474748e-03 4.129866e-02
+3.553778e-04 4.283591e-02
+1.713752e-03 3.123557e-02
+3.935901e-04 2.646199e-02
-6.080113e-06 2.644246e-03
-7.659165e-06 1.010573e-03
+5.964081e-05 9.164805e-03
-4.221032e-05 5.638719e-03
-2.332760e-05 2.078201e-03
+1.984940e-05 3.852344e-03
+2.742602e-05 3.437303e-03
-1.217030e-05 3.330197e-03
+1.660155e-05 2.416625e-03
-1.128795e-05 2.197380e-03
-8.862924e+00 8.357176e+00
+6.332952e+00 1.258020e+01
-2.661810e+00 1.969017e+01
-5.418440e+00 1.721279e+01
+9.272102e-01 1.575505e+01
-4.577913e+00 2.501121e+01
-3.065010e+00 3.287843e+01
-8.153496e+00 2.368381e+01
-2.594344e+00 2.246623e+01
-1.814321e+00 2.303559e+01
-5.174210e-01 2.397201e+01
+2.426651e+00 2.175755e+01
+2.367813e+01 5.053719e-01
+2.244347e-04 4.253851e-01
-3.183419e-05 5.529830e-01
-1.432818e-04 8.916721e-01
-2.338382e-04 1.047650e+00
+4.950438e-04 1.225735e+00
-5.237344e-04 1.474303e+00
-8.240689e-04 1.599919e+00
+5.734931e-04 1.616066e+00
-6.240072e-04 1.733491e+00
-5.226284e-04 1.740046e+00
-1.132593e-03 1.569853e+00
-7.817122e-04 1.501835e+00
+1.690957e-04 4.074268e-02
+1.256178e-05 7.149217e-02
-5.434353e-06 1.000587e-01
-6.327525e-05 1.677963e-01
-1.565372e-05 1.875141e-01
+1.239289e-05 2.330124e-01
+1.520694e-04 2.731086e-01
-3.012930e-04 3.077019e-01
-1.182785e-04 3.148238e-01
-1.434042e-04 3.397978e-01
-1.951313e-04 3.402651e-01
-7.833697e-05 3.118911e-01
+1.381961e-04 2.960206e-01
+3.355862e-06 7.947513e-03
-2.314635e-01 3.445649e+02
+2.786654e-01 2.359865e+02
-1.318121e-01 7.067758e+01
+1.857500e-01 4.567119e+01
+1.014560e-01 3.474626e+01
-3.401222e-01 2.696386e+01
-4.144123e-01 2.419296e+01
+2.734419e-01 2.288064e+01
-5.769764e-02 1.829233e+01
-2.202437e-02 1.667159e+01
-2.166093e-03 2.701900e-02
-4.802343e-04 1.073079e-02
+5.076213e-03 1.432448e-01
-3.880321e-03 8.576481e-02
-1.149513e-03 3.048392e-02
-3.875936e-03 4.902093e-02
-1.436733e-03 4.129080e-02
+3.368168e-04 4.282637e-02
+1.732861e-03 3.122839e-02
+3.787848e-04 2.645393e-02
-1.146939e-05 2.641193e-03
-8.095399e-06 1.008914e-03
+5.913745e-05 9.162978e-03
-4.342853e-05 5.637012e-03
-2.312545e-05 2.076261e-03
+1.593469e-05 3.850856e-03
+2.613026e-05 3.435861e-03
-1.072252e-05 3.328632e-03
+1.697033e-05 2.415302e-03
-1.174142e-05 2.195689e-03
