+4.023381e+00 2.983596e+00
+4.574344e+00 4.589971e+00
-2.345811e+00 5.952434e+00
-2.208840e+00 8.213350e+00
-3.973691e+00 9.032656e+00
-2.349244e+00 1.028224e+01
+2.080169e-01 1.097829e+01
-6.947412e-02 1.208634e+01
-1.530450e+00 1.164057e+01
-8.040454e-01 1.171312e+01
-8.923194e-01 9.970569e+00
-6.172779e-01 9.289632e+00
+2.334149e+01 1.346509e+00
+1.684464e-04 1.865901e-01
-2.436023e-04 3.345716e-01
+4.582410e-04 4.496125e-01
+1.838104e-04 6.454229e-01
-6.924974e-04 7.943696e-01
-1.195494e-03 9.950712e-01
-2.308908e-04 1.125512e+00
+4.073214e-04 1.322260e+00
-1.492033e-04 1.263564e+00
-3.754713e-04 1.273803e+00
-1.309273e-04 1.082821e+00
+3.393367e-04 1.026480e+00
+1.320045e-05 7.187542e-02
+4.385012e-06 3.441456e-02
+8.518485e-05 6.337956e-02
-1.726921e-04 8.726254e-02
-1.160910e-04 1.270931e-01
-2.905313e-05 1.578238e-01
+1.278615e-04 2.004666e-01
-5.429429e-05 2.284825e-01
+3.517273e-05 2.704287e-01
+2.147344e-04 2.562501e-01
+1.135179e-04 2.597442e-01
+1.100080e-04 2.193717e-01
+4.869310e-05 2.073716e-01
-3.234616e-06 1.482333e-02
-2.092769e-01 3.439957e+02
+2.829828e-01 2.362485e+02
-1.805621e-01 7.041409e+01
+2.231531e-01 4.543739e+01
+1.121851e-01 3.462519e+01
-2.996337e-01 2.711752e+01
-3.983597e-01 2.419030e+01
+2.691382e-01 2.284203e+01
-7.448914e-02 1.822201e+01
-2.633516e-02 1.658777e+01
-2.303396e-03 2.704348e-02
-3.872409e-04 1.073676e-02
+4.686655e-03 1.433054e-01
-3.608649e-03 8.581089e-02
-1.006417e-03 3.048764e-02
-4.222186e-03 4.901423e-02
-1.743738e-03 4.126448e-02
+5.478944e-04 4.280784e-02
+1.619559e-03 3.124385e-02
+4.799552e-04 2.647469e-02
+2.649414e-05 2.643010e-03
-9.760124e-06 1.009583e-03
-1.155645e-05 9.165225e-03
+3.936043e-06 5.638856e-03
+4.333728e-06 2.076730e-03
+3.200324e-05 3.851642e-03
+1.807519e-05 3.435433e-03
-2.111433e-05 3.328284e-03
+8.519317e-08 2.416339e-03
-4.956703e-06 2.197127e-03
+4.023559e+00 2.983577e+00
+4.574224e+00 4.590005e+00
-2.345754e+00 5.952932e+00
-2.208906e+00 8.213253e+00
-3.974381e+00 9.031979e+00
-2.349829e+00 1.028415e+01
+2.078884e-01 1.098013e+01
-6.936093e-02 1.208804e+01
-1.530545e+00 1.163712e+01
-8.042856e-01 1.171298e+01
-8.924474e-01 9.969870e+00
-6.169204e-01 9.289217e+00
+2.334148e+01 1.346336e+00
+1.735662e-04 1.865622e-01
-2.165229e-04 3.344882e-01
+3.466070e-04 4.494827e-01
+1.085079e-04 6.450252e-01
-7.116188e-04 7.939925e-01
-1.060227e-03 9.946672e-01
-2.333951e-04 1.125050e+00
+3.480739e-04 1.321844e+00
-7.957519e-05 1.262571e+00
-2.660536e-04 1.273048e+00
-1.110399e-04 1.082370e+00
+2.828056e-04 1.025791e+00
+6.812975e-06 7.197214e-02
-8.616074e-06 3.447515e-02
+7.501755e-05 6.351339e-02
-1.336707e-04 8.743348e-02
-1.032989e-04 1.273492e-01
+1.051959e-05 1.581670e-01
+1.567172e-04 2.009151e-01
-3.906327e-05 2.290169e-01
+1.435767e-05 2.710578e-01
+2.148355e-04 2.568537e-01
+1.074303e-04 2.603719e-01
+1.121861e-04 2.198406e-01
+2.152701e-05 2.078216e-01
+4.684621e-06 1.486651e-02
-2.115639e-01 3.440533e+02
+2.825847e-01 2.362219e+02
-1.757382e-01 7.044114e+01
+2.194501e-01 4.546115e+01
+1.111275e-01 3.463703e+01
-3.037986e-01 2.710176e+01
-4.000563e-01 2.419029e+01
+2.696313e-01 2.284568e+01
-7.282787e-02 1.822916e+01
-2.587863e-02 1.659604e+01
-2.273844e-03 2.705695e-02
-4.024441e-04 1.074480e-02
+4.711958e-03 1.433183e-01
-3.629671e-03 8.582195e-02
-1.013356e-03 3.050052e-02
-4.180768e-03 4.902708e-02
-1.716238e-03 4.128133e-02
+5.187071e-04 4.282589e-02
+1.633038e-03 3.125023e-02
+4.685831e-04 2.648156e-02
+2.651508e-05 2.644932e-03
-9.800734e-06 1.010686e-03
-1.905812e-06 9.166090e-03
-8.610914e-07 5.639685e-03
+1.970784e-06 2.077953e-03
+3.365997e-05 3.852519e-03
+2.057237e-05 3.436578e-03
-2.122435e-05 3.329431e-03
+2.315933e-06 2.417039e-03
-5.827449e-06 2.198063e-03
+4.023678e+00 2.983443e+00
+4.574024e+00 4.589938e+00
-2.345606e+00 5.953598e+00
-2.209040e+00 8.213133e+00
-3.974871e+00 9.031226e+00
-2.350337e+00 1.028549e+01
+2.077676e-01 1.097936e+01
-6.918532e-02 1.208884e+01
-1.530431e+00 1.163431e+01
-8.044625e-01 1.171183e+01
-8.928675e-01 9.968892e+00
-6.169375e-01 9.288342e+00
+2.334146e+01 1.346153e+00
+1.670356e-04 1.865203e-01
-1.652102e-04 3.344158e-01
+2.926686e-04 4.493934e-01
+3.258928e-05 6.446358e-01
-6.621670e-04 7.935302e-01
-8.413992e-04 9.941767e-01
-2.109108e-04 1.124660e+00
+3.281296e-04 1.321354e+00
+1.192392e-04 1.261750e+00
-9.612603e-05 1.272188e+00
-5.497151e-05 1.081867e+00
+2.299792e-04 1.024999e+00
-1.019783e-07 7.206864e-02
-1.189752e-05 3.453382e-02
+7.410270e-05 6.364061e-02
-9.538047e-05 8.760280e-02
-7.534567e-05 1.276008e-01
+5.325022e-05 1.585130e-01
+1.763345e-04 2.013766e-01
-2.119541e-05 2.295331e-01
+1.232848e-05 2.716813e-01
+1.747448e-04 2.574042e-01
+6.089934e-05 2.609911e-01
+1.221024e-04 2.203324e-01
+9.833762e-06 2.083068e-01
+1.019487e-05 1.491008e-02
-2.138196e-01 3.441107e+02
+2.821719e-01 2.361956e+02
-1.709184e-01 7.046806e+01
+2.157466e-01 4.548481e+01
+1.100757e-01 3.464899e+01
-3.079317e-01 2.708610e+01
-4.017355e-01 2.419045e+01
+2.701053e-01 2.284936e+01
-7.116049e-02 1.823630e+01
-2.542907e-02 1.660441e+01
-2.246800e-03 2.706289e-02
-4.154293e-04 1.074864e-02
+4.738661e-03 1.433276e-01
-3.649605e-03 8.582907e-02
-1.020964e-03 3.050867e-02
-4.139571e-03 4.903698e-02
-1.686799e-03 4.129448e-02
+4.919728e-04 4.283905e-02
+1.644352e-03 3.125350e-02
+4.581991e-04 2.648470e-02
+2.317411e-05 2.648093e-03
-8.509395e-06 1.012477e-03
+7.200438e-06 9.167477e-03
-5.513849e-06 5.641051e-03
-1.679929e-06 2.079995e-03
+3.456811e-05 3.853865e-03
+2.413271e-05 3.438281e-03
-2.039327e-05 3.331250e-03
+2.913347e-06 2.418240e-03
-6.243834e-06 2.199558e-03
+4.023882e+00 2.983340e+00
+4.573951e+00 4.589574e+00
-2.345566e+00 5.953844e+00
-2.208957e+00 8.213552e+00
-3.975411e+00 9.030405e+00
-2.350754e+00 1.028589e+01
+2.075432e-01 1.098002e+01
-6.894021e-02 1.208916e+01
-1.530116e+00 1.163126e+01
-8.041708e-01 1.171057e+01
-8.925977e-01 9.968238e+00
-6.169246e-01 9.286173e+00
+2.334145e+01 1.345926e+00
+1.488482e-04 1.864867e-01
-1.186982e-04 3.343405e-01
+2.761729e-04 4.493001e-01
-2.007384e-05 6.442607e-01
-5.445452e-04 7.931034e-01
-6.615779e-04 9.938423e-01
-2.099394e-04 1.124252e+00
+3.153862e-04 1.320711e+00
+2.341087e-04 1.260872e+00
-6.522284e-05 1.271636e+00
+1.794351e-05 1.081453e+00
+1.922092e-04 1.024198e+00
+6.862546e-06 7.216656e-02
-7.333927e-06 3.459976e-02
+6.672277e-05 6.378885e-02
-6.356334e-05 8.780491e-02
-5.144737e-05 1.278878e-01
+7.742475e-05 1.588938e-01
+1.771950e-04 2.018749e-01
-5.413165e-06 2.301432e-01
+2.108577e-05 2.724148e-01
+9.222441e-05 2.580406e-01
-2.739036e-05 2.616665e-01
+9.242653e-05 2.208813e-01
-8.014940e-06 2.088615e-01
+1.224094e-05 1.495138e-02
-2.160504e-01 3.441679e+02
+2.817483e-01 2.361694e+02
-1.661020e-01 7.049482e+01
+2.120442e-01 4.550833e+01
+1.090274e-01 3.466101e+01
-3.120326e-01 2.707056e+01
-4.033920e-01 2.419069e+01
+2.705637e-01 2.285308e+01
-6.949189e-02 1.824343e+01
-2.498482e-02 1.661282e+01
-2.225069e-03 2.706892e-02
-4.254768e-04 1.075257e-02
+4.766158e-03 1.433375e-01
-3.668367e-03 8.583568e-02
-1.030545e-03 3.051680e-02
-4.097804e-03 4.904717e-02
-1.653027e-03 4.130773e-02
+4.679580e-04 4.285150e-02
+1.651967e-03 3.125657e-02
+4.487850e-04 2.648745e-02
+1.756975e-05 2.650604e-03
-6.574916e-06 1.013907e-03
+1.599682e-05 9.168580e-03
-1.045532e-05 5.642182e-03
-5.863252e-06 2.081683e-03
+3.315945e-05 3.854993e-03
+2.615297e-05 3.439698e-03
-1.878415e-05 3.332804e-03
+3.363125e-06 2.419221e-03
-6.383746e-06 2.200764e-03
+4.024048e+00 2.983041e+00
+4.573941e+00 4.589136e+00
-2.345344e+00 5.954256e+00
-2.209112e+00 8.213018e+00
-3.975854e+00 9.029076e+00
-2.351168e+00 1.028591e+01
+2.074097e-01 1.098120e+01
-6.862841e-02 1.209086e+01
-1.529559e+00 1.162932e+01
-8.039641e-01 1.170694e+01
-8.925121e-01 9.967158e+00
-6.167122e-01 9.284424e+00
+2.334143e+01 1.345587e+00
+1.534187e-04 1.864499e-01
-6.037921e-05 3.343100e-01
+2.403843e-04 4.492421e-01
-3.844830e-05 6.439489e-01
-4.698680e-04 7.926507e-01
-5.006974e-04 9.934709e-01
-1.958213e-04 1.123680e+00
+3.396473e-04 1.320231e+00
+2.161321e-04 1.259903e+00
-1.710747e-04 1.271148e+00
+1.039455e-04 1.081124e+00
+1.774176e-04 1.023579e+00
+2.062969e-05 7.225954e-02
+5.365351e-06 3.466101e-02
+5.368853e-05 6.392569e-02
-5.570407e-05 8.800093e-02
-2.209568e-05 1.281599e-01
+7.620828e-05 1.592549e-01
+1.639170e-04 2.023354e-01
+6.035384e-06 2.307467e-01
+2.274450e-05 2.731184e-01
-1.266685e-05 2.587087e-01
-1.028562e-04 2.622998e-01
+4.972049e-05 2.213862e-01
-4.495876e-05 2.093695e-01
+1.175861e-05 1.498337e-02
-2.182639e-01 3.442244e+02
+2.813171e-01 2.361433e+02
-1.612884e-01 7.052138e+01
+2.083441e-01 4.553172e+01
+1.079795e-01 3.467302e+01
-3.161000e-01 2.705515e+01
-4.050194e-01 2.419092e+01
+2.710093e-01 2.285688e+01
-6.782676e-02 1.825051e+01
-2.454520e-02 1.662118e+01
-2.210842e-03 2.707442e-02
-4.320599e-04 1.075610e-02
+4.794571e-03 1.433425e-01
-3.686868e-03 8.583891e-02
-1.041778e-03 3.052271e-02
-4.062157e-03 4.905394e-02
-1.621720e-03 4.131668e-02
+4.482331e-04 4.285970e-02
+1.657609e-03 3.125871e-02
+4.408499e-04 2.648934e-02
+1.232748e-05 2.651475e-03
-5.085560e-06 1.014423e-03
+2.452832e-05 9.168944e-03
-1.577774e-05 5.642582e-03
-9.787459e-06 2.082339e-03
+3.075755e-05 3.855477e-03
+2.660766e-05 3.440344e-03
-1.749704e-05 3.333493e-03
+4.626033e-06 2.419575e-03
-6.665870e-06 2.201200e-03
+4.024107e+00 2.982835e+00
+4.573807e+00 4.588940e+00
-2.345077e+00 5.954907e+00
-2.209245e+00 8.213193e+00
-3.976202e+00 9.028171e+00
-2.351612e+00 1.028719e+01
+2.072593e-01 1.098109e+01
-6.844248e-02 1.208992e+01
-1.529567e+00 1.162680e+01
-8.044677e-01 1.170647e+01
-8.925646e-01 9.967626e+00
-6.163910e-01 9.283397e+00
+2.334148e+01 1.345130e+00
+1.600489e-04 1.864941e-01
-2.324465e-05 3.344557e-01
+1.999735e-04 4.494443e-01
-5.651927e-05 6.441045e-01
-4.038037e-04 7.927596e-01
-3.539868e-04 9.936793e-01
-1.670686e-04 1.124164e+00
+3.778511e-04 1.321004e+00
+1.266145e-04 1.259982e+00
-3.652605e-04 1.271515e+00
+8.914311e-05 1.081589e+00
+1.067449e-04 1.023793e+00
+3.109093e-05 7.233701e-02
+2.033716e-05 3.470161e-02
+4.084910e-05 6.401477e-02
-5.751016e-05 8.813340e-02
+2.988746e-06 1.283430e-01
+6.365322e-05 1.595047e-01
+1.603795e-04 2.026450e-01
+1.899647e-05 2.311572e-01
+1.930656e-05 2.735695e-01
-8.637150e-05 2.591629e-01
-1.269132e-04 2.627514e-01
+5.321973e-06 2.217308e-01
-9.284191e-05 2.097087e-01
+7.362433e-06 1.500180e-02
-2.204648e-01 3.442804e+02
+2.808802e-01 2.361173e+02
-1.564773e-01 7.054775e+01
+2.046470e-01 4.555502e+01
+1.069302e-01 3.468503e+01
-3.201330e-01 2.703995e+01
-4.066139e-01 2.419115e+01
+2.714439e-01 2.286079e+01
-6.616793e-02 1.825757e+01
-2.411005e-02 1.662949e+01
-2.203323e-03 2.707198e-02
-4.357203e-04 1.075506e-02
+4.823931e-03 1.433385e-01
-3.705830e-03 8.583540e-02
-1.053732e-03 3.052148e-02
-4.036314e-03 4.905365e-02
-1.597859e-03 4.131727e-02
+4.329134e-04 4.285968e-02
+1.663354e-03 3.125715e-02
+4.344386e-04 2.648715e-02
+8.898184e-06 2.651499e-03
-4.530182e-06 1.014465e-03
+3.280941e-05 9.168822e-03
-2.136067e-05 5.642513e-03
-1.315203e-05 2.082404e-03
+2.885355e-05 3.855546e-03
+2.644219e-05 3.440490e-03
-1.718283e-05 3.333621e-03
+6.825907e-06 2.419580e-03
-7.289871e-06 2.201212e-03
+4.024165e+00 2.982629e+00
+4.573672e+00 4.588744e+00
-2.344809e+00 5.955558e+00
-2.209377e+00 8.213369e+00
-3.976549e+00 9.027266e+00
-2.352055e+00 1.028846e+01
+2.071089e-01 1.098097e+01
-6.825655e-02 1.208898e+01
-1.529575e+00 1.162428e+01
-8.049712e-01 1.170601e+01
-8.926172e-01 9.968094e+00
-6.160699e-01 9.282370e+00
+2.334153e+01 1.344672e+00
+1.666791e-04 1.865383e-01
+1.388990e-05 3.346014e-01
+1.595627e-04 4.496466e-01
-7.459024e-05 6.442600e-01
-3.377393e-04 7.928685e-01
-2.072761e-04 9.938877e-01
-1.383159e-04 1.124648e+00
+4.160549e-04 1.321777e+00
+3.709694e-05 1.260060e+00
-5.594464e-04 1.271882e+00
+7.434067e-05 1.082054e+00
+3.607211e-05 1.024007e+00
+4.155217e-05 7.241447e-02
+3.530897e-05 3.474222e-02
+2.800968e-05 6.410385e-02
-5.931626e-05 8.826586e-02
+2.807317e-05 1.285261e-01
+5.109817e-05 1.597544e-01
+1.568419e-04 2.029546e-01
+3.195755e-05 2.315677e-01
+1.586861e-05 2.740205e-01
-1.600761e-04 2.596171e-01
-1.509702e-04 2.632030e-01
-3.907654e-05 2.220753e-01
-1.407251e-04 2.100478e-01
+2.966260e-06 1.502022e-02
-2.226658e-01 3.443364e+02
+2.804434e-01 2.360913e+02
-1.516661e-01 7.057408e+01
+2.009498e-01 4.557828e+01
+1.058808e-01 3.469704e+01
-3.241659e-01 2.702471e+01
-4.082083e-01 2.419138e+01
+2.718785e-01 2.286470e+01
-6.450909e-02 1.826462e+01
-2.367490e-02 1.663780e+01
-2.195805e-03 2.706954e-02
-4.393807e-04 1.075403e-02
+4.853290e-03 1.433345e-01
-3.724792e-03 8.583189e-02
-1.065687e-03 3.052026e-02
-4.010471e-03 4.905337e-02
-1.573998e-03 4.131785e-02
+4.175937e-04 4.285965e-02
+1.669099e-03 3.125559e-02
+4.280274e-04 2.648495e-02
+5.468886e-06 2.651524e-03
-3.974804e-06 1.014507e-03
+4.109051e-05 9.168699e-03
-2.694359e-05 5.642443e-03
-1.651659e-05 2.082469e-03
+2.694954e-05 3.855616e-03
+2.627673e-05 3.440636e-03
-1.686863e-05 3.333750e-03
+9.025780e-06 2.419586e-03
-7.913872e-06 2.201224e-03
+4.024244e+00 2.982333e+00
+4.573708e+00 4.589008e+00
-2.344629e+00 5.956259e+00
-2.209607e+00 8.214463e+00
-3.976863e+00 9.027074e+00
-2.352186e+00 1.028917e+01
+2.067833e-01 1.098116e+01
-6.809970e-02 1.209002e+01
-1.529293e+00 1.162480e+01
-8.054159e-01 1.170688e+01
-8.925679e-01 9.968082e+00
-6.159643e-01 9.281096e+00
+2.334159e+01 1.344181e+00
+1.884794e-04 1.865038e-01
+3.802834e-05 3.345961e-01
+1.316859e-04 4.496390e-01
-8.237646e-05 6.442028e-01
-2.423675e-04 7.927020e-01
-7.516881e-06 9.937009e-01
-1.068255e-04 1.124653e+00
+3.726163e-04 1.321729e+00
-1.360567e-04 1.259715e+00
-7.538130e-04 1.271615e+00
-1.528311e-05 1.081937e+00
-6.057259e-05 1.023835e+00
+4.465550e-05 7.240041e-02
+5.004534e-05 3.473732e-02
+8.813333e-06 6.410002e-02
-4.980079e-05 8.826099e-02
+5.755865e-05 1.284990e-01
+2.872007e-05 1.597252e-01
+1.194064e-04 2.029084e-01
+6.278680e-05 2.315547e-01
+3.801840e-05 2.740079e-01
-2.328870e-04 2.595994e-01
-1.857135e-04 2.632002e-01
-7.792191e-05 2.220324e-01
-1.817226e-04 2.100022e-01
-1.651404e-07 1.501985e-02
-2.248661e-01 3.443929e+02
+2.800065e-01 2.360654e+02
-1.467935e-01 7.060032e+01
+1.972122e-01 4.560157e+01
+1.048081e-01 3.470924e+01
-3.281812e-01 2.700953e+01
-4.097868e-01 2.419172e+01
+2.722937e-01 2.286870e+01
-6.283396e-02 1.827164e+01
-2.324778e-02 1.664621e+01
-2.188097e-03 2.705523e-02
-4.444673e-04 1.074679e-02
+4.900846e-03 1.433156e-01
-3.756208e-03 8.581688e-02
-1.084351e-03 3.051003e-02
-3.979379e-03 4.904558e-02
-1.544678e-03 4.131100e-02
+3.973635e-04 4.285146e-02
+1.680352e-03 3.124823e-02
+4.187469e-04 2.647594e-02
+2.005714e-06 2.651057e-03
-4.521528e-06 1.014290e-03
+5.038712e-05 9.168263e-03
-3.362699e-05 5.642098e-03
-2.009219e-05 2.082250e-03
+2.537024e-05 3.855433e-03
+2.698390e-05 3.440513e-03
-1.627121e-05 3.333598e-03
+1.203757e-05 2.419398e-03
-9.082763e-06 2.200994e-03
+4.024297e+00 2.982266e+00
+4.573641e+00 4.589074e+00
-2.344648e+00 5.956770e+00
-2.209877e+00 8.214344e+00
-3.977005e+00 9.026013e+00
-2.352075e+00 1.028824e+01
+2.067537e-01 1.098141e+01
-6.810378e-02 1.208851e+01
-1.529180e+00 1.162278e+01
-8.057228e-01 1.170891e+01
-8.926351e-01 9.969558e+00
-6.158027e-01 9.280885e+00
+2.334162e+01 1.343722e+00
+2.032816e-04 1.865631e-01
+3.120289e-05 3.348088e-01
+1.637957e-04 4.499362e-01
-7.210195e-05 6.446876e-01
-1.678827e-04 7.933214e-01
+1.345018e-04 9.942586e-01
-2.760425e-05 1.125607e+00
+3.758737e-04 1.322858e+00
-3.288172e-04 1.260472e+00
-9.478637e-04 1.272565e+00
-1.213311e-04 1.082546e+00
-2.123787e-04 1.024644e+00
+4.183628e-05 7.238513e-02
+6.019769e-05 3.471156e-02
-1.102438e-05 6.404846e-02
-5.025277e-05 8.819592e-02
+8.587956e-05 1.283737e-01
-1.490800e-06 1.595781e-01
+4.417561e-05 2.027110e-01
+9.082179e-05 2.313614e-01
+9.673999e-05 2.737258e-01
-2.908943e-04 2.593364e-01
-2.250424e-04 2.629742e-01
-8.602865e-05 2.218374e-01
-1.965084e-04 2.098079e-01
+2.296418e-06 1.500466e-02
-2.270659e-01 3.444500e+02
+2.795674e-01 2.360393e+02
-1.418598e-01 7.062636e+01
+1.934338e-01 4.562482e+01
+1.037124e-01 3.472154e+01
-3.321790e-01 2.699435e+01
-4.113484e-01 2.419212e+01
+2.726907e-01 2.287272e+01
-6.114164e-02 1.827859e+01
-2.282933e-02 1.665465e+01
-2.180253e-03 2.704057e-02
-4.524862e-04 1.073985e-02
+4.960177e-03 1.432891e-01
-3.796427e-03 8.579712e-02
-1.107039e-03 3.049864e-02
-3.944854e-03 4.903594e-02
-1.510740e-03 4.130283e-02
+3.751724e-04 4.284156e-02
+1.696161e-03 3.124013e-02
+4.068855e-04 2.646664e-02
-1.710642e-06 2.648705e-03
-6.054422e-06 1.013022e-03
+5.758170e-05 9.167051e-03
-3.942579e-05 5.640932e-03
-2.270332e-05 2.080907e-03
+2.326762e-05 3.854393e-03
+2.775507e-05 3.439439e-03
-1.469636e-05 3.332463e-03
+1.498047e-05 2.418459e-03
-1.041011e-05 2.199773e-03
+4.024439e+00 2.981832e+00
+4.573561e+00 4.588806e+00
-2.344505e+00 5.956860e+00
-2.210075e+00 8.214793e+00
-3.977087e+00 9.025857e+00
-2.351819e+00 1.029035e+01
+2.065897e-01 1.098126e+01
-6.843561e-02 1.208574e+01
-1.529400e+00 1.162319e+01
-8.060995e-01 1.171128e+01
-8.930181e-01 9.970303e+00
-6.157989e-01 9.281462e+00
+2.334162e+01 1.343274e+00
+2.204056e-04 1.866256e-01
+8.074760e-06 3.350547e-01
+2.225200e-04 4.502052e-01
-4.885253e-05 6.452332e-01
-1.320696e-04 7.938445e-01
+1.359011e-04 9.948852e-01
+1.170924e-04 1.126541e+00
+4.837218e-04 1.324263e+00
-5.073055e-04 1.261362e+00
-1.195504e-03 1.273820e+00
-1.914012e-04 1.083334e+00
-3.021762e-04 1.025703e+00
+4.830220e-05 7.237338e-02
+7.025969e-05 3.467978e-02
-2.068758e-05 6.398608e-02
-7.819744e-05 8.812821e-02
+9.742625e-05 1.282386e-01
-3.547848e-05 1.594434e-01
-3.900932e-05 2.025053e-01
+9.936686e-05 2.311452e-01
+1.696942e-04 2.733870e-01
-3.062645e-04 2.590560e-01
-2.522735e-04 2.627201e-01
-5.574412e-05 2.215996e-01
-1.865711e-04 2.095851e-01
+8.976355e-06 1.497993e-02
-2.292650e-01 3.445073e+02
+2.791222e-01 2.360131e+02
-1.368656e-01 7.065214e+01
+1.896136e-01 4.564801e+01
+1.025946e-01 3.473390e+01
-3.361592e-01 2.697914e+01
-4.128912e-01 2.419254e+01
+2.730722e-01 2.287672e+01
-5.943037e-02 1.828548e+01
-2.242090e-02 1.666311e+01
-2.172647e-03 2.703341e-02
-4.645494e-04 1.073729e-02
+5.018699e-03 1.432681e-01
-3.837747e-03 8.578227e-02
-1.128770e-03 3.049303e-02
-3.910422e-03 4.903006e-02
-1.474748e-03 4.129866e-02
+3.553778e-04 4.283591e-02
+1.713752e-03 3.123557e-02
+3.935901e-04 2.646199e-02
-6.080113e-06 2.644246e-03
-7.659165e-06 1.010573e-03
+5.964081e-05 9.164805e-03
-4.221032e-05 5.638719e-03
-2.332760e-05 2.078201e-03
+1.984940e-05 3.852344e-03
+2.742602e-05 3.437303e-03
-1.217030e-05 3.330197e-03
+1.660155e-05 2.416625e-03
-1.128795e-05 2.197380e-03
+4.024511e+00 2.981475e+00
+4.573417e+00 4.588523e+00
-2.344186e+00 5.957027e+00
-2.210267e+00 8.215371e+00
-3.977286e+00 9.027561e+00
-2.351768e+00 1.029054e+01
+2.066440e-01 1.098068e+01
-6.838463e-02 1.208382e+01
-1.529407e+00 1.162274e+01
-8.064104e-01 1.171234e+01
-8.932745e-01 9.970487e+00
-6.160998e-01 9.280510e+00
+2.334162e+01 1.342925e+00
+2.210337e-04 1.866930e-01
-1.660692e-05 3.352681e-01
+2.243668e-04 4.505101e-01
-3.277103e-05 6.456502e-01
-1.014308e-04 7.942877e-01
+4.515805e-05 9.955612e-01
+2.164489e-04 1.127526e+00
+6.813123e-04 1.325333e+00
-6.607297e-04 1.262048e+00
-1.439368e-03 1.274931e+00
-1.631778e-04 1.084264e+00
-3.049049e-04 1.026845e+00
+7.441139e-05 7.235168e-02
+8.841443e-05 3.465640e-02
-1.071847e-05 6.394771e-02
-1.240040e-04 8.808302e-02
+1.045817e-04 1.281609e-01
-6.138910e-05 1.593827e-01
-9.055523e-05 2.023684e-01
+6.099955e-05 2.310163e-01
+1.955522e-04 2.731814e-01
-3.224907e-04 2.588909e-01
-2.619400e-04 2.625959e-01
-2.923187e-05 2.214183e-01
-1.658378e-04 2.094366e-01
+1.370472e-05 1.495790e-02
-2.314635e-01 3.445649e+02
+2.786654e-01 2.359865e+02
-1.318121e-01 7.067758e+01
+1.857500e-01 4.567119e+01
+1.014560e-01 3.474626e+01
-3.401222e-01 2.696386e+01
-4.144123e-01 2.419296e+01
+2.734419e-01 2.288064e+01
-5.769764e-02 1.829233e+01
-2.202437e-02 1.667159e+01
-2.166093e-03 2.701900e-02
-4.802343e-04 1.073079e-02
+5.076213e-03 1.432448e-01
-3.880321e-03 8.576481e-02
-1.149513e-03 3.048392e-02
-3.875936e-03 4.902093e-02
-1.436733e-03 4.129080e-02
+3.368168e-04 4.282637e-02
+1.732861e-03 3.122839e-02
+3.787848e-04 2.645393e-02
-1.146939e-05 2.641193e-03
-8.095399e-06 1.008914e-03
+5.913745e-05 9.162978e-03
-4.342853e-05 5.637012e-03
-2.312545e-05 2.076261e-03
+1.593469e-05 3.850856e-03
+2.613026e-05 3.435861e-03
-1.072252e-05 3.328632e-03
+1.697033e-05 2.415302e-03
-1.174142e-05 2.195689e-03
