-7.099249e+00 2.099158e+01
+6.676414e+00 1.814268e+01
-1.313448e+00 3.075107e+01
-4.098926e+00 2.998594e+01
+8.911492e-01 2.345524e+01
-3.647279e+00 2.776563e+01
-2.059602e+00 3.411119e+01
-6.270709e+00 3.008026e+01
-1.948803e+00 2.589860e+01
-1.284915e+00 2.577379e+01
-2.724470e-01 2.512890e+01
+1.971120e+00 2.323036e+01
+2.068566e+01 1.883554e+00
-1.578555e-04 7.475777e-01
+8.635525e-04 7.832304e-01
-8.771737e-04 1.248852e+00
+1.923782e-04 1.559919e+00
-4.620698e-04 1.582649e+00
+8.094456e-04 1.630086e+00
-1.534035e-04 1.799769e+00
-1.678633e-03 1.841581e+00
+4.659078e-04 1.867412e+00
-8.380328e-04 1.817608e+00
-1.144375e-03 1.674637e+00
+1.304573e-04 1.565548e+00
+1.676453e-04 4.580018e-02
+2.940240e-05 1.111047e-01
-1.289561e-05 1.313917e-01
+1.426546e-04 2.100854e-01
+1.648542e-04 2.569682e-01
+7.278223e-05 2.823330e-01
+2.652594e-05 2.947686e-01
+5.418288e-05 3.344793e-01
+4.823259e-05 3.452050e-01
-8.762827e-05 3.555873e-01
-8.808894e-06 3.463511e-01
+3.808768e-05 3.221408e-01
-3.584921e-04 2.990816e-01
+1.941591e-05 7.912772e-03
-2.092769e-01 3.439957e+02
+2.829828e-01 2.362485e+02
-1.805621e-01 7.041409e+01
+2.231531e-01 4.543739e+01
+1.121851e-01 3.462519e+01
-2.996337e-01 2.711752e+01
-3.983597e-01 2.419030e+01
+2.691382e-01 2.284203e+01
-7.448914e-02 1.822201e+01
-2.633516e-02 1.658777e+01
-2.303396e-03 2.704348e-02
-3.872409e-04 1.073676e-02
+4.686655e-03 1.433054e-01
-3.608649e-03 8.581089e-02
-1.006417e-03 3.048764e-02
-4.222186e-03 4.901423e-02
-1.743738e-03 4.126448e-02
+5.478944e-04 4.280784e-02
+1.619559e-03 3.124385e-02
+4.799552e-04 2.647469e-02
+2.649414e-05 2.643010e-03
-9.760124e-06 1.009583e-03
-1.155645e-05 9.165225e-03
+3.936043e-06 5.638856e-03
+4.333728e-06 2.076730e-03
+3.200324e-05 3.851642e-03
+1.807519e-05 3.435433e-03
-2.111433e-05 3.328284e-03
+8.519317e-08 2.416339e-03
-4.956703e-06 2.197127e-03
-7.099477e+00 2.099200e+01
+6.677137e+00 1.814255e+01
-1.313985e+00 3.075740e+01
-4.098513e+00 2.998402e+01
+8.909839e-01 2.345238e+01
-3.646527e+00 2.776985e+01
-2.059851e+00 3.411187e+01
-6.271802e+00 3.008514e+01
-1.948968e+00 2.589723e+01
-1.285952e+00 2.577056e+01
-2.737295e-01 2.513036e+01
+1.970505e+00 2.323199e+01
+2.068585e+01 1.883407e+00
-1.080711e-04 7.482987e-01
+8.952701e-04 7.838472e-01
-7.286041e-04 1.249589e+00
+2.928998e-04 1.561028e+00
-4.030115e-04 1.583584e+00
+8.714711e-04 1.631489e+00
-1.101723e-04 1.801025e+00
-1.544671e-03 1.843002e+00
+3.950760e-04 1.868780e+00
-8.309007e-04 1.818770e+00
-1.035088e-03 1.675890e+00
-5.373068e-05 1.566539e+00
+1.956682e-04 4.586385e-02
+4.372762e-05 1.112897e-01
-3.299689e-05 1.316389e-01
+1.299146e-04 2.105406e-01
+8.299758e-05 2.574529e-01
+6.931312e-05 2.829457e-01
-5.122471e-05 2.955034e-01
+9.706259e-05 3.352361e-01
+1.498475e-04 3.459941e-01
-8.797019e-05 3.564118e-01
+4.970859e-05 3.472004e-01
+7.483737e-05 3.229473e-01
-3.120926e-04 2.998031e-01
+1.038860e-05 7.937014e-03
-2.115639e-01 3.440533e+02
+2.825847e-01 2.362219e+02
-1.757382e-01 7.044114e+01
+2.194501e-01 4.546115e+01
+1.111275e-01 3.463703e+01
-3.037986e-01 2.710176e+01
-4.000563e-01 2.419029e+01
+2.696313e-01 2.284568e+01
-7.282787e-02 1.822916e+01
-2.587863e-02 1.659604e+01
-2.273844e-03 2.705695e-02
-4.024441e-04 1.074480e-02
+4.711958e-03 1.433183e-01
-3.629671e-03 8.582195e-02
-1.013356e-03 3.050052e-02
-4.180768e-03 4.902708e-02
-1.716238e-03 4.128133e-02
+5.187071e-04 4.282589e-02
+1.633038e-03 3.125023e-02
+4.685831e-04 2.648156e-02
+2.651508e-05 2.644932e-03
-9.800734e-06 1.010686e-03
-1.905812e-06 9.166090e-03
-8.610914e-07 5.639685e-03
+1.970784e-06 2.077953e-03
+3.365997e-05 3.852519e-03
+2.057237e-05 3.436578e-03
-2.122435e-05 3.329431e-03
+2.315933e-06 2.417039e-03
-5.827449e-06 2.198063e-03
-7.099584e+00 2.099279e+01
+6.677874e+00 1.814387e+01
-1.314540e+00 3.076269e+01
-4.098130e+00 2.998379e+01
+8.907904e-01 2.344754e+01
-3.645708e+00 2.777261e+01
-2.059637e+00 3.411216e+01
-6.272877e+00 3.008797e+01
-1.949122e+00 2.589627e+01
-1.286771e+00 2.576962e+01
-2.746140e-01 2.512951e+01
+1.969924e+00 2.323409e+01
+2.068607e+01 1.883288e+00
-4.851668e-05 7.489382e-01
+8.693521e-04 7.844322e-01
-6.351281e-04 1.250387e+00
+3.094992e-04 1.562011e+00
-3.555652e-04 1.584668e+00
+7.396393e-04 1.632805e+00
-2.506557e-05 1.802197e+00
-1.306110e-03 1.844204e+00
+2.596005e-04 1.869856e+00
-7.283513e-04 1.819869e+00
-9.205833e-04 1.677101e+00
-2.253977e-04 1.567294e+00
+2.058706e-04 4.593112e-02
+4.602251e-05 1.114906e-01
-7.263037e-05 1.318937e-01
+1.100966e-04 2.109787e-01
+1.508025e-05 2.579295e-01
+8.132443e-05 2.835379e-01
-1.433687e-04 2.962435e-01
+8.205675e-05 3.360014e-01
+2.258817e-04 3.468067e-01
-9.870312e-05 3.573062e-01
+8.966913e-05 3.480721e-01
+5.575203e-05 3.237212e-01
-2.600247e-04 3.005450e-01
-8.890901e-07 7.960477e-03
-2.138196e-01 3.441107e+02
+2.821719e-01 2.361956e+02
-1.709184e-01 7.046806e+01
+2.157466e-01 4.548481e+01
+1.100757e-01 3.464899e+01
-3.079317e-01 2.708610e+01
-4.017355e-01 2.419045e+01
+2.701053e-01 2.284936e+01
-7.116049e-02 1.823630e+01
-2.542907e-02 1.660441e+01
-2.246800e-03 2.706289e-02
-4.154293e-04 1.074864e-02
+4.738661e-03 1.433276e-01
-3.649605e-03 8.582907e-02
-1.020964e-03 3.050867e-02
-4.139571e-03 4.903698e-02
-1.686799e-03 4.129448e-02
+4.919728e-04 4.283905e-02
+1.644352e-03 3.125350e-02
+4.581991e-04 2.648470e-02
+2.317411e-05 2.648093e-03
-8.509395e-06 1.012477e-03
+7.200438e-06 9.167477e-03
-5.513849e-06 5.641051e-03
-1.679929e-06 2.079995e-03
+3.456811e-05 3.853865e-03
+2.413271e-05 3.438281e-03
-2.039327e-05 3.331250e-03
+2.913347e-06 2.418240e-03
-6.243834e-06 2.199558e-03
-7.099679e+00 2.099391e+01
+6.678739e+00 1.814473e+01
-1.315083e+00 3.076676e+01
-4.097753e+00 2.998366e+01
+8.906046e-01 2.344274e+01
-3.644983e+00 2.777604e+01
-2.059520e+00 3.411695e+01
-6.274043e+00 3.009493e+01
-1.949258e+00 2.589604e+01
-1.287370e+00 2.576801e+01
-2.755018e-01 2.513028e+01
+1.969424e+00 2.323220e+01
+2.068628e+01 1.883230e+00
-4.407552e-06 7.495701e-01
+7.605580e-04 7.849841e-01
-5.450089e-04 1.251282e+00
+2.717564e-04 1.562976e+00
-2.813436e-04 1.585738e+00
+5.221328e-04 1.634081e+00
+4.047986e-05 1.803240e+00
-1.001421e-03 1.845231e+00
+1.959082e-04 1.871071e+00
-5.604618e-04 1.821094e+00
-8.497580e-04 1.678116e+00
-3.697249e-04 1.567940e+00
+1.984500e-04 4.599688e-02
+4.497767e-05 1.116838e-01
-1.106201e-04 1.321527e-01
+9.446501e-05 2.113915e-01
-3.291051e-05 2.584085e-01
+9.336630e-05 2.841251e-01
-1.978461e-04 2.969837e-01
+4.077297e-05 3.368231e-01
+2.709013e-04 3.476754e-01
-1.141953e-04 3.582035e-01
+9.654435e-05 3.489333e-01
+1.977727e-05 3.245350e-01
-2.170831e-04 3.013287e-01
-8.446422e-06 7.982864e-03
-2.160504e-01 3.441679e+02
+2.817483e-01 2.361694e+02
-1.661020e-01 7.049482e+01
+2.120442e-01 4.550833e+01
+1.090274e-01 3.466101e+01
-3.120326e-01 2.707056e+01
-4.033920e-01 2.419069e+01
+2.705637e-01 2.285308e+01
-6.949189e-02 1.824343e+01
-2.498482e-02 1.661282e+01
-2.225069e-03 2.706892e-02
-4.254768e-04 1.075257e-02
+4.766158e-03 1.433375e-01
-3.668367e-03 8.583568e-02
-1.030545e-03 3.051680e-02
-4.097804e-03 4.904717e-02
-1.653027e-03 4.130773e-02
+4.679580e-04 4.285150e-02
+1.651967e-03 3.125657e-02
+4.487850e-04 2.648745e-02
+1.756975e-05 2.650604e-03
-6.574916e-06 1.013907e-03
+1.599682e-05 9.168580e-03
-1.045532e-05 5.642182e-03
-5.863252e-06 2.081683e-03
+3.315945e-05 3.854993e-03
+2.615297e-05 3.439698e-03
-1.878415e-05 3.332804e-03
+3.363125e-06 2.419221e-03
-6.383746e-06 2.200764e-03
-7.099633e+00 2.099486e+01
+6.679348e+00 1.814499e+01
-1.315541e+00 3.077241e+01
-4.097426e+00 2.998472e+01
+8.904588e-01 2.343991e+01
-3.644835e+00 2.777852e+01
-2.059283e+00 3.412026e+01
-6.274561e+00 3.009845e+01
-1.949298e+00 2.589259e+01
-1.287931e+00 2.576588e+01
-2.764147e-01 2.513261e+01
+1.968816e+00 2.323185e+01
+2.068646e+01 1.883242e+00
+4.189204e-05 7.502461e-01
+6.274740e-04 7.855233e-01
-4.501063e-04 1.252093e+00
+2.042038e-04 1.563906e+00
-1.787598e-04 1.586857e+00
+2.898035e-04 1.635456e+00
-9.104567e-06 1.804246e+00
-6.863451e-04 1.846203e+00
+8.675467e-05 1.872547e+00
-4.689060e-04 1.822265e+00
-8.715165e-04 1.678937e+00
-5.272177e-04 1.568722e+00
+1.861279e-04 4.606139e-02
+3.838740e-05 1.118185e-01
-1.163774e-04 1.323593e-01
+8.542005e-05 2.117261e-01
-5.036581e-05 2.587894e-01
+1.061605e-04 2.846067e-01
-1.754030e-04 2.975442e-01
-2.332773e-06 3.374942e-01
+2.567386e-04 3.483953e-01
-1.343704e-04 3.589114e-01
+6.488065e-05 3.496449e-01
-1.580902e-05 3.252368e-01
-1.780914e-04 3.019780e-01
-9.163451e-06 7.999287e-03
-2.182639e-01 3.442244e+02
+2.813171e-01 2.361433e+02
-1.612884e-01 7.052138e+01
+2.083441e-01 4.553172e+01
+1.079795e-01 3.467302e+01
-3.161000e-01 2.705515e+01
-4.050194e-01 2.419092e+01
+2.710093e-01 2.285688e+01
-6.782676e-02 1.825051e+01
-2.454520e-02 1.662118e+01
-2.210842e-03 2.707442e-02
-4.320599e-04 1.075610e-02
+4.794571e-03 1.433425e-01
-3.686868e-03 8.583891e-02
-1.041778e-03 3.052271e-02
-4.062157e-03 4.905394e-02
-1.621720e-03 4.131668e-02
+4.482331e-04 4.285970e-02
+1.657609e-03 3.125871e-02
+4.408499e-04 2.648934e-02
+1.232748e-05 2.651475e-03
-5.085560e-06 1.014423e-03
+2.452832e-05 9.168944e-03
-1.577774e-05 5.642582e-03
-9.787459e-06 2.082339e-03
+3.075755e-05 3.855477e-03
+2.660766e-05 3.440344e-03
-1.749704e-05 3.333493e-03
+4.626033e-06 2.419575e-03
-6.665870e-06 2.201200e-03
-7.099617e+00 2.099584e+01
+6.679824e+00 1.814666e+01
-1.315912e+00 3.077871e+01
-4.097297e+00 2.998658e+01
+8.902444e-01 2.343779e+01
-3.644706e+00 2.778091e+01
-2.059451e+00 3.412557e+01
-6.274940e+00 3.010288e+01
-1.949032e+00 2.588930e+01
-1.288155e+00 2.576330e+01
-2.772342e-01 2.513356e+01
+1.968206e+00 2.323279e+01
+2.068664e+01 1.883244e+00
+8.692401e-05 7.507453e-01
+4.966041e-04 7.859623e-01
-3.692724e-04 1.252779e+00
+1.347567e-04 1.564824e+00
-6.652788e-05 1.587959e+00
+1.295728e-04 1.636664e+00
-4.707516e-05 1.805465e+00
-4.225327e-04 1.847385e+00
-7.170344e-05 1.874095e+00
-4.472988e-04 1.823684e+00
-9.014577e-04 1.680136e+00
-6.892011e-04 1.569957e+00
+1.788870e-04 4.611128e-02
+3.216254e-05 1.118899e-01
-9.703218e-05 1.324809e-01
+7.488768e-05 2.119268e-01
-4.971858e-05 2.590090e-01
+1.108348e-04 2.848938e-01
-1.231567e-04 2.978725e-01
-2.829545e-05 3.379044e-01
+2.150498e-04 3.488241e-01
-1.671075e-04 3.593437e-01
+2.481903e-05 3.500973e-01
-3.445985e-05 3.256621e-01
-1.423823e-04 3.023676e-01
-5.362837e-06 8.007918e-03
-2.204648e-01 3.442804e+02
+2.808802e-01 2.361173e+02
-1.564773e-01 7.054775e+01
+2.046470e-01 4.555502e+01
+1.069302e-01 3.468503e+01
-3.201330e-01 2.703995e+01
-4.066139e-01 2.419115e+01
+2.714439e-01 2.286079e+01
-6.616793e-02 1.825757e+01
-2.411005e-02 1.662949e+01
-2.203323e-03 2.707198e-02
-4.357203e-04 1.075506e-02
+4.823931e-03 1.433385e-01
-3.705830e-03 8.583540e-02
-1.053732e-03 3.052148e-02
-4.036314e-03 4.905365e-02
-1.597859e-03 4.131727e-02
+4.329134e-04 4.285968e-02
+1.663354e-03 3.125715e-02
+4.344386e-04 2.648715e-02
+8.898184e-06 2.651499e-03
-4.530182e-06 1.014465e-03
+3.280941e-05 9.168822e-03
-2.136067e-05 5.642513e-03
-1.315203e-05 2.082404e-03
+2.885355e-05 3.855546e-03
+2.644219e-05 3.440490e-03
-1.718283e-05 3.333621e-03
+6.825907e-06 2.419580e-03
-7.289871e-06 2.201212e-03
-7.099601e+00 2.099682e+01
+6.680299e+00 1.814832e+01
-1.316282e+00 3.078501e+01
-4.097168e+00 2.998845e+01
+8.900300e-01 2.343568e+01
-3.644578e+00 2.778330e+01
-2.059619e+00 3.413087e+01
-6.275320e+00 3.010732e+01
-1.948767e+00 2.588601e+01
-1.288379e+00 2.576073e+01
-2.780536e-01 2.513452e+01
+1.967595e+00 2.323374e+01
+2.068681e+01 1.883246e+00
+1.319560e-04 7.512445e-01
+3.657343e-04 7.864013e-01
-2.884385e-04 1.253464e+00
+6.530949e-05 1.565742e+00
+4.570401e-05 1.589061e+00
-3.065788e-05 1.637872e+00
-8.504575e-05 1.806684e+00
-1.587202e-04 1.848566e+00
-2.301615e-04 1.875643e+00
-4.256915e-04 1.825102e+00
-9.313990e-04 1.681334e+00
-8.511845e-04 1.571191e+00
+1.716461e-04 4.616118e-02
+2.593768e-05 1.119613e-01
-7.768700e-05 1.326025e-01
+6.435531e-05 2.121276e-01
-4.907134e-05 2.592286e-01
+1.155091e-04 2.851809e-01
-7.091053e-05 2.982009e-01
-5.425813e-05 3.383145e-01
+1.733610e-04 3.492528e-01
-1.998447e-04 3.597760e-01
-1.524260e-05 3.505496e-01
-5.311068e-05 3.260874e-01
-1.066733e-04 3.027571e-01
-1.562222e-06 8.016549e-03
-2.226658e-01 3.443364e+02
+2.804434e-01 2.360913e+02
-1.516661e-01 7.057408e+01
+2.009498e-01 4.557828e+01
+1.058808e-01 3.469704e+01
-3.241659e-01 2.702471e+01
-4.082083e-01 2.419138e+01
+2.718785e-01 2.286470e+01
-6.450909e-02 1.826462e+01
-2.367490e-02 1.663780e+01
-2.195805e-03 2.706954e-02
-4.393807e-04 1.075403e-02
+4.853290e-03 1.433345e-01
-3.724792e-03 8.583189e-02
-1.065687e-03 3.052026e-02
-4.010471e-03 4.905337e-02
-1.573998e-03 4.131785e-02
+4.175937e-04 4.285965e-02
+1.669099e-03 3.125559e-02
+4.280274e-04 2.648495e-02
+5.468886e-06 2.651524e-03
-3.974804e-06 1.014507e-03
+4.109051e-05 9.168699e-03
-2.694359e-05 5.642443e-03
-1.651659e-05 2.082469e-03
+2.694954e-05 3.855616e-03
+2.627673e-05 3.440636e-03
-1.686863e-05 3.333750e-03
+9.025780e-06 2.419586e-03
-7.913872e-06 2.201224e-03
-7.099642e+00 2.099880e+01
+6.680688e+00 1.815009e+01
-1.316481e+00 3.079198e+01
-4.097001e+00 2.999180e+01
+8.901069e-01 2.343569e+01
-3.644353e+00 2.778479e+01
-2.059689e+00 3.413078e+01
-6.275663e+00 3.010750e+01
-1.948981e+00 2.588230e+01
-1.288828e+00 2.575946e+01
-2.789063e-01 2.513443e+01
+1.966564e+00 2.323301e+01
+2.068698e+01 1.883235e+00
+1.739881e-04 7.512177e-01
+2.538118e-04 7.863363e-01
-2.093935e-04 1.253332e+00
-1.371746e-05 1.565677e+00
+1.588150e-04 1.588969e+00
-2.130670e-04 1.637751e+00
-1.059723e-04 1.806733e+00
+1.415595e-04 1.848458e+00
-4.123848e-04 1.875704e+00
-3.838914e-04 1.825226e+00
-9.656464e-04 1.681337e+00
-9.413701e-04 1.571249e+00
+1.663044e-04 4.614877e-02
+2.098912e-05 1.119461e-01
-5.718648e-05 1.325842e-01
+4.376836e-05 2.120858e-01
-5.317552e-05 2.591937e-01
+1.087034e-04 2.851593e-01
-3.127771e-06 2.981491e-01
-9.421658e-05 3.382649e-01
+1.231295e-04 3.492012e-01
-2.003343e-04 3.597113e-01
-5.507196e-05 3.504952e-01
-7.006875e-05 3.260642e-01
-4.187890e-05 3.027084e-01
+2.984740e-06 8.016533e-03
-2.248661e-01 3.443929e+02
+2.800065e-01 2.360654e+02
-1.467935e-01 7.060032e+01
+1.972122e-01 4.560157e+01
+1.048081e-01 3.470924e+01
-3.281812e-01 2.700953e+01
-4.097868e-01 2.419172e+01
+2.722937e-01 2.286870e+01
-6.283396e-02 1.827164e+01
-2.324778e-02 1.664621e+01
-2.188097e-03 2.705523e-02
-4.444673e-04 1.074679e-02
+4.900846e-03 1.433156e-01
-3.756208e-03 8.581688e-02
-1.084351e-03 3.051003e-02
-3.979379e-03 4.904558e-02
-1.544678e-03 4.131100e-02
+3.973635e-04 4.285146e-02
+1.680352e-03 3.124823e-02
+4.187469e-04 2.647594e-02
+2.005714e-06 2.651057e-03
-4.521528e-06 1.014290e-03
+5.038712e-05 9.168263e-03
-3.362699e-05 5.642098e-03
-2.009219e-05 2.082250e-03
+2.537024e-05 3.855433e-03
+2.698390e-05 3.440513e-03
-1.627121e-05 3.333598e-03
+1.203757e-05 2.419398e-03
-9.082763e-06 2.200994e-03
-7.099698e+00 2.100058e+01
+6.680973e+00 1.815195e+01
-1.316702e+00 3.079631e+01
-4.096767e+00 2.999400e+01
+8.901432e-01 2.343689e+01
-3.644401e+00 2.778747e+01
-2.059670e+00 3.413047e+01
-6.275529e+00 3.010513e+01
-1.949281e+00 2.587948e+01
-1.289043e+00 2.576125e+01
-2.798038e-01 2.513337e+01
+1.965451e+00 2.323049e+01
+2.068715e+01 1.883216e+00
+2.266757e-04 7.509850e-01
+1.396898e-04 7.861797e-01
-1.388009e-04 1.253273e+00
-1.062838e-04 1.565565e+00
+2.500743e-04 1.588990e+00
-3.620906e-04 1.637733e+00
-2.103364e-04 1.806964e+00
+4.441289e-04 1.848765e+00
-5.619558e-04 1.876019e+00
-3.469828e-04 1.825525e+00
-9.659490e-04 1.681574e+00
-9.538359e-04 1.571840e+00
+1.668533e-04 4.612589e-02
+1.504870e-05 1.118633e-01
-3.506006e-05 1.324921e-01
+1.725704e-05 2.119039e-01
-4.688558e-05 2.589975e-01
+9.570539e-05 2.849354e-01
+8.817428e-05 2.978848e-01
-1.549240e-04 3.379812e-01
+3.204388e-05 3.488772e-01
-1.780547e-04 3.594029e-01
-9.010593e-05 3.502021e-01
-9.461156e-05 3.257842e-01
+2.223360e-05 3.024054e-01
+7.732197e-06 8.008207e-03
-2.270659e-01 3.444500e+02
+2.795674e-01 2.360393e+02
-1.418598e-01 7.062636e+01
+1.934338e-01 4.562482e+01
+1.037124e-01 3.472154e+01
-3.321790e-01 2.699435e+01
-4.113484e-01 2.419212e+01
+2.726907e-01 2.287272e+01
-6.114164e-02 1.827859e+01
-2.282933e-02 1.665465e+01
-2.180253e-03 2.704057e-02
-4.524862e-04 1.073985e-02
+4.960177e-03 1.432891e-01
-3.796427e-03 8.579712e-02
-1.107039e-03 3.049864e-02
-3.944854e-03 4.903594e-02
-1.510740e-03 4.130283e-02
+3.751724e-04 4.284156e-02
+1.696161e-03 3.124013e-02
+4.068855e-04 2.646664e-02
-1.710642e-06 2.648705e-03
-6.054422e-06 1.013022e-03
+5.758170e-05 9.167051e-03
-3.942579e-05 5.640932e-03
-2.270332e-05 2.080907e-03
+2.326762e-05 3.854393e-03
+2.775507e-05 3.439439e-03
-1.469636e-05 3.332463e-03
+1.498047e-05 2.418459e-03
-1.041011e-05 2.199773e-03
-7.099761e+00 2.100257e+01
+6.681405e+00 1.815459e+01
-1.316921e+00 3.080063e+01
-4.096615e+00 2.999661e+01
+8.902042e-01 2.343770e+01
-3.644424e+00 2.778920e+01
-2.059611e+00 3.413404e+01
-6.275451e+00 3.010508e+01
-1.949657e+00 2.587609e+01
-1.289274e+00 2.576281e+01
-2.807005e-01 2.513601e+01
+1.964738e+00 2.322899e+01
+2.068733e+01 1.883129e+00
+2.804171e-04 7.506920e-01
+3.244429e-05 7.859508e-01
-1.142550e-04 1.252942e+00
-2.158376e-04 1.565442e+00
+2.948601e-04 1.589035e+00
-4.501242e-04 1.637734e+00
-3.429605e-04 1.806929e+00
+7.028395e-04 1.848841e+00
-5.666154e-04 1.876348e+00
-3.064671e-04 1.825602e+00
-9.747602e-04 1.681770e+00
-8.597348e-04 1.572252e+00
+1.681886e-04 4.611383e-02
+9.899303e-06 1.117455e-01
-1.106932e-05 1.323673e-01
+1.007522e-07 2.116840e-01
-1.699685e-05 2.587334e-01
+7.732960e-05 2.845784e-01
+1.748665e-04 2.974996e-01
-2.208804e-04 3.376203e-01
-9.342493e-05 3.484360e-01
-1.654615e-04 3.589260e-01
-1.451308e-04 3.498297e-01
-1.320389e-04 3.254019e-01
+4.559239e-05 3.020176e-01
+8.456299e-06 7.991865e-03
-2.292650e-01 3.445073e+02
+2.791222e-01 2.360131e+02
-1.368656e-01 7.065214e+01
+1.896136e-01 4.564801e+01
+1.025946e-01 3.473390e+01
-3.361592e-01 2.697914e+01
-4.128912e-01 2.419254e+01
+2.730722e-01 2.287672e+01
-5.943037e-02 1.828548e+01
-2.242090e-02 1.666311e+01
-2.172647e-03 2.703341e-02
-4.645494e-04 1.073729e-02
+5.018699e-03 1.432681e-01
-3.837747e-03 8.578227e-02
-1.128770e-03 3.049303e-02
-3.910422e-03 4.903006e-02
-1.474748e-03 4.129866e-02
+3.553778e-04 4.283591e-02
+1.713752e-03 3.123557e-02
+3.935901e-04 2.646199e-02
-6.080113e-06 2.644246e-03
-7.659165e-06 1.010573e-03
+5.964081e-05 9.164805e-03
-4.221032e-05 5.638719e-03
-2.332760e-05 2.078201e-03
+1.984940e-05 3.852344e-03
+2.742602e-05 3.437303e-03
-1.217030e-05 3.330197e-03
+1.660155e-05 2.416625e-03
-1.128795e-05 2.197380e-03
-7.099796e+00 2.100441e+01
+6.681710e+00 1.815777e+01
-1.317098e+00 3.080605e+01
-4.096470e+00 3.000097e+01
+8.902893e-01 2.344116e+01
-3.644245e+00 2.778941e+01
-2.059940e+00 3.413576e+01
-6.275315e+00 3.010852e+01
-1.950072e+00 2.587090e+01
-1.289633e+00 2.576183e+01
-2.814444e-01 2.513768e+01
+1.964003e+00 2.322925e+01
+2.068753e+01 1.883004e+00
+3.271723e-04 7.503659e-01
-6.063623e-05 7.858351e-01
-9.720204e-05 1.252691e+00
-2.697169e-04 1.565182e+00
+3.323600e-04 1.589034e+00
-4.621456e-04 1.637952e+00
-5.566775e-04 1.807011e+00
+7.974429e-04 1.848681e+00
-5.417676e-04 1.876868e+00
-2.336816e-04 1.825930e+00
-1.019394e-03 1.681860e+00
-7.864277e-04 1.572474e+00
+1.710828e-04 4.609958e-02
+6.948284e-06 1.116310e-01
+1.788478e-05 1.322303e-01
+2.373601e-06 2.114696e-01
+2.786396e-05 2.584874e-01
+5.112802e-05 2.842629e-01
+2.245094e-04 2.971270e-01
-2.791965e-04 3.372710e-01
-2.075633e-04 3.480905e-01
-1.683261e-04 3.584579e-01
-2.116216e-04 3.494396e-01
-1.845985e-04 3.250748e-01
+2.507766e-05 3.017021e-01
+4.961279e-06 7.975652e-03
-2.314635e-01 3.445649e+02
+2.786654e-01 2.359865e+02
-1.318121e-01 7.067758e+01
+1.857500e-01 4.567119e+01
+1.014560e-01 3.474626e+01
-3.401222e-01 2.696386e+01
-4.144123e-01 2.419296e+01
+2.734419e-01 2.288064e+01
-5.769764e-02 1.829233e+01
-2.202437e-02 1.667159e+01
-2.166093e-03 2.701900e-02
-4.802343e-04 1.073079e-02
+5.076213e-03 1.432448e-01
-3.880321e-03 8.576481e-02
-1.149513e-03 3.048392e-02
-3.875936e-03 4.902093e-02
-1.436733e-03 4.129080e-02
+3.368168e-04 4.282637e-02
+1.732861e-03 3.122839e-02
+3.787848e-04 2.645393e-02
-1.146939e-05 2.641193e-03
-8.095399e-06 1.008914e-03
+5.913745e-05 9.162978e-03
-4.342853e-05 5.637012e-03
-2.312545e-05 2.076261e-03
+1.593469e-05 3.850856e-03
+2.613026e-05 3.435861e-03
-1.072252e-05 3.328632e-03
+1.697033e-05 2.415302e-03
-1.174142e-05 2.195689e-03
