-6.378571e+00 1.600840e+01
+4.413379e+00 1.733713e+01
-2.261470e+00 2.577554e+01
-5.206726e+00 2.983696e+01
-3.222569e-01 2.665060e+01
-1.079247e+00 2.807406e+01
-7.296387e-01 3.007536e+01
-5.860127e+00 3.096776e+01
-2.956506e+00 3.133181e+01
-1.153375e+00 3.095964e+01
-3.508911e-01 2.806384e+01
+2.392127e+00 2.797722e+01
+2.203683e+01 1.984150e+00
+1.234457e-04 6.217081e-01
+5.319375e-05 7.346280e-01
-1.561545e-04 1.065359e+00
-2.376911e-04 1.325315e+00
-2.737683e-04 1.411157e+00
+6.702113e-04 1.538968e+00
+6.383894e-04 1.742675e+00
+1.979487e-04 1.762079e+00
+7.830530e-04 1.859939e+00
+2.269214e-04 1.777876e+00
-6.584237e-04 1.742970e+00
-7.602108e-04 1.607543e+00
-2.988928e-05 3.808943e-02
-1.969197e-05 9.909375e-02
-1.291519e-04 1.268829e-01
-5.502072e-06 1.838984e-01
-1.571684e-04 2.319034e-01
+1.407861e-07 2.580577e-01
-3.531624e-05 2.863460e-01
-1.220541e-04 3.270038e-01
-4.029007e-05 3.336370e-01
-5.593016e-05 3.513660e-01
-8.566331e-05 3.360013e-01
+2.310519e-05 3.315754e-01
+3.778305e-06 3.037558e-01
-1.116549e-05 6.803715e-03
-2.092769e-01 3.439957e+02
+2.829828e-01 2.362485e+02
-1.805621e-01 7.041409e+01
+2.231531e-01 4.543739e+01
+1.121851e-01 3.462519e+01
-2.996337e-01 2.711752e+01
-3.983597e-01 2.419030e+01
+2.691382e-01 2.284203e+01
-7.448914e-02 1.822201e+01
-2.633516e-02 1.658777e+01
-2.303396e-03 2.704348e-02
-3.872409e-04 1.073676e-02
+4.686655e-03 1.433054e-01
-3.608649e-03 8.581089e-02
-1.006417e-03 3.048764e-02
-4.222186e-03 4.901423e-02
-1.743738e-03 4.126448e-02
+5.478944e-04 4.280784e-02
+1.619559e-03 3.124385e-02
+4.799552e-04 2.647469e-02
+2.649414e-05 2.643010e-03
-9.760124e-06 1.009583e-03
-1.155645e-05 9.165225e-03
+3.936043e-06 5.638856e-03
+4.333728e-06 2.076730e-03
+3.200324e-05 3.851642e-03
+1.807519e-05 3.435433e-03
-2.111433e-05 3.328284e-03
+8.519317e-08 2.416339e-03
-4.956703e-06 2.197127e-03
-6.378453e+00 1.600762e+01
+4.413352e+00 1.734125e+01
-2.261556e+00 2.577406e+01
-5.207245e+00 2.983762e+01
-3.224717e-01 2.664903e+01
-1.078890e+00 2.807325e+01
-7.295445e-01 3.007910e+01
-5.860120e+00 3.097292e+01
-2.955932e+00 3.132992e+01
-1.153176e+00 3.095285e+01
-3.514446e-01 2.806527e+01
+2.391319e+00 2.797342e+01
+2.203682e+01 1.984154e+00
+1.503055e-04 6.223908e-01
-6.080300e-05 7.355427e-01
-5.290738e-05 1.066531e+00
-4.084206e-04 1.326466e+00
-3.556898e-04 1.411849e+00
+5.967024e-04 1.539957e+00
+5.569276e-04 1.743905e+00
+8.283665e-05 1.763359e+00
+6.343375e-04 1.861260e+00
+1.714402e-04 1.779221e+00
-6.766208e-04 1.744272e+00
-8.261918e-04 1.608803e+00
-3.570464e-05 3.816895e-02
-9.450226e-06 9.929958e-02
-1.362486e-04 1.272006e-01
+2.707405e-05 1.843051e-01
-1.048340e-04 2.323801e-01
-3.164642e-05 2.586314e-01
-3.211909e-05 2.870646e-01
-8.907614e-05 3.277828e-01
-1.273811e-05 3.344630e-01
-9.062775e-05 3.522011e-01
-1.412409e-04 3.368245e-01
-9.169178e-06 3.324159e-01
+3.299144e-05 3.045229e-01
-1.583887e-05 6.825449e-03
-2.115639e-01 3.440533e+02
+2.825847e-01 2.362219e+02
-1.757382e-01 7.044114e+01
+2.194501e-01 4.546115e+01
+1.111275e-01 3.463703e+01
-3.037986e-01 2.710176e+01
-4.000563e-01 2.419029e+01
+2.696313e-01 2.284568e+01
-7.282787e-02 1.822916e+01
-2.587863e-02 1.659604e+01
-2.273844e-03 2.705695e-02
-4.024441e-04 1.074480e-02
+4.711958e-03 1.433183e-01
-3.629671e-03 8.582195e-02
-1.013356e-03 3.050052e-02
-4.180768e-03 4.902708e-02
-1.716238e-03 4.128133e-02
+5.187071e-04 4.282589e-02
+1.633038e-03 3.125023e-02
+4.685831e-04 2.648156e-02
+2.651508e-05 2.644932e-03
-9.800734e-06 1.010686e-03
-1.905812e-06 9.166090e-03
-8.610914e-07 5.639685e-03
+1.970784e-06 2.077953e-03
+3.365997e-05 3.852519e-03
+2.057237e-05 3.436578e-03
-2.122435e-05 3.329431e-03
+2.315933e-06 2.417039e-03
-5.827449e-06 2.198063e-03
-6.378340e+00 1.600709e+01
+4.413034e+00 1.734481e+01
-2.261485e+00 2.577319e+01
-5.207883e+00 2.983933e+01
-3.228711e-01 2.664761e+01
-1.078659e+00 2.807167e+01
-7.293759e-01 3.008277e+01
-5.860181e+00 3.097920e+01
-2.955463e+00 3.132839e+01
-1.152839e+00 3.094735e+01
-3.521865e-01 2.806652e+01
+2.390448e+00 2.797067e+01
+2.203679e+01 1.984161e+00
+1.772146e-04 6.230323e-01
-1.945461e-04 7.364555e-01
+3.217249e-05 1.067596e+00
-4.731142e-04 1.327400e+00
-4.445034e-04 1.412593e+00
+5.899292e-04 1.541035e+00
+5.423451e-04 1.744921e+00
+2.034285e-05 1.764280e+00
+4.302677e-04 1.862440e+00
+2.335520e-05 1.780342e+00
-7.003003e-04 1.745348e+00
-8.215373e-04 1.610072e+00
-5.607737e-05 3.824556e-02
-2.326269e-06 9.951484e-02
-1.057113e-04 1.275109e-01
+3.367101e-05 1.847410e-01
-1.735884e-05 2.328932e-01
-3.838411e-05 2.591887e-01
-3.921113e-05 2.877608e-01
-5.124903e-05 3.285883e-01
+4.762064e-05 3.353270e-01
-9.561460e-05 3.530927e-01
-1.920511e-04 3.377108e-01
-2.486813e-05 3.333349e-01
+7.639205e-05 3.053322e-01
-1.835333e-05 6.847520e-03
-2.138196e-01 3.441107e+02
+2.821719e-01 2.361956e+02
-1.709184e-01 7.046806e+01
+2.157466e-01 4.548481e+01
+1.100757e-01 3.464899e+01
-3.079317e-01 2.708610e+01
-4.017355e-01 2.419045e+01
+2.701053e-01 2.284936e+01
-7.116049e-02 1.823630e+01
-2.542907e-02 1.660441e+01
-2.246800e-03 2.706289e-02
-4.154293e-04 1.074864e-02
+4.738661e-03 1.433276e-01
-3.649605e-03 8.582907e-02
-1.020964e-03 3.050867e-02
-4.139571e-03 4.903698e-02
-1.686799e-03 4.129448e-02
+4.919728e-04 4.283905e-02
+1.644352e-03 3.125350e-02
+4.581991e-04 2.648470e-02
+2.317411e-05 2.648093e-03
-8.509395e-06 1.012477e-03
+7.200438e-06 9.167477e-03
-5.513849e-06 5.641051e-03
-1.679929e-06 2.079995e-03
+3.456811e-05 3.853865e-03
+2.413271e-05 3.438281e-03
-2.039327e-05 3.331250e-03
+2.913347e-06 2.418240e-03
-6.243834e-06 2.199558e-03
-6.378153e+00 1.600597e+01
+4.412643e+00 1.734854e+01
-2.261279e+00 2.577090e+01
-5.208428e+00 2.984227e+01
-3.235919e-01 2.664190e+01
-1.078313e+00 2.807366e+01
-7.289174e-01 3.008340e+01
-5.860154e+00 3.098361e+01
-2.955492e+00 3.132988e+01
-1.153228e+00 3.094273e+01
-3.525560e-01 2.806663e+01
+2.389904e+00 2.796489e+01
+2.203674e+01 1.984230e+00
+1.892087e-04 6.237922e-01
-2.844135e-04 7.374081e-01
+9.271659e-05 1.068576e+00
-3.871618e-04 1.328473e+00
-4.945336e-04 1.413282e+00
+5.316596e-04 1.542266e+00
+5.315916e-04 1.745809e+00
+1.260862e-04 1.765582e+00
+3.381574e-04 1.863612e+00
-1.813718e-04 1.781469e+00
-7.654906e-04 1.746528e+00
-7.722730e-04 1.611318e+00
-8.015181e-05 3.831893e-02
-2.745921e-06 9.970150e-02
-5.729243e-05 1.277963e-01
+2.589745e-05 1.851610e-01
+5.365893e-05 2.334160e-01
-1.632614e-05 2.597579e-01
-6.145576e-05 2.884686e-01
-3.913873e-05 3.294139e-01
+8.966198e-05 3.361847e-01
-6.367117e-05 3.540461e-01
-1.933522e-04 3.386127e-01
-4.137721e-05 3.342228e-01
+9.456720e-05 3.061563e-01
-1.540625e-05 6.868953e-03
-2.160504e-01 3.441679e+02
+2.817483e-01 2.361694e+02
-1.661020e-01 7.049482e+01
+2.120442e-01 4.550833e+01
+1.090274e-01 3.466101e+01
-3.120326e-01 2.707056e+01
-4.033920e-01 2.419069e+01
+2.705637e-01 2.285308e+01
-6.949189e-02 1.824343e+01
-2.498482e-02 1.661282e+01
-2.225069e-03 2.706892e-02
-4.254768e-04 1.075257e-02
+4.766158e-03 1.433375e-01
-3.668367e-03 8.583568e-02
-1.030545e-03 3.051680e-02
-4.097804e-03 4.904717e-02
-1.653027e-03 4.130773e-02
+4.679580e-04 4.285150e-02
+1.651967e-03 3.125657e-02
+4.487850e-04 2.648745e-02
+1.756975e-05 2.650604e-03
-6.574916e-06 1.013907e-03
+1.599682e-05 9.168580e-03
-1.045532e-05 5.642182e-03
-5.863252e-06 2.081683e-03
+3.315945e-05 3.854993e-03
+2.615297e-05 3.439698e-03
-1.878415e-05 3.332804e-03
+3.363125e-06 2.419221e-03
-6.383746e-06 2.200764e-03
-6.377941e+00 1.600523e+01
+4.412282e+00 1.735075e+01
-2.261073e+00 2.576782e+01
-5.208788e+00 2.984499e+01
-3.241132e-01 2.663961e+01
-1.077680e+00 2.807649e+01
-7.284159e-01 3.008427e+01
-5.860092e+00 3.098310e+01
-2.955294e+00 3.133415e+01
-1.153597e+00 3.093775e+01
-3.534097e-01 2.806770e+01
+2.389177e+00 2.796240e+01
+2.203664e+01 1.984464e+00
+1.967266e-04 6.246464e-01
-2.782567e-04 7.383412e-01
+1.195599e-04 1.069593e+00
-2.749232e-04 1.329599e+00
-4.976358e-04 1.414006e+00
+4.580032e-04 1.543402e+00
+5.101401e-04 1.746942e+00
+2.394109e-04 1.766943e+00
+2.884527e-04 1.865086e+00
-3.881175e-04 1.782755e+00
-8.092043e-04 1.747856e+00
-6.748055e-04 1.612710e+00
-9.209167e-05 3.839234e-02
-3.841112e-06 9.982442e-02
-1.173007e-05 1.280046e-01
+2.503164e-05 1.854676e-01
+7.307201e-05 2.338247e-01
-3.244977e-06 2.602405e-01
-1.025403e-04 2.890564e-01
-4.078331e-05 3.300605e-01
+9.120629e-05 3.368889e-01
-4.932262e-05 3.548091e-01
-1.610562e-04 3.393139e-01
-3.498429e-05 3.349160e-01
+1.009992e-04 3.068319e-01
-5.208582e-06 6.884411e-03
-2.182639e-01 3.442244e+02
+2.813171e-01 2.361433e+02
-1.612884e-01 7.052138e+01
+2.083441e-01 4.553172e+01
+1.079795e-01 3.467302e+01
-3.161000e-01 2.705515e+01
-4.050194e-01 2.419092e+01
+2.710093e-01 2.285688e+01
-6.782676e-02 1.825051e+01
-2.454520e-02 1.662118e+01
-2.210842e-03 2.707442e-02
-4.320599e-04 1.075610e-02
+4.794571e-03 1.433425e-01
-3.686868e-03 8.583891e-02
-1.041778e-03 3.052271e-02
-4.062157e-03 4.905394e-02
-1.621720e-03 4.131668e-02
+4.482331e-04 4.285970e-02
+1.657609e-03 3.125871e-02
+4.408499e-04 2.648934e-02
+1.232748e-05 2.651475e-03
-5.085560e-06 1.014423e-03
+2.452832e-05 9.168944e-03
-1.577774e-05 5.642582e-03
-9.787459e-06 2.082339e-03
+3.075755e-05 3.855477e-03
+2.660766e-05 3.440344e-03
-1.749704e-05 3.333493e-03
+4.626033e-06 2.419575e-03
-6.665870e-06 2.201200e-03
-6.377777e+00 1.600474e+01
+4.412018e+00 1.735267e+01
-2.261052e+00 2.576361e+01
-5.208900e+00 2.984857e+01
-3.244644e-01 2.663509e+01
-1.077360e+00 2.807558e+01
-7.281000e-01 3.008792e+01
-5.859639e+00 3.098253e+01
-2.954733e+00 3.133245e+01
-1.153907e+00 3.093261e+01
-3.543284e-01 2.806627e+01
+2.388405e+00 2.796061e+01
+2.203653e+01 1.984807e+00
+1.903670e-04 6.252424e-01
-2.500272e-04 7.390290e-01
+1.341307e-04 1.070371e+00
-2.062860e-04 1.330728e+00
-4.759522e-04 1.414817e+00
+3.337963e-04 1.544597e+00
+4.522716e-04 1.748219e+00
+3.132863e-04 1.768527e+00
+2.832942e-04 1.866795e+00
-4.781852e-04 1.784106e+00
-8.652193e-04 1.749110e+00
-5.882024e-04 1.614137e+00
-8.931808e-05 3.844835e-02
-1.890423e-06 9.989030e-02
+1.314202e-05 1.281158e-01
+3.346703e-05 1.856362e-01
+5.424091e-05 2.340717e-01
-7.091008e-06 2.605225e-01
-1.345806e-04 2.894125e-01
-4.030109e-05 3.304375e-01
+5.374267e-05 3.373339e-01
-7.256876e-05 3.552566e-01
-1.183579e-04 3.397195e-01
-1.299459e-05 3.353388e-01
+9.765470e-05 3.072300e-01
+5.764764e-06 6.892446e-03
-2.204648e-01 3.442804e+02
+2.808802e-01 2.361173e+02
-1.564773e-01 7.054775e+01
+2.046470e-01 4.555502e+01
+1.069302e-01 3.468503e+01
-3.201330e-01 2.703995e+01
-4.066139e-01 2.419115e+01
+2.714439e-01 2.286079e+01
-6.616793e-02 1.825757e+01
-2.411005e-02 1.662949e+01
-2.203323e-03 2.707198e-02
-4.357203e-04 1.075506e-02
+4.823931e-03 1.433385e-01
-3.705830e-03 8.583540e-02
-1.053732e-03 3.052148e-02
-4.036314e-03 4.905365e-02
-1.597859e-03 4.131727e-02
+4.329134e-04 4.285968e-02
+1.663354e-03 3.125715e-02
+4.344386e-04 2.648715e-02
+8.898184e-06 2.651499e-03
-4.530182e-06 1.014465e-03
+3.280941e-05 9.168822e-03
-2.136067e-05 5.642513e-03
-1.315203e-05 2.082404e-03
+2.885355e-05 3.855546e-03
+2.644219e-05 3.440490e-03
-1.718283e-05 3.333621e-03
+6.825907e-06 2.419580e-03
-7.289871e-06 2.201212e-03
-6.377613e+00 1.600426e+01
+4.411753e+00 1.735458e+01
-2.261031e+00 2.575941e+01
-5.209012e+00 2.985215e+01
-3.248156e-01 2.663057e+01
-1.077040e+00 2.807467e+01
-7.277841e-01 3.009158e+01
-5.859187e+00 3.098195e+01
-2.954172e+00 3.133076e+01
-1.154218e+00 3.092747e+01
-3.552472e-01 2.806484e+01
+2.387634e+00 2.795881e+01
+2.203643e+01 1.985150e+00
+1.840073e-04 6.258385e-01
-2.217977e-04 7.397167e-01
+1.487014e-04 1.071149e+00
-1.376488e-04 1.331858e+00
-4.542686e-04 1.415627e+00
+2.095893e-04 1.545791e+00
+3.944031e-04 1.749495e+00
+3.871617e-04 1.770111e+00
+2.781357e-04 1.868504e+00
-5.682529e-04 1.785457e+00
-9.212344e-04 1.750363e+00
-5.015993e-04 1.615564e+00
-8.654448e-05 3.850436e-02
+6.026682e-08 9.995619e-02
+3.801410e-05 1.282269e-01
+4.190243e-05 1.858048e-01
+3.540981e-05 2.343188e-01
-1.093704e-05 2.608046e-01
-1.666209e-04 2.897686e-01
-3.981887e-05 3.308146e-01
+1.627906e-05 3.377789e-01
-9.581489e-05 3.557042e-01
-7.565953e-05 3.401251e-01
+8.995102e-06 3.357616e-01
+9.431018e-05 3.076282e-01
+1.673811e-05 6.900481e-03
-2.226658e-01 3.443364e+02
+2.804434e-01 2.360913e+02
-1.516661e-01 7.057408e+01
+2.009498e-01 4.557828e+01
+1.058808e-01 3.469704e+01
-3.241659e-01 2.702471e+01
-4.082083e-01 2.419138e+01
+2.718785e-01 2.286470e+01
-6.450909e-02 1.826462e+01
-2.367490e-02 1.663780e+01
-2.195805e-03 2.706954e-02
-4.393807e-04 1.075403e-02
+4.853290e-03 1.433345e-01
-3.724792e-03 8.583189e-02
-1.065687e-03 3.052026e-02
-4.010471e-03 4.905337e-02
-1.573998e-03 4.131785e-02
+4.175937e-04 4.285965e-02
+1.669099e-03 3.125559e-02
+4.280274e-04 2.648495e-02
+5.468886e-06 2.651524e-03
-3.974804e-06 1.014507e-03
+4.109051e-05 9.168699e-03
-2.694359e-05 5.642443e-03
-1.651659e-05 2.082469e-03
+2.694954e-05 3.855616e-03
+2.627673e-05 3.440636e-03
-1.686863e-05 3.333750e-03
+9.025780e-06 2.419586e-03
-7.913872e-06 2.201224e-03
-6.377449e+00 1.600404e+01
+4.411394e+00 1.735446e+01
-2.261001e+00 2.575623e+01
-5.209186e+00 2.985419e+01
-3.251314e-01 2.662440e+01
-1.076992e+00 2.807425e+01
-7.276184e-01 3.009666e+01
-5.858584e+00 3.098403e+01
-2.953828e+00 3.133302e+01
-1.154644e+00 3.092493e+01
-3.563078e-01 2.806728e+01
+2.386825e+00 2.795857e+01
+2.203632e+01 1.985455e+00
+1.957341e-04 6.258547e-01
-1.891150e-04 7.396914e-01
+2.198815e-04 1.070970e+00
-4.743499e-05 1.331938e+00
-4.397291e-04 1.415256e+00
+5.280560e-05 1.545522e+00
+3.423848e-04 1.749277e+00
+4.359834e-04 1.770222e+00
+2.545276e-04 1.868476e+00
-6.548968e-04 1.785273e+00
-1.010506e-03 1.749955e+00
-4.697452e-04 1.615366e+00
-8.532148e-05 3.850469e-02
+3.408327e-06 9.994157e-02
+7.056883e-05 1.281929e-01
+4.130071e-05 1.857691e-01
+1.628386e-05 2.343076e-01
-9.471233e-06 2.607524e-01
-1.847659e-04 2.897330e-01
-3.715337e-05 3.307474e-01
-2.113841e-05 3.377906e-01
-1.262415e-04 3.556696e-01
-2.380132e-05 3.400429e-01
+2.999939e-05 3.357424e-01
+8.674326e-05 3.076189e-01
+2.767567e-05 6.900787e-03
-2.248661e-01 3.443929e+02
+2.800065e-01 2.360654e+02
-1.467935e-01 7.060032e+01
+1.972122e-01 4.560157e+01
+1.048081e-01 3.470924e+01
-3.281812e-01 2.700953e+01
-4.097868e-01 2.419172e+01
+2.722937e-01 2.286870e+01
-6.283396e-02 1.827164e+01
-2.324778e-02 1.664621e+01
-2.188097e-03 2.705523e-02
-4.444673e-04 1.074679e-02
+4.900846e-03 1.433156e-01
-3.756208e-03 8.581688e-02
-1.084351e-03 3.051003e-02
-3.979379e-03 4.904558e-02
-1.544678e-03 4.131100e-02
+3.973635e-04 4.285146e-02
+1.680352e-03 3.124823e-02
+4.187469e-04 2.647594e-02
+2.005714e-06 2.651057e-03
-4.521528e-06 1.014290e-03
+5.038712e-05 9.168263e-03
-3.362699e-05 5.642098e-03
-2.009219e-05 2.082250e-03
+2.537024e-05 3.855433e-03
+2.698390e-05 3.440513e-03
-1.627121e-05 3.333598e-03
+1.203757e-05 2.419398e-03
-9.082763e-06 2.200994e-03
-6.377320e+00 1.600395e+01
+4.410986e+00 1.735503e+01
-2.260857e+00 2.575142e+01
-5.209383e+00 2.985614e+01
-3.255531e-01 2.661766e+01
-1.076992e+00 2.806929e+01
-7.276692e-01 3.010035e+01
-5.858184e+00 3.098272e+01
-2.953470e+00 3.133082e+01
-1.155057e+00 3.092245e+01
-3.570605e-01 2.806995e+01
+2.386210e+00 2.795988e+01
+2.203623e+01 1.985714e+00
+2.211480e-04 6.256517e-01
-1.331941e-04 7.394386e-01
+2.850745e-04 1.070625e+00
+3.766991e-05 1.331881e+00
-4.506444e-04 1.415056e+00
-8.219647e-05 1.545543e+00
+3.219839e-04 1.749368e+00
+4.556956e-04 1.770381e+00
+1.975715e-04 1.868570e+00
-6.892650e-04 1.785504e+00
-1.084603e-03 1.749988e+00
-4.638824e-04 1.615486e+00
-7.984256e-05 3.848969e-02
+3.757214e-06 9.985975e-02
+1.021178e-04 1.280651e-01
+1.694017e-05 1.856066e-01
-2.150695e-06 2.341496e-01
+8.191394e-06 2.605032e-01
-1.815396e-04 2.894456e-01
-3.445480e-05 3.304182e-01
-4.730269e-05 3.375396e-01
-1.613121e-04 3.552974e-01
+3.241234e-05 3.396996e-01
+4.678682e-05 3.354299e-01
+8.305260e-05 3.073621e-01
+3.854132e-05 6.894062e-03
-2.270659e-01 3.444500e+02
+2.795674e-01 2.360393e+02
-1.418598e-01 7.062636e+01
+1.934338e-01 4.562482e+01
+1.037124e-01 3.472154e+01
-3.321790e-01 2.699435e+01
-4.113484e-01 2.419212e+01
+2.726907e-01 2.287272e+01
-6.114164e-02 1.827859e+01
-2.282933e-02 1.665465e+01
-2.180253e-03 2.704057e-02
-4.524862e-04 1.073985e-02
+4.960177e-03 1.432891e-01
-3.796427e-03 8.579712e-02
-1.107039e-03 3.049864e-02
-3.944854e-03 4.903594e-02
-1.510740e-03 4.130283e-02
+3.751724e-04 4.284156e-02
+1.696161e-03 3.124013e-02
+4.068855e-04 2.646664e-02
-1.710642e-06 2.648705e-03
-6.054422e-06 1.013022e-03
+5.758170e-05 9.167051e-03
-3.942579e-05 5.640932e-03
-2.270332e-05 2.080907e-03
+2.326762e-05 3.854393e-03
+2.775507e-05 3.439439e-03
-1.469636e-05 3.332463e-03
+1.498047e-05 2.418459e-03
-1.041011e-05 2.199773e-03
-6.377083e+00 1.600266e+01
+4.410624e+00 1.735630e+01
-2.260486e+00 2.574678e+01
-5.209461e+00 2.985546e+01
-3.259576e-01 2.660748e+01
-1.077131e+00 2.806628e+01
-7.275825e-01 3.010480e+01
-5.857809e+00 3.097921e+01
-2.953212e+00 3.132915e+01
-1.155459e+00 3.092029e+01
-3.581335e-01 2.807180e+01
+2.385224e+00 2.796372e+01
+2.203613e+01 1.985986e+00
+2.467052e-04 6.254626e-01
-5.047916e-05 7.390318e-01
+3.080754e-04 1.070176e+00
+1.238550e-04 1.331787e+00
-4.222732e-04 1.414889e+00
-1.586128e-04 1.545580e+00
+2.966907e-04 1.749461e+00
+4.901933e-04 1.770685e+00
+1.213870e-04 1.868827e+00
-7.039716e-04 1.785736e+00
-1.171215e-03 1.750073e+00
-4.661358e-04 1.615769e+00
-7.667053e-05 3.847648e-02
-9.362424e-06 9.971359e-02
+1.309150e-04 1.278861e-01
-2.448907e-05 1.853623e-01
-3.671975e-05 2.338937e-01
+3.865793e-05 2.601655e-01
-1.759132e-04 2.890333e-01
-4.130128e-05 3.299645e-01
-6.089456e-05 3.371481e-01
-1.677827e-04 3.547431e-01
+8.368812e-05 3.392706e-01
+7.946411e-05 3.349531e-01
+1.068156e-04 3.069424e-01
+5.028761e-05 6.880982e-03
-2.292650e-01 3.445073e+02
+2.791222e-01 2.360131e+02
-1.368656e-01 7.065214e+01
+1.896136e-01 4.564801e+01
+1.025946e-01 3.473390e+01
-3.361592e-01 2.697914e+01
-4.128912e-01 2.419254e+01
+2.730722e-01 2.287672e+01
-5.943037e-02 1.828548e+01
-2.242090e-02 1.666311e+01
-2.172647e-03 2.703341e-02
-4.645494e-04 1.073729e-02
+5.018699e-03 1.432681e-01
-3.837747e-03 8.578227e-02
-1.128770e-03 3.049303e-02
-3.910422e-03 4.903006e-02
-1.474748e-03 4.129866e-02
+3.553778e-04 4.283591e-02
+1.713752e-03 3.123557e-02
+3.935901e-04 2.646199e-02
-6.080113e-06 2.644246e-03
-7.659165e-06 1.010573e-03
+5.964081e-05 9.164805e-03
-4.221032e-05 5.638719e-03
-2.332760e-05 2.078201e-03
+1.984940e-05 3.852344e-03
+2.742602e-05 3.437303e-03
-1.217030e-05 3.330197e-03
+1.660155e-05 2.416625e-03
-1.128795e-05 2.197380e-03
-6.376831e+00 1.600171e+01
+4.410308e+00 1.735604e+01
-2.260254e+00 2.574351e+01
-5.209655e+00 2.985441e+01
-3.264802e-01 2.659735e+01
-1.077227e+00 2.806254e+01
-7.274817e-01 3.010957e+01
-5.857492e+00 3.097465e+01
-2.953180e+00 3.132608e+01
-1.155663e+00 3.091938e+01
-3.590414e-01 2.807277e+01
+2.384275e+00 2.796709e+01
+2.203606e+01 1.986282e+00
+2.662381e-04 6.252354e-01
+1.603667e-05 7.386127e-01
+2.616829e-04 1.069758e+00
+2.237454e-04 1.331831e+00
-3.361331e-04 1.414775e+00
-1.737538e-04 1.545505e+00
+2.769340e-04 1.749535e+00
+5.610374e-04 1.770920e+00
+2.237245e-05 1.868672e+00
-7.050199e-04 1.785986e+00
-1.289282e-03 1.750033e+00
-4.723244e-04 1.616046e+00
-7.347987e-05 3.845952e-02
-3.127057e-05 9.954858e-02
+1.553526e-04 1.276975e-01
-5.429454e-05 1.850813e-01
-7.875954e-05 2.336154e-01
+7.134181e-05 2.598480e-01
-1.953410e-04 2.886440e-01
-4.816582e-05 3.295284e-01
-7.057240e-05 3.367586e-01
-1.338400e-04 3.542456e-01
+1.238831e-04 3.388966e-01
+1.233250e-04 3.345193e-01
+1.457693e-04 3.065473e-01
+6.139509e-05 6.867487e-03
-2.314635e-01 3.445649e+02
+2.786654e-01 2.359865e+02
-1.318121e-01 7.067758e+01
+1.857500e-01 4.567119e+01
+1.014560e-01 3.474626e+01
-3.401222e-01 2.696386e+01
-4.144123e-01 2.419296e+01
+2.734419e-01 2.288064e+01
-5.769764e-02 1.829233e+01
-2.202437e-02 1.667159e+01
-2.166093e-03 2.701900e-02
-4.802343e-04 1.073079e-02
+5.076213e-03 1.432448e-01
-3.880321e-03 8.576481e-02
-1.149513e-03 3.048392e-02
-3.875936e-03 4.902093e-02
-1.436733e-03 4.129080e-02
+3.368168e-04 4.282637e-02
+1.732861e-03 3.122839e-02
+3.787848e-04 2.645393e-02
-1.146939e-05 2.641193e-03
-8.095399e-06 1.008914e-03
+5.913745e-05 9.162978e-03
-4.342853e-05 5.637012e-03
-2.312545e-05 2.076261e-03
+1.593469e-05 3.850856e-03
+2.613026e-05 3.435861e-03
-1.072252e-05 3.328632e-03
+1.697033e-05 2.415302e-03
-1.174142e-05 2.195689e-03
