-8.053836e+00 1.261314e+01
+6.665730e+00 1.475343e+01
-1.988552e+00 2.368457e+01
-4.805321e+00 2.272848e+01
+1.048767e+00 1.909693e+01
-4.108044e+00 2.597394e+01
-2.557727e+00 3.338224e+01
-7.379676e+00 2.647466e+01
-2.277693e+00 2.420180e+01
-1.566140e+00 2.422650e+01
-4.161002e-01 2.436916e+01
+2.222565e+00 2.239250e+01
+2.255322e+01 1.220814e+00
-1.572282e-04 5.528267e-01
+9.608393e-04 6.480311e-01
-8.532576e-04 1.061459e+00
+2.207909e-04 1.296884e+00
-2.862247e-04 1.396309e+00
+8.952304e-04 1.549254e+00
-4.663649e-04 1.704336e+00
-1.949973e-03 1.734975e+00
+4.958753e-04 1.814681e+00
-1.019303e-03 1.792510e+00
-1.462111e-03 1.634622e+00
+2.848740e-05 1.553563e+00
+1.619452e-04 3.793180e-02
+3.373705e-05 8.775796e-02
+4.753267e-06 1.125456e-01
+1.435754e-04 1.885794e-01
+1.517295e-04 2.219071e-01
+5.720070e-05 2.565548e-01
+6.489288e-05 2.833378e-01
+1.318889e-04 3.211632e-01
+7.714021e-05 3.302752e-01
-8.576684e-05 3.498039e-01
+2.671129e-05 3.452969e-01
+5.800553e-05 3.187437e-01
-3.277885e-04 3.005509e-01
+2.041470e-05 7.290881e-03
-2.092769e-01 3.439957e+02
+2.829828e-01 2.362485e+02
-1.805621e-01 7.041409e+01
+2.231531e-01 4.543739e+01
+1.121851e-01 3.462519e+01
-2.996337e-01 2.711752e+01
-3.983597e-01 2.419030e+01
+2.691382e-01 2.284203e+01
-7.448914e-02 1.822201e+01
-2.633516e-02 1.658777e+01
-2.303396e-03 2.704348e-02
-3.872409e-04 1.073676e-02
+4.686655e-03 1.433054e-01
-3.608649e-03 8.581089e-02
-1.006417e-03 3.048764e-02
-4.222186e-03 4.901423e-02
-1.743738e-03 4.126448e-02
+5.478944e-04 4.280784e-02
+1.619559e-03 3.124385e-02
+4.799552e-04 2.647469e-02
+2.649414e-05 2.643010e-03
-9.760124e-06 1.009583e-03
-1.155645e-05 9.165225e-03
+3.936043e-06 5.638856e-03
+4.333728e-06 2.076730e-03
+3.200324e-05 3.851642e-03
+1.807519e-05 3.435433e-03
-2.111433e-05 3.328284e-03
+8.519317e-08 2.416339e-03
-4.956703e-06 2.197127e-03
-8.054070e+00 1.261312e+01
+6.666542e+00 1.475324e+01
-1.989105e+00 2.369030e+01
-4.804937e+00 2.272800e+01
+1.048736e+00 1.909424e+01
-4.107148e+00 2.597861e+01
-2.558158e+00 3.338238e+01
-7.380984e+00 2.647911e+01
-2.277894e+00 2.419915e+01
-1.567316e+00 2.422218e+01
-4.175748e-01 2.437042e+01
+2.221947e+00 2.239392e+01
+2.255340e+01 1.220765e+00
-1.105136e-04 5.535891e-01
+9.934143e-04 6.487111e-01
-7.161092e-04 1.062273e+00
+3.017193e-04 1.298138e+00
-2.523673e-04 1.397373e+00
+9.582767e-04 1.550861e+00
-3.814701e-04 1.705729e+00
-1.801382e-03 1.736419e+00
+4.104820e-04 1.816247e+00
-1.006871e-03 1.793988e+00
-1.330730e-03 1.636040e+00
-1.294845e-04 1.554660e+00
+1.907839e-04 3.799490e-02
+4.546907e-05 8.794880e-02
-1.829734e-05 1.128017e-01
+1.322244e-04 1.890533e-01
+7.159969e-05 2.224049e-01
+5.519031e-05 2.571948e-01
-2.125974e-05 2.840910e-01
+1.695763e-04 3.219593e-01
+1.706678e-04 3.310768e-01
-9.787541e-05 3.506434e-01
+6.897884e-05 3.461788e-01
+8.858841e-05 3.195551e-01
-2.947294e-04 3.012969e-01
+1.147648e-05 7.315187e-03
-2.115639e-01 3.440533e+02
+2.825847e-01 2.362219e+02
-1.757382e-01 7.044114e+01
+2.194501e-01 4.546115e+01
+1.111275e-01 3.463703e+01
-3.037986e-01 2.710176e+01
-4.000563e-01 2.419029e+01
+2.696313e-01 2.284568e+01
-7.282787e-02 1.822916e+01
-2.587863e-02 1.659604e+01
-2.273844e-03 2.705695e-02
-4.024441e-04 1.074480e-02
+4.711958e-03 1.433183e-01
-3.629671e-03 8.582195e-02
-1.013356e-03 3.050052e-02
-4.180768e-03 4.902708e-02
-1.716238e-03 4.128133e-02
+5.187071e-04 4.282589e-02
+1.633038e-03 3.125023e-02
+4.685831e-04 2.648156e-02
+2.651508e-05 2.644932e-03
-9.800734e-06 1.010686e-03
-1.905812e-06 9.166090e-03
-8.610914e-07 5.639685e-03
+1.970784e-06 2.077953e-03
+3.365997e-05 3.852519e-03
+2.057237e-05 3.436578e-03
-2.122435e-05 3.329431e-03
+2.315933e-06 2.417039e-03
-5.827449e-06 2.198063e-03
-8.054185e+00 1.261358e+01
+6.667376e+00 1.475411e+01
-1.989664e+00 2.369466e+01
-4.804533e+00 2.272940e+01
+1.048663e+00 1.909000e+01
-4.106252e+00 2.598296e+01
-2.558073e+00 3.338275e+01
-7.382171e+00 2.648163e+01
-2.278031e+00 2.419667e+01
-1.568336e+00 2.422145e+01
-4.187693e-01 2.436994e+01
+2.221286e+00 2.239591e+01
+2.255362e+01 1.220751e+00
-5.698167e-05 5.542724e-01
+9.689208e-04 6.493502e-01
-6.275202e-04 1.063131e+00
+3.056208e-04 1.299227e+00
-2.210481e-04 1.398569e+00
+8.302677e-04 1.552351e+00
-2.506993e-04 1.707154e+00
-1.543802e-03 1.737736e+00
+2.762883e-04 1.817540e+00
-8.930222e-04 1.795380e+00
-1.203543e-03 1.637355e+00
-2.941866e-04 1.555583e+00
+2.019015e-04 3.806200e-02
+4.430790e-05 8.815674e-02
-6.164847e-05 1.130673e-01
+1.146908e-04 1.895100e-01
+8.145117e-06 2.229019e-01
+7.326698e-05 2.578133e-01
-1.194869e-04 2.848548e-01
+1.432806e-04 3.227428e-01
+2.372707e-04 3.318930e-01
-1.184314e-04 3.515445e-01
+9.661922e-05 3.470876e-01
+7.055497e-05 3.203437e-01
-2.486505e-04 3.020651e-01
+3.206116e-07 7.338701e-03
-2.138196e-01 3.441107e+02
+2.821719e-01 2.361956e+02
-1.709184e-01 7.046806e+01
+2.157466e-01 4.548481e+01
+1.100757e-01 3.464899e+01
-3.079317e-01 2.708610e+01
-4.017355e-01 2.419045e+01
+2.701053e-01 2.284936e+01
-7.116049e-02 1.823630e+01
-2.542907e-02 1.660441e+01
-2.246800e-03 2.706289e-02
-4.154293e-04 1.074864e-02
+4.738661e-03 1.433276e-01
-3.649605e-03 8.582907e-02
-1.020964e-03 3.050867e-02
-4.139571e-03 4.903698e-02
-1.686799e-03 4.129448e-02
+4.919728e-04 4.283905e-02
+1.644352e-03 3.125350e-02
+4.581991e-04 2.648470e-02
+2.317411e-05 2.648093e-03
-8.509395e-06 1.012477e-03
+7.200438e-06 9.167477e-03
-5.513849e-06 5.641051e-03
-1.679929e-06 2.079995e-03
+3.456811e-05 3.853865e-03
+2.413271e-05 3.438281e-03
-2.039327e-05 3.331250e-03
+2.913347e-06 2.418240e-03
-6.243834e-06 2.199558e-03
-8.054298e+00 1.261453e+01
+6.668331e+00 1.475476e+01
-1.990240e+00 2.369751e+01
-4.804213e+00 2.273070e+01
+1.048543e+00 1.908582e+01
-4.105449e+00 2.598679e+01
-2.558103e+00 3.338719e+01
-7.383550e+00 2.648700e+01
-2.278248e+00 2.419493e+01
-1.569144e+00 2.421998e+01
-4.198943e-01 2.437126e+01
+2.220786e+00 2.239459e+01
+2.255383e+01 1.220799e+00
-2.096914e-05 5.549496e-01
+8.652973e-04 6.499651e-01
-5.264574e-04 1.064095e+00
+2.737284e-04 1.300264e+00
-1.496274e-04 1.399732e+00
+6.194927e-04 1.553775e+00
-1.512110e-04 1.708293e+00
-1.244537e-03 1.738759e+00
+1.844349e-04 1.818812e+00
-7.430343e-04 1.796800e+00
-1.140923e-03 1.638418e+00
-4.542749e-04 1.556427e+00
+1.954883e-04 3.812765e-02
+4.044607e-05 8.835595e-02
-1.044302e-04 1.133367e-01
+9.941589e-05 1.899387e-01
-3.362557e-05 2.234026e-01
+9.285567e-05 2.584193e-01
-1.806643e-04 2.856067e-01
+8.772317e-05 3.235843e-01
+2.804158e-04 3.327704e-01
-1.369065e-04 3.524680e-01
+9.557904e-05 3.479926e-01
+3.931496e-05 3.211804e-01
-2.055293e-04 3.028741e-01
-7.234174e-06 7.361075e-03
-2.160504e-01 3.441679e+02
+2.817483e-01 2.361694e+02
-1.661020e-01 7.049482e+01
+2.120442e-01 4.550833e+01
+1.090274e-01 3.466101e+01
-3.120326e-01 2.707056e+01
-4.033920e-01 2.419069e+01
+2.705637e-01 2.285308e+01
-6.949189e-02 1.824343e+01
-2.498482e-02 1.661282e+01
-2.225069e-03 2.706892e-02
-4.254768e-04 1.075257e-02
+4.766158e-03 1.433375e-01
-3.668367e-03 8.583568e-02
-1.030545e-03 3.051680e-02
-4.097804e-03 4.904717e-02
-1.653027e-03 4.130773e-02
+4.679580e-04 4.285150e-02
+1.651967e-03 3.125657e-02
+4.487850e-04 2.648745e-02
+1.756975e-05 2.650604e-03
-6.574916e-06 1.013907e-03
+1.599682e-05 9.168580e-03
-1.045532e-05 5.642182e-03
-5.863252e-06 2.081683e-03
+3.315945e-05 3.854993e-03
+2.615297e-05 3.439698e-03
-1.878415e-05 3.332804e-03
+3.363125e-06 2.419221e-03
-6.383746e-06 2.200764e-03
-8.054273e+00 1.261537e+01
+6.669056e+00 1.475495e+01
-1.990653e+00 2.370289e+01
-4.803872e+00 2.273285e+01
+1.048559e+00 1.908262e+01
-4.105152e+00 2.599016e+01
-2.557998e+00 3.339105e+01
-7.384264e+00 2.649136e+01
-2.278245e+00 2.419073e+01
-1.569777e+00 2.421770e+01
-4.210212e-01 2.437396e+01
+2.220128e+00 2.239450e+01
+2.255401e+01 1.220904e+00
+1.689802e-05 5.556648e-01
+7.316772e-04 6.505647e-01
-4.281323e-04 1.064991e+00
+2.059220e-04 1.301329e+00
-4.301756e-05 1.400923e+00
+3.971474e-04 1.555281e+00
-1.772874e-04 1.709356e+00
-9.349785e-04 1.739784e+00
+4.199807e-05 1.820366e+00
-6.578492e-04 1.798190e+00
-1.126728e-03 1.639257e+00
-5.906883e-04 1.557365e+00
+1.843390e-04 3.819195e-02
+3.228690e-05 8.849427e-02
-1.167358e-04 1.135492e-01
+8.329799e-05 1.902855e-01
-5.241902e-05 2.237901e-01
+1.055533e-04 2.589079e-01
-1.699653e-04 2.861754e-01
+3.039340e-05 3.242814e-01
+2.706096e-04 3.335052e-01
-1.599482e-04 3.531939e-01
+5.663377e-05 3.487240e-01
+1.312884e-05 3.218844e-01
-1.561075e-04 3.035450e-01
-7.997302e-06 7.377512e-03
-2.182639e-01 3.442244e+02
+2.813171e-01 2.361433e+02
-1.612884e-01 7.052138e+01
+2.083441e-01 4.553172e+01
+1.079795e-01 3.467302e+01
-3.161000e-01 2.705515e+01
-4.050194e-01 2.419092e+01
+2.710093e-01 2.285688e+01
-6.782676e-02 1.825051e+01
-2.454520e-02 1.662118e+01
-2.210842e-03 2.707442e-02
-4.320599e-04 1.075610e-02
+4.794571e-03 1.433425e-01
-3.686868e-03 8.583891e-02
-1.041778e-03 3.052271e-02
-4.062157e-03 4.905394e-02
-1.621720e-03 4.131668e-02
+4.482331e-04 4.285970e-02
+1.657609e-03 3.125871e-02
+4.408499e-04 2.648934e-02
+1.232748e-05 2.651475e-03
-5.085560e-06 1.014423e-03
+2.452832e-05 9.168944e-03
-1.577774e-05 5.642582e-03
-9.787459e-06 2.082339e-03
+3.075755e-05 3.855477e-03
+2.660766e-05 3.440344e-03
-1.749704e-05 3.333493e-03
+4.626033e-06 2.419575e-03
-6.665870e-06 2.201200e-03
-8.054293e+00 1.261629e+01
+6.669645e+00 1.475644e+01
-1.990974e+00 2.370903e+01
-4.803706e+00 2.273604e+01
+1.048502e+00 1.908082e+01
-4.104900e+00 2.599358e+01
-2.558350e+00 3.339670e+01
-7.384980e+00 2.649506e+01
-2.278123e+00 2.418624e+01
-1.570306e+00 2.421517e+01
-4.221827e-01 2.437564e+01
+2.219363e+00 2.239604e+01
+2.255418e+01 1.221006e+00
+5.576550e-05 5.561958e-01
+5.969779e-04 6.510414e-01
-3.502704e-04 1.065764e+00
+1.413110e-04 1.302390e+00
+7.420225e-05 1.402017e+00
+2.358440e-04 1.556530e+00
-1.878551e-04 1.710626e+00
-6.458371e-04 1.740984e+00
-1.352650e-04 1.822045e+00
-6.440962e-04 1.799823e+00
-1.117222e-03 1.640428e+00
-7.223845e-04 1.558710e+00
+1.780245e-04 3.824137e-02
+2.505321e-05 8.856754e-02
-1.045872e-04 1.136741e-01
+6.132850e-05 1.904918e-01
-5.862584e-05 2.240051e-01
+1.044870e-04 2.591964e-01
-1.319140e-04 2.865069e-01
-6.761491e-06 3.246972e-01
+2.389656e-04 3.339366e-01
-1.897046e-04 3.536268e-01
+1.350862e-05 3.491754e-01
+3.812158e-06 3.223020e-01
-1.075037e-04 3.039457e-01
-4.275238e-06 7.386159e-03
-2.204648e-01 3.442804e+02
+2.808802e-01 2.361173e+02
-1.564773e-01 7.054775e+01
+2.046470e-01 4.555502e+01
+1.069302e-01 3.468503e+01
-3.201330e-01 2.703995e+01
-4.066139e-01 2.419115e+01
+2.714439e-01 2.286079e+01
-6.616793e-02 1.825757e+01
-2.411005e-02 1.662949e+01
-2.203323e-03 2.707198e-02
-4.357203e-04 1.075506e-02
+4.823931e-03 1.433385e-01
-3.705830e-03 8.583540e-02
-1.053732e-03 3.052148e-02
-4.036314e-03 4.905365e-02
-1.597859e-03 4.131727e-02
+4.329134e-04 4.285968e-02
+1.663354e-03 3.125715e-02
+4.344386e-04 2.648715e-02
+8.898184e-06 2.651499e-03
-4.530182e-06 1.014465e-03
+3.280941e-05 9.168822e-03
-2.136067e-05 5.642513e-03
-1.315203e-05 2.082404e-03
+2.885355e-05 3.855546e-03
+2.644219e-05 3.440490e-03
-1.718283e-05 3.333621e-03
+6.825907e-06 2.419580e-03
-7.289871e-06 2.201212e-03
-8.054313e+00 1.261721e+01
+6.670234e+00 1.475794e+01
-1.991295e+00 2.371517e+01
-4.803539e+00 2.273924e+01
+1.048444e+00 1.907903e+01
-4.104649e+00 2.599699e+01
-2.558702e+00 3.340235e+01
-7.385696e+00 2.649876e+01
-2.278001e+00 2.418175e+01
-1.570835e+00 2.421263e+01
-4.233443e-01 2.437732e+01
+2.218597e+00 2.239757e+01
+2.255436e+01 1.221108e+00
+9.463298e-05 5.567268e-01
+4.622785e-04 6.515181e-01
-2.724085e-04 1.066537e+00
+7.670001e-05 1.303450e+00
+1.914221e-04 1.403112e+00
+7.454071e-05 1.557779e+00
-1.984228e-04 1.711895e+00
-3.566958e-04 1.742183e+00
-3.125281e-04 1.823723e+00
-6.303432e-04 1.801457e+00
-1.107715e-03 1.641599e+00
-8.540807e-04 1.560056e+00
+1.717101e-04 3.829078e-02
+1.781952e-05 8.864082e-02
-9.243861e-05 1.137990e-01
+3.935901e-05 1.906980e-01
-6.483265e-05 2.242200e-01
+1.034207e-04 2.594849e-01
-9.386258e-05 2.868383e-01
-4.391639e-05 3.251129e-01
+2.073216e-04 3.343681e-01
-2.194611e-04 3.540597e-01
-2.961653e-05 3.496268e-01
-5.504525e-06 3.227197e-01
-5.889986e-05 3.043463e-01
-5.531736e-07 7.394806e-03
-2.226658e-01 3.443364e+02
+2.804434e-01 2.360913e+02
-1.516661e-01 7.057408e+01
+2.009498e-01 4.557828e+01
+1.058808e-01 3.469704e+01
-3.241659e-01 2.702471e+01
-4.082083e-01 2.419138e+01
+2.718785e-01 2.286470e+01
-6.450909e-02 1.826462e+01
-2.367490e-02 1.663780e+01
-2.195805e-03 2.706954e-02
-4.393807e-04 1.075403e-02
+4.853290e-03 1.433345e-01
-3.724792e-03 8.583189e-02
-1.065687e-03 3.052026e-02
-4.010471e-03 4.905337e-02
-1.573998e-03 4.131785e-02
+4.175937e-04 4.285965e-02
+1.669099e-03 3.125559e-02
+4.280274e-04 2.648495e-02
+5.468886e-06 2.651524e-03
-3.974804e-06 1.014507e-03
+4.109051e-05 9.168699e-03
-2.694359e-05 5.642443e-03
-1.651659e-05 2.082469e-03
+2.694954e-05 3.855616e-03
+2.627673e-05 3.440636e-03
-1.686863e-05 3.333750e-03
+9.025780e-06 2.419586e-03
-7.913872e-06 2.201224e-03
-8.054377e+00 1.261905e+01
+6.670723e+00 1.476006e+01
-1.991483e+00 2.372249e+01
-4.803385e+00 2.274334e+01
+1.048600e+00 1.907931e+01
-4.104317e+00 2.600038e+01
-2.558839e+00 3.340307e+01
-7.386256e+00 2.649810e+01
-2.278325e+00 2.417605e+01
-1.571549e+00 2.421169e+01
-4.245441e-01 2.437833e+01
+2.217415e+00 2.239792e+01
+2.255453e+01 1.221183e+00
+1.252527e-04 5.567186e-01
+3.363451e-04 6.514478e-01
-2.069117e-04 1.066440e+00
-7.010293e-07 1.303541e+00
+3.112070e-04 1.402929e+00
-1.198290e-04 1.557528e+00
-2.084980e-04 1.711884e+00
-2.706123e-05 1.742007e+00
-5.042003e-04 1.823819e+00
-6.034360e-04 1.801682e+00
-1.109209e-03 1.641442e+00
-9.219010e-04 1.560178e+00
+1.677908e-04 3.827749e-02
+1.244861e-05 8.862652e-02
-7.810545e-05 1.137811e-01
+8.364142e-06 1.906548e-01
-7.488981e-05 2.241713e-01
+9.050974e-05 2.594636e-01
-4.396321e-05 2.867900e-01
-1.025437e-04 3.250635e-01
+1.620368e-04 3.343169e-01
-2.146611e-04 3.539988e-01
-7.152185e-05 3.495744e-01
-1.505020e-05 3.226853e-01
+1.452683e-05 3.042997e-01
+3.533463e-06 7.394704e-03
-2.248661e-01 3.443929e+02
+2.800065e-01 2.360654e+02
-1.467935e-01 7.060032e+01
+1.972122e-01 4.560157e+01
+1.048081e-01 3.470924e+01
-3.281812e-01 2.700953e+01
-4.097868e-01 2.419172e+01
+2.722937e-01 2.286870e+01
-6.283396e-02 1.827164e+01
-2.324778e-02 1.664621e+01
-2.188097e-03 2.705523e-02
-4.444673e-04 1.074679e-02
+4.900846e-03 1.433156e-01
-3.756208e-03 8.581688e-02
-1.084351e-03 3.051003e-02
-3.979379e-03 4.904558e-02
-1.544678e-03 4.131100e-02
+3.973635e-04 4.285146e-02
+1.680352e-03 3.124823e-02
+4.187469e-04 2.647594e-02
+2.005714e-06 2.651057e-03
-4.521528e-06 1.014290e-03
+5.038712e-05 9.168263e-03
-3.362699e-05 5.642098e-03
-2.009219e-05 2.082250e-03
+2.537024e-05 3.855433e-03
+2.698390e-05 3.440513e-03
-1.627121e-05 3.333598e-03
+1.203757e-05 2.419398e-03
-9.082763e-06 2.200994e-03
-8.054479e+00 1.262094e+01
+6.671121e+00 1.476211e+01
-1.991670e+00 2.372689e+01
-4.803122e+00 2.274660e+01
+1.048774e+00 1.908075e+01
-4.104216e+00 2.600498e+01
-2.558891e+00 3.340300e+01
-7.386382e+00 2.649525e+01
-2.278832e+00 2.417161e+01
-1.572076e+00 2.421378e+01
-4.257203e-01 2.437751e+01
+2.216204e+00 2.239565e+01
+2.255470e+01 1.221215e+00
+1.646145e-04 5.564844e-01
+2.051921e-04 6.512710e-01
-1.448232e-04 1.066372e+00
-8.637700e-05 1.303544e+00
+4.040800e-04 1.402844e+00
-2.989681e-04 1.557324e+00
-3.232131e-04 1.711981e+00
+2.910190e-04 1.742238e+00
-6.706431e-04 1.824135e+00
-5.884500e-04 1.802037e+00
-1.072032e-03 1.641539e+00
-9.103492e-04 1.560829e+00
+1.687915e-04 3.825443e-02
+9.545345e-06 8.854374e-02
-5.950229e-05 1.136862e-01
-2.625040e-05 1.904667e-01
-7.450236e-05 2.239659e-01
+7.035817e-05 2.592281e-01
+3.216321e-05 2.865274e-01
-1.766932e-04 3.247733e-01
+7.705528e-05 3.339797e-01
-1.859924e-04 3.536803e-01
-1.039513e-04 3.492829e-01
-3.021519e-05 3.223807e-01
+8.655753e-05 3.039879e-01
+7.422287e-06 7.386137e-03
-2.270659e-01 3.444500e+02
+2.795674e-01 2.360393e+02
-1.418598e-01 7.062636e+01
+1.934338e-01 4.562482e+01
+1.037124e-01 3.472154e+01
-3.321790e-01 2.699435e+01
-4.113484e-01 2.419212e+01
+2.726907e-01 2.287272e+01
-6.114164e-02 1.827859e+01
-2.282933e-02 1.665465e+01
-2.180253e-03 2.704057e-02
-4.524862e-04 1.073985e-02
+4.960177e-03 1.432891e-01
-3.796427e-03 8.579712e-02
-1.107039e-03 3.049864e-02
-3.944854e-03 4.903594e-02
-1.510740e-03 4.130283e-02
+3.751724e-04 4.284156e-02
+1.696161e-03 3.124013e-02
+4.068855e-04 2.646664e-02
-1.710642e-06 2.648705e-03
-6.054422e-06 1.013022e-03
+5.758170e-05 9.167051e-03
-3.942579e-05 5.640932e-03
-2.270332e-05 2.080907e-03
+2.326762e-05 3.854393e-03
+2.775507e-05 3.439439e-03
-1.469636e-05 3.332463e-03
+1.498047e-05 2.418459e-03
-1.041011e-05 2.199773e-03
-8.054603e+00 1.262305e+01
+6.671608e+00 1.476507e+01
-1.991919e+00 2.373160e+01
-4.802978e+00 2.274995e+01
+1.048952e+00 1.908188e+01
-4.104165e+00 2.600800e+01
-2.558983e+00 3.340647e+01
-7.386523e+00 2.649508e+01
-2.279320e+00 2.416679e+01
-1.572630e+00 2.421555e+01
-4.269633e-01 2.437986e+01
+2.215326e+00 2.239415e+01
+2.255488e+01 1.221198e+00
+2.089191e-04 5.561837e-01
+8.757161e-05 6.510144e-01
-1.261573e-04 1.066029e+00
-1.871672e-04 1.303426e+00
+4.511855e-04 1.402814e+00
-4.264826e-04 1.557208e+00
-4.929702e-04 1.711816e+00
+5.466723e-04 1.742289e+00
-6.769186e-04 1.824423e+00
-5.614042e-04 1.802124e+00
-1.055335e-03 1.641614e+00
-8.143690e-04 1.561269e+00
+1.691550e-04 3.824181e-02
+9.875091e-06 8.842484e-02
-3.456592e-05 1.135574e-01
-4.620725e-05 1.902340e-01
-4.668074e-05 2.237002e-01
+4.790668e-05 2.588485e-01
+1.157641e-04 2.861247e-01
-2.429076e-04 3.243904e-01
-4.020500e-05 3.335184e-01
-1.670654e-04 3.531880e-01
-1.477970e-04 3.488987e-01
-5.064147e-05 3.219595e-01
+1.240026e-04 3.035840e-01
+7.382701e-06 7.369594e-03
-2.292650e-01 3.445073e+02
+2.791222e-01 2.360131e+02
-1.368656e-01 7.065214e+01
+1.896136e-01 4.564801e+01
+1.025946e-01 3.473390e+01
-3.361592e-01 2.697914e+01
-4.128912e-01 2.419254e+01
+2.730722e-01 2.287672e+01
-5.943037e-02 1.828548e+01
-2.242090e-02 1.666311e+01
-2.172647e-03 2.703341e-02
-4.645494e-04 1.073729e-02
+5.018699e-03 1.432681e-01
-3.837747e-03 8.578227e-02
-1.128770e-03 3.049303e-02
-3.910422e-03 4.903006e-02
-1.474748e-03 4.129866e-02
+3.553778e-04 4.283591e-02
+1.713752e-03 3.123557e-02
+3.935901e-04 2.646199e-02
-6.080113e-06 2.644246e-03
-7.659165e-06 1.010573e-03
+5.964081e-05 9.164805e-03
-4.221032e-05 5.638719e-03
-2.332760e-05 2.078201e-03
+1.984940e-05 3.852344e-03
+2.742602e-05 3.437303e-03
-1.217030e-05 3.330197e-03
+1.660155e-05 2.416625e-03
-1.128795e-05 2.197380e-03
-8.054694e+00 1.262492e+01
+6.671974e+00 1.476852e+01
-1.992088e+00 2.373674e+01
-4.802822e+00 2.275504e+01
+1.049100e+00 1.908547e+01
-4.103972e+00 2.600985e+01
-2.559470e+00 3.340844e+01
-7.386636e+00 2.649830e+01
-2.279914e+00 2.416061e+01
-1.573323e+00 2.421570e+01
-4.279987e-01 2.438236e+01
+2.214470e+00 2.239555e+01
+2.255508e+01 1.221183e+00
+2.589667e-04 5.558474e-01
-1.108215e-05 6.508584e-01
-1.100610e-04 1.065781e+00
-2.345723e-04 1.303194e+00
+4.862544e-04 1.402702e+00
-4.652073e-04 1.557326e+00
-7.125713e-04 1.711825e+00
+6.553023e-04 1.742067e+00
-6.511388e-04 1.824833e+00
-4.864315e-04 1.802458e+00
-1.061994e-03 1.641595e+00
-7.356451e-04 1.561472e+00
+1.700457e-04 3.822630e-02
+1.060241e-05 8.830760e-02
-5.044057e-06 1.134158e-01
-4.783536e-05 1.900039e-01
-3.374720e-06 2.234467e-01
+2.156714e-05 2.585096e-01
+1.715352e-04 2.857223e-01
-2.921139e-04 3.240114e-01
-1.383007e-04 3.331507e-01
-1.596670e-04 3.527070e-01
-1.994481e-04 3.484894e-01
-8.505565e-05 3.215980e-01
+1.221290e-04 3.032601e-01
+3.814077e-06 7.353329e-03
-2.314635e-01 3.445649e+02
+2.786654e-01 2.359865e+02
-1.318121e-01 7.067758e+01
+1.857500e-01 4.567119e+01
+1.014560e-01 3.474626e+01
-3.401222e-01 2.696386e+01
-4.144123e-01 2.419296e+01
+2.734419e-01 2.288064e+01
-5.769764e-02 1.829233e+01
-2.202437e-02 1.667159e+01
-2.166093e-03 2.701900e-02
-4.802343e-04 1.073079e-02
+5.076213e-03 1.432448e-01
-3.880321e-03 8.576481e-02
-1.149513e-03 3.048392e-02
-3.875936e-03 4.902093e-02
-1.436733e-03 4.129080e-02
+3.368168e-04 4.282637e-02
+1.732861e-03 3.122839e-02
+3.787848e-04 2.645393e-02
-1.146939e-05 2.641193e-03
-8.095399e-06 1.008914e-03
+5.913745e-05 9.162978e-03
-4.342853e-05 5.637012e-03
-2.312545e-05 2.076261e-03
+1.593469e-05 3.850856e-03
+2.613026e-05 3.435861e-03
-1.072252e-05 3.328632e-03
+1.697033e-05 2.415302e-03
-1.174142e-05 2.195689e-03
