-5.531549e+00 2.351121e+01
+4.610312e+00 2.029969e+01
-1.534883e+00 3.270698e+01
-4.394897e+00 3.592767e+01
-3.728090e-01 2.935648e+01
-8.940435e-01 2.935861e+01
-5.997954e-01 3.137719e+01
-4.857237e+00 3.271959e+01
-2.561683e+00 3.167784e+01
-9.247223e-01 3.116638e+01
-2.065093e-01 2.796012e+01
+2.110019e+00 2.771226e+01
+2.026265e+01 2.960460e+00
+2.731407e-05 8.161997e-01
-9.961297e-05 8.364589e-01
-3.295754e-04 1.251808e+00
-3.182431e-04 1.591059e+00
-3.253216e-04 1.581838e+00
+5.135853e-04 1.630044e+00
+4.574039e-04 1.839991e+00
-2.024461e-05 1.857496e+00
+5.989443e-04 1.906729e+00
-5.089228e-05 1.811986e+00
-8.728809e-04 1.764396e+00
-8.311699e-04 1.613321e+00
-2.840227e-05 5.173995e-02
-1.055106e-05 1.226308e-01
-8.661528e-05 1.404534e-01
+4.348585e-05 2.063279e-01
-1.361291e-04 2.661959e-01
-1.542306e-05 2.817175e-01
-1.494453e-05 2.990846e-01
-1.018156e-04 3.411007e-01
-1.724705e-05 3.473334e-01
-4.750998e-05 3.573183e-01
-6.147944e-05 3.398443e-01
+8.589239e-05 3.332417e-01
+8.081725e-05 3.025837e-01
-1.208934e-05 8.146580e-03
-2.092769e-01 3.439957e+02
+2.829828e-01 2.362485e+02
-1.805621e-01 7.041409e+01
+2.231531e-01 4.543739e+01
+1.121851e-01 3.462519e+01
-2.996337e-01 2.711752e+01
-3.983597e-01 2.419030e+01
+2.691382e-01 2.284203e+01
-7.448914e-02 1.822201e+01
-2.633516e-02 1.658777e+01
-2.303396e-03 2.704348e-02
-3.872409e-04 1.073676e-02
+4.686655e-03 1.433054e-01
-3.608649e-03 8.581089e-02
-1.006417e-03 3.048764e-02
-4.222186e-03 4.901423e-02
-1.743738e-03 4.126448e-02
+5.478944e-04 4.280784e-02
+1.619559e-03 3.124385e-02
+4.799552e-04 2.647469e-02
+2.649414e-05 2.643010e-03
-9.760124e-06 1.009583e-03
-1.155645e-05 9.165225e-03
+3.936043e-06 5.638856e-03
+4.333728e-06 2.076730e-03
+3.200324e-05 3.851642e-03
+1.807519e-05 3.435433e-03
-2.111433e-05 3.328284e-03
+8.519317e-08 2.416339e-03
-4.956703e-06 2.197127e-03
-5.531495e+00 2.351027e+01
+4.610225e+00 2.030353e+01
-1.535017e+00 3.270569e+01
-4.395417e+00 3.592869e+01
-3.730797e-01 2.935536e+01
-8.938080e-01 2.935900e+01
-5.998291e-01 3.138087e+01
-4.857328e+00 3.272322e+01
-2.561216e+00 3.167567e+01
-9.246793e-01 3.116095e+01
-2.071148e-01 2.796120e+01
+2.109274e+00 2.770854e+01
+2.026264e+01 2.960397e+00
+6.102535e-05 8.168684e-01
-1.857622e-04 8.372400e-01
-2.035595e-04 1.252874e+00
-4.705432e-04 1.592090e+00
-3.997784e-04 1.582444e+00
+4.848057e-04 1.630927e+00
+4.063078e-04 1.841007e+00
-9.677468e-05 1.858620e+00
+4.808971e-04 1.907945e+00
-7.833620e-05 1.813107e+00
-8.925886e-04 1.765437e+00
-8.864903e-04 1.614469e+00
-3.514166e-05 5.181805e-02
+3.131030e-06 1.228301e-01
-9.346717e-05 1.407507e-01
+7.255716e-05 2.067130e-01
-9.262089e-05 2.666480e-01
-4.506163e-05 2.822796e-01
-8.349184e-06 2.997731e-01
-6.848639e-05 3.418370e-01
+8.465830e-06 3.481417e-01
-7.033592e-05 3.581346e-01
-1.022113e-04 3.406523e-01
+4.803742e-05 3.340521e-01
+9.491199e-05 3.033148e-01
-1.644183e-05 8.168179e-03
-2.115639e-01 3.440533e+02
+2.825847e-01 2.362219e+02
-1.757382e-01 7.044114e+01
+2.194501e-01 4.546115e+01
+1.111275e-01 3.463703e+01
-3.037986e-01 2.710176e+01
-4.000563e-01 2.419029e+01
+2.696313e-01 2.284568e+01
-7.282787e-02 1.822916e+01
-2.587863e-02 1.659604e+01
-2.273844e-03 2.705695e-02
-4.024441e-04 1.074480e-02
+4.711958e-03 1.433183e-01
-3.629671e-03 8.582195e-02
-1.013356e-03 3.050052e-02
-4.180768e-03 4.902708e-02
-1.716238e-03 4.128133e-02
+5.187071e-04 4.282589e-02
+1.633038e-03 3.125023e-02
+4.685831e-04 2.648156e-02
+2.651508e-05 2.644932e-03
-9.800734e-06 1.010686e-03
-1.905812e-06 9.166090e-03
-8.610914e-07 5.639685e-03
+1.970784e-06 2.077953e-03
+3.365997e-05 3.852519e-03
+2.057237e-05 3.436578e-03
-2.122435e-05 3.329431e-03
+2.315933e-06 2.417039e-03
-5.827449e-06 2.198063e-03
-5.531445e+00 2.350990e+01
+4.609866e+00 2.030665e+01
-1.535022e+00 3.270449e+01
-4.396080e+00 3.592987e+01
-3.735241e-01 2.935449e+01
-8.936848e-01 2.935921e+01
-5.998189e-01 3.138492e+01
-4.857563e+00 3.272824e+01
-2.560882e+00 3.167158e+01
-9.244909e-01 3.115632e+01
-2.080119e-01 2.796188e+01
+2.108391e+00 2.770614e+01
+2.026261e+01 2.960319e+00
+1.010440e-04 8.174785e-01
-2.790063e-04 8.380326e-01
-7.837711e-05 1.253784e+00
-5.318507e-04 1.592933e+00
-4.903694e-04 1.583138e+00
+5.140653e-04 1.631896e+00
+4.124519e-04 1.841738e+00
-1.396580e-04 1.859363e+00
+3.126398e-04 1.908967e+00
-1.705926e-04 1.814015e+00
-8.918876e-04 1.766308e+00
-8.643499e-04 1.615643e+00
-5.546984e-05 5.189395e-02
+1.378857e-05 1.230407e-01
-6.822531e-05 1.410349e-01
+7.447612e-05 2.071291e-01
-1.303708e-05 2.671260e-01
-5.380354e-05 2.828260e-01
-1.968170e-05 3.004489e-01
-2.745261e-05 3.426010e-01
+7.417709e-05 3.489937e-01
-6.352122e-05 3.589918e-01
-1.332199e-04 3.415251e-01
+4.658172e-05 3.349346e-01
+1.299760e-04 3.040860e-01
-1.868374e-05 8.189943e-03
-2.138196e-01 3.441107e+02
+2.821719e-01 2.361956e+02
-1.709184e-01 7.046806e+01
+2.157466e-01 4.548481e+01
+1.100757e-01 3.464899e+01
-3.079317e-01 2.708610e+01
-4.017355e-01 2.419045e+01
+2.701053e-01 2.284936e+01
-7.116049e-02 1.823630e+01
-2.542907e-02 1.660441e+01
-2.246800e-03 2.706289e-02
-4.154293e-04 1.074864e-02
+4.738661e-03 1.433276e-01
-3.649605e-03 8.582907e-02
-1.020964e-03 3.050867e-02
-4.139571e-03 4.903698e-02
-1.686799e-03 4.129448e-02
+4.919728e-04 4.283905e-02
+1.644352e-03 3.125350e-02
+4.581991e-04 2.648470e-02
+2.317411e-05 2.648093e-03
-8.509395e-06 1.012477e-03
+7.200438e-06 9.167477e-03
-5.513849e-06 5.641051e-03
-1.679929e-06 2.079995e-03
+3.456811e-05 3.853865e-03
+2.413271e-05 3.438281e-03
-2.039327e-05 3.331250e-03
+2.913347e-06 2.418240e-03
-6.243834e-06 2.199558e-03
-5.531304e+00 2.350900e+01
+4.609451e+00 2.030968e+01
-1.534874e+00 3.270190e+01
-4.396667e+00 3.593306e+01
-3.742944e-01 2.935000e+01
-8.933250e-01 2.936182e+01
-5.993657e-01 3.138597e+01
-4.857566e+00 3.273223e+01
-2.560881e+00 3.167261e+01
-9.249460e-01 3.115150e+01
-2.085446e-01 2.796079e+01
+2.107784e+00 2.770137e+01
+2.026256e+01 2.960328e+00
+1.315670e-04 8.182125e-01
-3.468791e-04 8.388737e-01
-1.762218e-06 1.254660e+00
-4.591671e-04 1.593855e+00
-5.475523e-04 1.583744e+00
+4.716049e-04 1.633018e+00
+4.242945e-04 1.842386e+00
+4.117583e-06 1.860514e+00
+2.658499e-04 1.910018e+00
-2.985037e-04 1.814936e+00
-8.861570e-04 1.767284e+00
-7.949921e-04 1.616684e+00
-7.972330e-05 5.196640e-02
+1.230701e-05 1.232227e-01
-3.116183e-05 1.412954e-01
+5.846779e-05 2.075330e-01
+5.412754e-05 2.676313e-01
-3.492198e-05 2.833864e-01
-5.506448e-05 3.011408e-01
-2.122598e-05 3.434008e-01
+1.177160e-04 3.498257e-01
-3.166289e-05 3.599077e-01
-1.251761e-04 3.424145e-01
+3.982154e-05 3.357911e-01
+1.403395e-04 3.049011e-01
-1.562786e-05 8.211163e-03
-2.160504e-01 3.441679e+02
+2.817483e-01 2.361694e+02
-1.661020e-01 7.049482e+01
+2.120442e-01 4.550833e+01
+1.090274e-01 3.466101e+01
-3.120326e-01 2.707056e+01
-4.033920e-01 2.419069e+01
+2.705637e-01 2.285308e+01
-6.949189e-02 1.824343e+01
-2.498482e-02 1.661282e+01
-2.225069e-03 2.706892e-02
-4.254768e-04 1.075257e-02
+4.766158e-03 1.433375e-01
-3.668367e-03 8.583568e-02
-1.030545e-03 3.051680e-02
-4.097804e-03 4.904717e-02
-1.653027e-03 4.130773e-02
+4.679580e-04 4.285150e-02
+1.651967e-03 3.125657e-02
+4.487850e-04 2.648745e-02
+1.756975e-05 2.650604e-03
-6.574916e-06 1.013907e-03
+1.599682e-05 9.168580e-03
-1.045532e-05 5.642182e-03
-5.863252e-06 2.081683e-03
+3.315945e-05 3.854993e-03
+2.615297e-05 3.439698e-03
-1.878415e-05 3.332804e-03
+3.363125e-06 2.419221e-03
-6.383746e-06 2.200764e-03
-5.531126e+00 2.350825e+01
+4.609096e+00 2.031159e+01
-1.534709e+00 3.269841e+01
-4.397123e+00 3.593545e+01
-3.748895e-01 2.934757e+01
-8.927143e-01 2.936510e+01
-5.989507e-01 3.138703e+01
-4.857599e+00 3.273065e+01
-2.560719e+00 3.167477e+01
-9.253535e-01 3.114710e+01
-2.093961e-01 2.796099e+01
+2.107124e+00 2.769909e+01
+2.026245e+01 2.960531e+00
+1.520975e-04 8.190478e-01
-3.291894e-04 8.396682e-01
+4.721964e-05 1.255564e+00
-3.486169e-04 1.594779e+00
-5.693387e-04 1.584423e+00
+3.998864e-04 1.634091e+00
+4.240204e-04 1.843338e+00
+1.621269e-04 1.861710e+00
+2.574328e-04 1.911301e+00
-4.293803e-04 1.816086e+00
-8.456571e-04 1.768437e+00
-6.677766e-04 1.617928e+00
-9.176076e-05 5.203849e-02
+7.180268e-06 1.233398e-01
+2.862923e-06 1.414919e-01
+4.927569e-05 2.078285e-01
+7.730829e-05 2.680323e-01
-2.168611e-05 2.838672e-01
-1.031317e-04 3.017149e-01
-2.463817e-05 3.440270e-01
+1.219182e-04 3.505152e-01
-1.916624e-05 3.606536e-01
-9.467784e-05 3.431104e-01
+3.706246e-05 3.364653e-01
+1.317891e-04 3.055669e-01
-5.568134e-06 8.226519e-03
-2.182639e-01 3.442244e+02
+2.813171e-01 2.361433e+02
-1.612884e-01 7.052138e+01
+2.083441e-01 4.553172e+01
+1.079795e-01 3.467302e+01
-3.161000e-01 2.705515e+01
-4.050194e-01 2.419092e+01
+2.710093e-01 2.285688e+01
-6.782676e-02 1.825051e+01
-2.454520e-02 1.662118e+01
-2.210842e-03 2.707442e-02
-4.320599e-04 1.075610e-02
+4.794571e-03 1.433425e-01
-3.686868e-03 8.583891e-02
-1.041778e-03 3.052271e-02
-4.062157e-03 4.905394e-02
-1.621720e-03 4.131668e-02
+4.482331e-04 4.285970e-02
+1.657609e-03 3.125871e-02
+4.408499e-04 2.648934e-02
+1.232748e-05 2.651475e-03
-5.085560e-06 1.014423e-03
+2.452832e-05 9.168944e-03
-1.577774e-05 5.642582e-03
-9.787459e-06 2.082339e-03
+3.075755e-05 3.855477e-03
+2.660766e-05 3.440344e-03
-1.749704e-05 3.333493e-03
+4.626033e-06 2.419575e-03
-6.665870e-06 2.201200e-03
-5.530997e+00 2.350807e+01
+4.608750e+00 2.031354e+01
-1.534795e+00 3.269424e+01
-4.397326e+00 3.593846e+01
-3.753166e-01 2.934370e+01
-8.925299e-01 2.936583e+01
-5.987693e-01 3.139091e+01
-4.857189e+00 3.272905e+01
-2.560181e+00 3.167185e+01
-9.256668e-01 3.114102e+01
-2.102761e-01 2.795891e+01
+2.106366e+00 2.769838e+01
+2.026235e+01 2.960854e+00
+1.521878e-04 8.196338e-01
-2.940105e-04 8.402425e-01
+8.331949e-05 1.256268e+00
-2.703560e-04 1.595779e+00
-5.678221e-04 1.585211e+00
+2.630638e-04 1.635210e+00
+3.711372e-04 1.844525e+00
+2.586566e-04 1.863153e+00
+2.697856e-04 1.912890e+00
-4.601539e-04 1.817349e+00
-8.382837e-04 1.769633e+00
-5.566492e-04 1.619250e+00
-8.919313e-05 5.209353e-02
+4.307275e-06 1.234025e-01
+2.142244e-05 1.416011e-01
+5.410088e-05 2.079948e-01
+6.532547e-05 2.682762e-01
-2.260254e-05 2.841494e-01
-1.347981e-04 3.020659e-01
-2.415839e-05 3.443939e-01
+8.346850e-05 3.509560e-01
-4.446729e-05 3.611028e-01
-5.879398e-05 3.435146e-01
+3.576973e-05 3.368737e-01
+1.094638e-04 3.059522e-01
+5.271579e-06 8.234481e-03
-2.204648e-01 3.442804e+02
+2.808802e-01 2.361173e+02
-1.564773e-01 7.054775e+01
+2.046470e-01 4.555502e+01
+1.069302e-01 3.468503e+01
-3.201330e-01 2.703995e+01
-4.066139e-01 2.419115e+01
+2.714439e-01 2.286079e+01
-6.616793e-02 1.825757e+01
-2.411005e-02 1.662949e+01
-2.203323e-03 2.707198e-02
-4.357203e-04 1.075506e-02
+4.823931e-03 1.433385e-01
-3.705830e-03 8.583540e-02
-1.053732e-03 3.052148e-02
-4.036314e-03 4.905365e-02
-1.597859e-03 4.131727e-02
+4.329134e-04 4.285968e-02
+1.663354e-03 3.125715e-02
+4.344386e-04 2.648715e-02
+8.898184e-06 2.651499e-03
-4.530182e-06 1.014465e-03
+3.280941e-05 9.168822e-03
-2.136067e-05 5.642513e-03
-1.315203e-05 2.082404e-03
+2.885355e-05 3.855546e-03
+2.644219e-05 3.440490e-03
-1.718283e-05 3.333621e-03
+6.825907e-06 2.419580e-03
-7.289871e-06 2.201212e-03
-5.530868e+00 2.350790e+01
+4.608404e+00 2.031550e+01
-1.534882e+00 3.269007e+01
-4.397529e+00 3.594148e+01
-3.757437e-01 2.933984e+01
-8.923456e-01 2.936656e+01
-5.985878e-01 3.139478e+01
-4.856779e+00 3.272744e+01
-2.559644e+00 3.166894e+01
-9.259801e-01 3.113493e+01
-2.111562e-01 2.795684e+01
+2.105609e+00 2.769767e+01
+2.026224e+01 2.961178e+00
+1.522780e-04 8.202197e-01
-2.588317e-04 8.408168e-01
+1.194193e-04 1.256973e+00
-1.920950e-04 1.596779e+00
-5.663055e-04 1.585999e+00
+1.262411e-04 1.636329e+00
+3.182540e-04 1.845712e+00
+3.551863e-04 1.864597e+00
+2.821384e-04 1.914478e+00
-4.909276e-04 1.818611e+00
-8.309102e-04 1.770829e+00
-4.455218e-04 1.620573e+00
-8.662550e-05 5.214858e-02
+1.434281e-06 1.234652e-01
+3.998195e-05 1.417103e-01
+5.892608e-05 2.081611e-01
+5.334265e-05 2.685201e-01
-2.351897e-05 2.844316e-01
-1.664646e-04 3.024169e-01
-2.367861e-05 3.447608e-01
+4.501879e-05 3.513968e-01
-6.976834e-05 3.615520e-01
-2.291012e-05 3.439189e-01
+3.447700e-05 3.372822e-01
+8.713855e-05 3.063375e-01
+1.611129e-05 8.242443e-03
-2.226658e-01 3.443364e+02
+2.804434e-01 2.360913e+02
-1.516661e-01 7.057408e+01
+2.009498e-01 4.557828e+01
+1.058808e-01 3.469704e+01
-3.241659e-01 2.702471e+01
-4.082083e-01 2.419138e+01
+2.718785e-01 2.286470e+01
-6.450909e-02 1.826462e+01
-2.367490e-02 1.663780e+01
-2.195805e-03 2.706954e-02
-4.393807e-04 1.075403e-02
+4.853290e-03 1.433345e-01
-3.724792e-03 8.583189e-02
-1.065687e-03 3.052026e-02
-4.010471e-03 4.905337e-02
-1.573998e-03 4.131785e-02
+4.175937e-04 4.285965e-02
+1.669099e-03 3.125559e-02
+4.280274e-04 2.648495e-02
+5.468886e-06 2.651524e-03
-3.974804e-06 1.014507e-03
+4.109051e-05 9.168699e-03
-2.694359e-05 5.642443e-03
-1.651659e-05 2.082469e-03
+2.694954e-05 3.855616e-03
+2.627673e-05 3.440636e-03
-1.686863e-05 3.333750e-03
+9.025780e-06 2.419586e-03
-7.913872e-06 2.201224e-03
-5.530712e+00 2.350810e+01
+4.608018e+00 2.031557e+01
-1.534856e+00 3.268666e+01
-4.397711e+00 3.594288e+01
-3.760970e-01 2.933423e+01
-8.923764e-01 2.936746e+01
-5.984955e-01 3.139984e+01
-4.856234e+00 3.272927e+01
-2.559330e+00 3.167168e+01
-9.263377e-01 3.113139e+01
-2.120527e-01 2.795981e+01
+2.104913e+00 2.769712e+01
+2.026214e+01 2.961467e+00
+1.691287e-04 8.202368e-01
-2.290776e-04 8.407447e-01
+1.941302e-04 1.256802e+00
-9.633391e-05 1.596795e+00
-5.638062e-04 1.585673e+00
-4.383635e-05 1.636084e+00
+2.608857e-04 1.845467e+00
+4.223495e-04 1.864597e+00
+2.728349e-04 1.914478e+00
-5.106527e-04 1.818502e+00
-8.634123e-04 1.770493e+00
-3.951601e-04 1.620406e+00
-8.634626e-05 5.214909e-02
-2.304720e-06 1.234488e-01
+6.276039e-05 1.416816e-01
+5.199753e-05 2.081305e-01
+4.066470e-05 2.685125e-01
-1.898555e-05 2.843913e-01
-1.830353e-04 3.023799e-01
-1.806262e-05 3.446901e-01
+8.990929e-06 3.514006e-01
-9.952405e-05 3.615244e-01
+2.038196e-05 3.438326e-01
+2.590316e-05 3.372446e-01
+5.171146e-05 3.063199e-01
+2.720655e-05 8.242730e-03
-2.248661e-01 3.443929e+02
+2.800065e-01 2.360654e+02
-1.467935e-01 7.060032e+01
+1.972122e-01 4.560157e+01
+1.048081e-01 3.470924e+01
-3.281812e-01 2.700953e+01
-4.097868e-01 2.419172e+01
+2.722937e-01 2.286870e+01
-6.283396e-02 1.827164e+01
-2.324778e-02 1.664621e+01
-2.188097e-03 2.705523e-02
-4.444673e-04 1.074679e-02
+4.900846e-03 1.433156e-01
-3.756208e-03 8.581688e-02
-1.084351e-03 3.051003e-02
-3.979379e-03 4.904558e-02
-1.544678e-03 4.131100e-02
+3.973635e-04 4.285146e-02
+1.680352e-03 3.124823e-02
+4.187469e-04 2.647594e-02
+2.005714e-06 2.651057e-03
-4.521528e-06 1.014290e-03
+5.038712e-05 9.168263e-03
-3.362699e-05 5.642098e-03
-2.009219e-05 2.082250e-03
+2.537024e-05 3.855433e-03
+2.698390e-05 3.440513e-03
-1.627121e-05 3.333598e-03
+1.203757e-05 2.419398e-03
-9.082763e-06 2.200994e-03
-5.530583e+00 2.350842e+01
+4.607609e+00 2.031661e+01
-1.534748e+00 3.268143e+01
-4.397981e+00 3.594444e+01
-3.766151e-01 2.932767e+01
-8.924894e-01 2.936365e+01
-5.986278e-01 3.140444e+01
-4.855774e+00 3.272662e+01
-2.558899e+00 3.166927e+01
-9.266141e-01 3.112850e+01
-2.126441e-01 2.796263e+01
+2.104372e+00 2.769879e+01
+2.026204e+01 2.961712e+00
+1.967961e-04 8.200366e-01
-1.826641e-04 8.405007e-01
+2.588992e-04 1.256534e+00
-7.489747e-06 1.596772e+00
-5.787489e-04 1.585578e+00
-1.824134e-04 1.636225e+00
+2.463743e-04 1.845558e+00
+4.777510e-04 1.864734e+00
+2.449874e-04 1.914665e+00
-4.840919e-04 1.818901e+00
-9.168826e-04 1.770623e+00
-4.208177e-04 1.620601e+00
-8.080744e-05 5.213447e-02
-9.504347e-06 1.233688e-01
+8.516873e-05 1.415624e-01
+2.526724e-05 2.079760e-01
+3.119761e-05 2.683646e-01
+3.862734e-07 2.841608e-01
-1.811261e-04 3.020971e-01
-1.058864e-05 3.443657e-01
-1.927390e-05 3.511444e-01
-1.393268e-04 3.611647e-01
+6.215991e-05 3.434955e-01
+1.751816e-05 3.369294e-01
+2.605220e-05 3.060608e-01
+3.854364e-05 8.236052e-03
-2.270659e-01 3.444500e+02
+2.795674e-01 2.360393e+02
-1.418598e-01 7.062636e+01
+1.934338e-01 4.562482e+01
+1.037124e-01 3.472154e+01
-3.321790e-01 2.699435e+01
-4.113484e-01 2.419212e+01
+2.726907e-01 2.287272e+01
-6.114164e-02 1.827859e+01
-2.282933e-02 1.665465e+01
-2.180253e-03 2.704057e-02
-4.524862e-04 1.073985e-02
+4.960177e-03 1.432891e-01
-3.796427e-03 8.579712e-02
-1.107039e-03 3.049864e-02
-3.944854e-03 4.903594e-02
-1.510740e-03 4.130283e-02
+3.751724e-04 4.284156e-02
+1.696161e-03 3.124013e-02
+4.068855e-04 2.646664e-02
-1.710642e-06 2.648705e-03
-6.054422e-06 1.013022e-03
+5.758170e-05 9.167051e-03
-3.942579e-05 5.640932e-03
-2.270332e-05 2.080907e-03
+2.326762e-05 3.854393e-03
+2.775507e-05 3.439439e-03
-1.469636e-05 3.332463e-03
+1.498047e-05 2.418459e-03
-1.041011e-05 2.199773e-03
-5.530357e+00 2.350770e+01
+4.607184e+00 2.031801e+01
-1.534489e+00 3.267638e+01
-4.398119e+00 3.594382e+01
-3.770459e-01 2.931868e+01
-8.927276e-01 2.936098e+01
-5.986702e-01 3.140948e+01
-4.855418e+00 3.272344e+01
-2.558635e+00 3.166801e+01
-9.268759e-01 3.112599e+01
-2.135874e-01 2.796524e+01
+2.103450e+00 2.770334e+01
+2.026194e+01 2.962011e+00
+2.147250e-04 8.198489e-01
-1.234856e-04 8.401239e-01
+2.698704e-04 1.256180e+00
+8.133723e-05 1.596764e+00
-5.577213e-04 1.585543e+00
-2.612619e-04 1.636334e+00
+2.361155e-04 1.845687e+00
+5.511427e-04 1.865049e+00
+2.041386e-04 1.915005e+00
-4.436329e-04 1.819318e+00
-9.962744e-04 1.770806e+00
-4.739746e-04 1.620918e+00
-7.662068e-05 5.212133e-02
-2.854440e-05 1.232267e-01
+1.099449e-04 1.413972e-01
-1.155204e-05 2.077454e-01
+7.253279e-06 2.681274e-01
+2.746250e-05 2.838412e-01
-1.806063e-04 3.017019e-01
-1.433862e-05 3.439103e-01
-4.062571e-05 3.507575e-01
-1.558453e-04 3.606460e-01
+8.966961e-05 3.430929e-01
+3.197862e-05 3.364622e-01
+4.019361e-05 3.056508e-01
+5.095172e-05 8.223186e-03
-2.292650e-01 3.445073e+02
+2.791222e-01 2.360131e+02
-1.368656e-01 7.065214e+01
+1.896136e-01 4.564801e+01
+1.025946e-01 3.473390e+01
-3.361592e-01 2.697914e+01
-4.128912e-01 2.419254e+01
+2.730722e-01 2.287672e+01
-5.943037e-02 1.828548e+01
-2.242090e-02 1.666311e+01
-2.172647e-03 2.703341e-02
-4.645494e-04 1.073729e-02
+5.018699e-03 1.432681e-01
-3.837747e-03 8.578227e-02
-1.128770e-03 3.049303e-02
-3.910422e-03 4.903006e-02
-1.474748e-03 4.129866e-02
+3.553778e-04 4.283591e-02
+1.713752e-03 3.123557e-02
+3.935901e-04 2.646199e-02
-6.080113e-06 2.644246e-03
-7.659165e-06 1.010573e-03
+5.964081e-05 9.164805e-03
-4.221032e-05 5.638719e-03
-2.332760e-05 2.078201e-03
+1.984940e-05 3.852344e-03
+2.742602e-05 3.437303e-03
-1.217030e-05 3.330197e-03
+1.660155e-05 2.416625e-03
-1.128795e-05 2.197380e-03
-5.530112e+00 2.350725e+01
+4.606831e+00 2.031785e+01
-1.534299e+00 3.267281e+01
-4.398348e+00 3.594345e+01
-3.775706e-01 2.931020e+01
-8.928533e-01 2.935856e+01
-5.985878e-01 3.141424e+01
-4.855001e+00 3.271946e+01
-2.558492e+00 3.166517e+01
-9.269357e-01 3.112459e+01
-2.144679e-01 2.796640e+01
+2.102370e+00 2.770743e+01
+2.026186e+01 2.962272e+00
+2.286003e-04 8.196452e-01
-7.525250e-05 8.397187e-01
+2.280373e-04 1.255838e+00
+1.949771e-04 1.596872e+00
-4.799955e-04 1.585545e+00
-2.942025e-04 1.636351e+00
+2.307778e-04 1.845850e+00
+6.396712e-04 1.865251e+00
+1.087273e-04 1.914838e+00
-4.121693e-04 1.819800e+00
-1.081699e-03 1.770942e+00
-4.949256e-04 1.621213e+00
-7.169295e-05 5.210436e-02
-5.380933e-05 1.230645e-01
+1.318339e-04 1.412305e-01
-3.788561e-05 2.074848e-01
-2.564739e-05 2.678811e-01
+5.286801e-05 2.835485e-01
-2.110064e-04 3.013316e-01
-2.963622e-05 3.434810e-01
-7.284020e-05 3.503909e-01
-1.422302e-04 3.602003e-01
+1.034486e-04 3.427527e-01
+6.678806e-05 3.360353e-01
+8.459967e-05 3.052775e-01
+6.241338e-05 8.209905e-03
-2.314635e-01 3.445649e+02
+2.786654e-01 2.359865e+02
-1.318121e-01 7.067758e+01
+1.857500e-01 4.567119e+01
+1.014560e-01 3.474626e+01
-3.401222e-01 2.696386e+01
-4.144123e-01 2.419296e+01
+2.734419e-01 2.288064e+01
-5.769764e-02 1.829233e+01
-2.202437e-02 1.667159e+01
-2.166093e-03 2.701900e-02
-4.802343e-04 1.073079e-02
+5.076213e-03 1.432448e-01
-3.880321e-03 8.576481e-02
-1.149513e-03 3.048392e-02
-3.875936e-03 4.902093e-02
-1.436733e-03 4.129080e-02
+3.368168e-04 4.282637e-02
+1.732861e-03 3.122839e-02
+3.787848e-04 2.645393e-02
-1.146939e-05 2.641193e-03
-8.095399e-06 1.008914e-03
+5.913745e-05 9.162978e-03
-4.342853e-05 5.637012e-03
-2.312545e-05 2.076261e-03
+1.593469e-05 3.850856e-03
+2.613026e-05 3.435861e-03
-1.072252e-05 3.328632e-03
+1.697033e-05 2.415302e-03
-1.174142e-05 2.195689e-03
