-6.958222e+00 1.224706e+01
+4.087976e+00 1.545371e+01
-2.829959e+00 2.199006e+01
-5.728560e+00 2.599589e+01
-4.149112e-01 2.470086e+01
-1.258230e+00 2.719510e+01
-8.507461e-01 2.914384e+01
-6.357617e+00 2.968044e+01
-3.162702e+00 3.084671e+01
-1.257225e+00 3.087732e+01
-3.995208e-01 2.804092e+01
+2.580398e+00 2.799443e+01
+2.324876e+01 1.077268e+00
+1.047955e-04 4.986945e-01
+8.558426e-05 6.572658e-01
-8.260931e-05 9.108089e-01
-2.367815e-04 1.110542e+00
-2.828092e-04 1.265464e+00
+6.952446e-04 1.451337e+00
+6.707816e-04 1.648970e+00
+2.290160e-04 1.663593e+00
+7.671779e-04 1.790729e+00
+2.176771e-04 1.720247e+00
-6.582707e-04 1.695714e+00
-7.953967e-04 1.568637e+00
-2.994240e-05 3.758673e-02
-9.836714e-06 8.327524e-02
-1.313152e-04 1.164462e-01
-1.736869e-05 1.633381e-01
-1.540366e-04 2.023911e-01
+1.381627e-05 2.367640e-01
-3.338596e-05 2.729605e-01
-1.198193e-04 3.121374e-01
-2.991921e-05 3.187230e-01
-3.199404e-05 3.412294e-01
-7.226347e-05 3.273783e-01
+1.196298e-05 3.246011e-01
-6.931197e-06 2.988249e-01
-1.088089e-05 6.925999e-03
-2.092769e-01 3.439957e+02
+2.829828e-01 2.362485e+02
-1.805621e-01 7.041409e+01
+2.231531e-01 4.543739e+01
+1.121851e-01 3.462519e+01
-2.996337e-01 2.711752e+01
-3.983597e-01 2.419030e+01
+2.691382e-01 2.284203e+01
-7.448914e-02 1.822201e+01
-2.633516e-02 1.658777e+01
-2.303396e-03 2.704348e-02
-3.872409e-04 1.073676e-02
+4.686655e-03 1.433054e-01
-3.608649e-03 8.581089e-02
-1.006417e-03 3.048764e-02
-4.222186e-03 4.901423e-02
-1.743738e-03 4.126448e-02
+5.478944e-04 4.280784e-02
+1.619559e-03 3.124385e-02
+4.799552e-04 2.647469e-02
+2.649414e-05 2.643010e-03
-9.760124e-06 1.009583e-03
-1.155645e-05 9.165225e-03
+3.936043e-06 5.638856e-03
+4.333728e-06 2.076730e-03
+3.200324e-05 3.851642e-03
+1.807519e-05 3.435433e-03
-2.111433e-05 3.328284e-03
+8.519317e-08 2.416339e-03
-4.956703e-06 2.197127e-03
-6.958109e+00 1.224660e+01
+4.087967e+00 1.545780e+01
-2.830009e+00 2.198853e+01
-5.729083e+00 2.599644e+01
-4.151255e-01 2.469928e+01
-1.257854e+00 2.719419e+01
-8.506187e-01 2.914763e+01
-6.357596e+00 2.968600e+01
-3.162124e+00 3.084469e+01
-1.257036e+00 3.087035e+01
-4.001025e-01 2.804313e+01
+2.579546e+00 2.799094e+01
+2.324875e+01 1.077185e+00
+1.374001e-04 4.993726e-01
-2.744018e-05 6.582158e-01
+1.564669e-05 9.119993e-01
-4.044129e-04 1.111713e+00
-3.541674e-04 1.266196e+00
+6.229777e-04 1.452385e+00
+5.882656e-04 1.650287e+00
+1.118283e-04 1.664907e+00
+6.281145e-04 1.792059e+00
+1.774936e-04 1.721635e+00
-6.584863e-04 1.697110e+00
-8.465608e-04 1.569988e+00
-3.564409e-05 3.766609e-02
-1.799683e-06 8.348260e-02
-1.421779e-04 1.167690e-01
+1.300401e-05 1.637497e-01
-9.865819e-05 2.028774e-01
-1.674973e-05 2.373366e-01
-3.025138e-05 2.736893e-01
-8.722681e-05 3.129314e-01
-3.425144e-06 3.195473e-01
-7.374985e-05 3.420629e-01
-1.289925e-04 3.281991e-01
-1.352123e-05 3.254513e-01
+2.703118e-05 2.995990e-01
-1.550592e-05 6.947736e-03
-2.115639e-01 3.440533e+02
+2.825847e-01 2.362219e+02
-1.757382e-01 7.044114e+01
+2.194501e-01 4.546115e+01
+1.111275e-01 3.463703e+01
-3.037986e-01 2.710176e+01
-4.000563e-01 2.419029e+01
+2.696313e-01 2.284568e+01
-7.282787e-02 1.822916e+01
-2.587863e-02 1.659604e+01
-2.273844e-03 2.705695e-02
-4.024441e-04 1.074480e-02
+4.711958e-03 1.433183e-01
-3.629671e-03 8.582195e-02
-1.013356e-03 3.050052e-02
-4.180768e-03 4.902708e-02
-1.716238e-03 4.128133e-02
+5.187071e-04 4.282589e-02
+1.633038e-03 3.125023e-02
+4.685831e-04 2.648156e-02
+2.651508e-05 2.644932e-03
-9.800734e-06 1.010686e-03
-1.905812e-06 9.166090e-03
-8.610914e-07 5.639685e-03
+1.970784e-06 2.077953e-03
+3.365997e-05 3.852519e-03
+2.057237e-05 3.436578e-03
-2.122435e-05 3.329431e-03
+2.315933e-06 2.417039e-03
-5.827449e-06 2.198063e-03
-6.957991e+00 1.224622e+01
+4.087678e+00 1.546118e+01
-2.829884e+00 2.198808e+01
-5.729703e+00 2.599820e+01
-4.154954e-01 2.469781e+01
-1.257568e+00 2.719220e+01
-8.503885e-01 2.915111e+01
-6.357601e+00 2.969249e+01
-3.161631e+00 3.084369e+01
-1.256693e+00 3.086489e+01
-4.008270e-01 2.804461e+01
+2.578655e+00 2.798800e+01
+2.324873e+01 1.077143e+00
+1.668659e-04 5.000171e-01
-1.729511e-04 6.591522e-01
+8.329322e-05 9.130973e-01
-4.635953e-04 1.112679e+00
-4.362014e-04 1.266961e+00
+6.077727e-04 1.453516e+00
+5.658822e-04 1.651384e+00
+4.881373e-05 1.665854e+00
+4.216899e-04 1.793229e+00
+2.855093e-05 1.722786e+00
-6.783313e-04 1.698262e+00
-8.385513e-04 1.571332e+00
-5.575691e-05 3.774264e-02
+2.471376e-06 8.369911e-02
-1.148296e-04 1.170862e-01
+1.753801e-05 1.641890e-01
-1.033691e-05 2.033993e-01
-2.362292e-05 2.378928e-01
-3.742117e-05 2.743889e-01
-5.154538e-05 3.137537e-01
+5.214159e-05 3.204106e-01
-8.729640e-05 3.429591e-01
-1.867706e-04 3.290786e-01
-3.276795e-05 3.263767e-01
+6.988542e-05 3.004149e-01
-1.801355e-05 6.969815e-03
-2.138196e-01 3.441107e+02
+2.821719e-01 2.361956e+02
-1.709184e-01 7.046806e+01
+2.157466e-01 4.548481e+01
+1.100757e-01 3.464899e+01
-3.079317e-01 2.708610e+01
-4.017355e-01 2.419045e+01
+2.701053e-01 2.284936e+01
-7.116049e-02 1.823630e+01
-2.542907e-02 1.660441e+01
-2.246800e-03 2.706289e-02
-4.154293e-04 1.074864e-02
+4.738661e-03 1.433276e-01
-3.649605e-03 8.582907e-02
-1.020964e-03 3.050867e-02
-4.139571e-03 4.903698e-02
-1.686799e-03 4.129448e-02
+4.919728e-04 4.283905e-02
+1.644352e-03 3.125350e-02
+4.581991e-04 2.648470e-02
+2.317411e-05 2.648093e-03
-8.509395e-06 1.012477e-03
+7.200438e-06 9.167477e-03
-5.513849e-06 5.641051e-03
-1.679929e-06 2.079995e-03
+3.456811e-05 3.853865e-03
+2.413271e-05 3.438281e-03
-2.039327e-05 3.331250e-03
+2.913347e-06 2.418240e-03
-6.243834e-06 2.199558e-03
-6.957806e+00 1.224529e+01
+4.087297e+00 1.546472e+01
-2.829658e+00 2.198617e+01
-5.730245e+00 2.600061e+01
-4.161956e-01 2.469158e+01
-1.257210e+00 2.719415e+01
-8.499358e-01 2.915166e+01
-6.357569e+00 2.969668e+01
-3.161673e+00 3.084461e+01
-1.257053e+00 3.086046e+01
-4.011555e-01 2.804553e+01
+2.578127e+00 2.798249e+01
+2.324868e+01 1.077090e+00
+1.786819e-04 5.007823e-01
-2.733605e-04 6.601244e-01
+1.311620e-04 9.141130e-01
-3.657413e-04 1.113797e+00
-4.748893e-04 1.267687e+00
+5.492524e-04 1.454825e+00
+5.525822e-04 1.652370e+00
+1.519537e-04 1.667181e+00
+3.245147e-04 1.794400e+00
-1.810504e-04 1.723960e+00
-7.479105e-04 1.699524e+00
-7.869117e-04 1.572647e+00
-7.943673e-05 3.781617e-02
+6.269005e-07 8.388688e-02
-6.563623e-05 1.173767e-01
+1.219040e-05 1.646106e-01
+5.993146e-05 2.039242e-01
-1.592568e-06 2.384581e-01
-5.533799e-05 2.750959e-01
-3.658135e-05 3.145816e-01
+8.982562e-05 3.212684e-01
-6.169175e-05 3.439120e-01
-1.968649e-04 3.299698e-01
-5.561210e-05 3.272674e-01
+8.609026e-05 3.012393e-01
-1.514210e-05 6.991238e-03
-2.160504e-01 3.441679e+02
+2.817483e-01 2.361694e+02
-1.661020e-01 7.049482e+01
+2.120442e-01 4.550833e+01
+1.090274e-01 3.466101e+01
-3.120326e-01 2.707056e+01
-4.033920e-01 2.419069e+01
+2.705637e-01 2.285308e+01
-6.949189e-02 1.824343e+01
-2.498482e-02 1.661282e+01
-2.225069e-03 2.706892e-02
-4.254768e-04 1.075257e-02
+4.766158e-03 1.433375e-01
-3.668367e-03 8.583568e-02
-1.030545e-03 3.051680e-02
-4.097804e-03 4.904717e-02
-1.653027e-03 4.130773e-02
+4.679580e-04 4.285150e-02
+1.651967e-03 3.125657e-02
+4.487850e-04 2.648745e-02
+1.756975e-05 2.650604e-03
-6.574916e-06 1.013907e-03
+1.599682e-05 9.168580e-03
-1.045532e-05 5.642182e-03
-5.863252e-06 2.081683e-03
+3.315945e-05 3.854993e-03
+2.615297e-05 3.439698e-03
-1.878415e-05 3.332804e-03
+3.363125e-06 2.419221e-03
-6.383746e-06 2.200764e-03
-6.957600e+00 1.224485e+01
+4.086919e+00 1.546647e+01
-2.829446e+00 2.198349e+01
-5.730574e+00 2.600312e+01
-4.166983e-01 2.468912e+01
-1.256595e+00 2.719664e+01
-8.494206e-01 2.915221e+01
-6.357472e+00 2.969684e+01
-3.161488e+00 3.084877e+01
-1.257438e+00 3.085501e+01
-4.020185e-01 2.804674e+01
+2.577358e+00 2.798039e+01
+2.324857e+01 1.077156e+00
+1.872809e-04 5.016361e-01
-2.741572e-04 6.610890e-01
+1.468941e-04 9.151598e-01
-2.497664e-04 1.114973e+00
-4.657925e-04 1.268433e+00
+4.818785e-04 1.456005e+00
+5.321173e-04 1.653578e+00
+2.544961e-04 1.668568e+00
+2.673687e-04 1.795872e+00
-3.987008e-04 1.725239e+00
-8.085491e-04 1.700874e+00
-6.952290e-04 1.574076e+00
-9.129187e-05 3.788996e-02
-2.400476e-07 8.401191e-02
-1.559467e-05 1.175872e-01
+1.640190e-05 1.649184e-01
+7.600413e-05 2.043354e-01
+1.193008e-05 2.389345e-01
-8.985937e-05 2.756842e-01
-3.484335e-05 3.152254e-01
+8.694242e-05 3.219704e-01
-4.994592e-05 3.446721e-01
-1.675170e-04 3.306659e-01
-4.953201e-05 3.279672e-01
+9.484350e-05 3.019171e-01
-5.091548e-06 7.006687e-03
-2.182639e-01 3.442244e+02
+2.813171e-01 2.361433e+02
-1.612884e-01 7.052138e+01
+2.083441e-01 4.553172e+01
+1.079795e-01 3.467302e+01
-3.161000e-01 2.705515e+01
-4.050194e-01 2.419092e+01
+2.710093e-01 2.285688e+01
-6.782676e-02 1.825051e+01
-2.454520e-02 1.662118e+01
-2.210842e-03 2.707442e-02
-4.320599e-04 1.075610e-02
+4.794571e-03 1.433425e-01
-3.686868e-03 8.583891e-02
-1.041778e-03 3.052271e-02
-4.062157e-03 4.905394e-02
-1.621720e-03 4.131668e-02
+4.482331e-04 4.285970e-02
+1.657609e-03 3.125871e-02
+4.408499e-04 2.648934e-02
+1.232748e-05 2.651475e-03
-5.085560e-06 1.014423e-03
+2.452832e-05 9.168944e-03
-1.577774e-05 5.642582e-03
-9.787459e-06 2.082339e-03
+3.075755e-05 3.855477e-03
+2.660766e-05 3.440344e-03
-1.749704e-05 3.333493e-03
+4.626033e-06 2.419575e-03
-6.665870e-06 2.201200e-03
-6.957453e+00 1.224462e+01
+4.086665e+00 1.546784e+01
-2.829383e+00 2.197954e+01
-5.730639e+00 2.600705e+01
-4.170046e-01 2.468452e+01
-1.256221e+00 2.719548e+01
-8.490576e-01 2.915521e+01
-6.357009e+00 2.969718e+01
-3.160954e+00 3.084727e+01
-1.257777e+00 3.085032e+01
-4.029508e-01 2.804568e+01
+2.576566e+00 2.797853e+01
+2.324847e+01 1.077307e+00
+1.855900e-04 5.022289e-01
-2.457626e-04 6.618066e-01
+1.576263e-04 9.159547e-01
-1.805069e-04 1.116125e+00
-4.283966e-04 1.269248e+00
+3.768300e-04 1.457234e+00
+4.863096e-04 1.654888e+00
+3.237908e-04 1.670139e+00
+2.620218e-04 1.797538e+00
-4.991816e-04 1.726590e+00
-8.815003e-04 1.702133e+00
-6.165815e-04 1.575546e+00
-8.857927e-05 3.794630e-02
+2.551538e-06 8.407955e-02
+1.343625e-05 1.176991e-01
+2.876235e-05 1.650876e-01
+5.279207e-05 2.045839e-01
+7.435972e-06 2.392141e-01
-1.177105e-04 2.760433e-01
-3.308401e-05 3.156019e-01
+4.599189e-05 3.224121e-01
-7.484589e-05 3.451165e-01
-1.252786e-04 3.310695e-01
-2.377104e-05 3.283976e-01
+9.589123e-05 3.023160e-01
+5.731644e-06 7.014729e-03
-2.204648e-01 3.442804e+02
+2.808802e-01 2.361173e+02
-1.564773e-01 7.054775e+01
+2.046470e-01 4.555502e+01
+1.069302e-01 3.468503e+01
-3.201330e-01 2.703995e+01
-4.066139e-01 2.419115e+01
+2.714439e-01 2.286079e+01
-6.616793e-02 1.825757e+01
-2.411005e-02 1.662949e+01
-2.203323e-03 2.707198e-02
-4.357203e-04 1.075506e-02
+4.823931e-03 1.433385e-01
-3.705830e-03 8.583540e-02
-1.053732e-03 3.052148e-02
-4.036314e-03 4.905365e-02
-1.597859e-03 4.131727e-02
+4.329134e-04 4.285968e-02
+1.663354e-03 3.125715e-02
+4.344386e-04 2.648715e-02
+8.898184e-06 2.651499e-03
-4.530182e-06 1.014465e-03
+3.280941e-05 9.168822e-03
-2.136067e-05 5.642513e-03
-1.315203e-05 2.082404e-03
+2.885355e-05 3.855546e-03
+2.644219e-05 3.440490e-03
-1.718283e-05 3.333621e-03
+6.825907e-06 2.419580e-03
-7.289871e-06 2.201212e-03
-6.957307e+00 1.224438e+01
+4.086410e+00 1.546922e+01
-2.829320e+00 2.197559e+01
-5.730703e+00 2.601098e+01
-4.173110e-01 2.467993e+01
-1.255846e+00 2.719431e+01
-8.486946e-01 2.915822e+01
-6.356546e+00 2.969753e+01
-3.160420e+00 3.084577e+01
-1.258117e+00 3.084563e+01
-4.038831e-01 2.804463e+01
+2.575775e+00 2.797667e+01
+2.324836e+01 1.077457e+00
+1.838991e-04 5.028216e-01
-2.173681e-04 6.625243e-01
+1.683586e-04 9.167496e-01
-1.112473e-04 1.117277e+00
-3.910008e-04 1.270063e+00
+2.717815e-04 1.458463e+00
+4.405018e-04 1.656198e+00
+3.930856e-04 1.671709e+00
+2.566748e-04 1.799204e+00
-5.996623e-04 1.727941e+00
-9.544514e-04 1.703392e+00
-5.379340e-04 1.577016e+00
-8.586666e-05 3.800263e-02
+5.343124e-06 8.414720e-02
+4.246718e-05 1.178110e-01
+4.112279e-05 1.652569e-01
+2.958000e-05 2.048324e-01
+2.941861e-06 2.394938e-01
-1.455616e-04 2.764024e-01
-3.132467e-05 3.159784e-01
+5.041361e-06 3.228538e-01
-9.974587e-05 3.455608e-01
-8.304024e-05 3.314731e-01
+1.989926e-06 3.288280e-01
+9.693896e-05 3.027150e-01
+1.655484e-05 7.022770e-03
-2.226658e-01 3.443364e+02
+2.804434e-01 2.360913e+02
-1.516661e-01 7.057408e+01
+2.009498e-01 4.557828e+01
+1.058808e-01 3.469704e+01
-3.241659e-01 2.702471e+01
-4.082083e-01 2.419138e+01
+2.718785e-01 2.286470e+01
-6.450909e-02 1.826462e+01
-2.367490e-02 1.663780e+01
-2.195805e-03 2.706954e-02
-4.393807e-04 1.075403e-02
+4.853290e-03 1.433345e-01
-3.724792e-03 8.583189e-02
-1.065687e-03 3.052026e-02
-4.010471e-03 4.905337e-02
-1.573998e-03 4.131785e-02
+4.175937e-04 4.285965e-02
+1.669099e-03 3.125559e-02
+4.280274e-04 2.648495e-02
+5.468886e-06 2.651524e-03
-3.974804e-06 1.014507e-03
+4.109051e-05 9.168699e-03
-2.694359e-05 5.642443e-03
-1.651659e-05 2.082469e-03
+2.694954e-05 3.855616e-03
+2.627673e-05 3.440636e-03
-1.686863e-05 3.333750e-03
+9.025780e-06 2.419586e-03
-7.913872e-06 2.201224e-03
-6.957155e+00 1.224431e+01
+4.086046e+00 1.546841e+01
-2.829281e+00 2.197233e+01
-5.730836e+00 2.601314e+01
-4.175813e-01 2.467348e+01
-1.255756e+00 2.719378e+01
-8.485029e-01 2.916282e+01
-6.355931e+00 2.969995e+01
-3.160082e+00 3.084762e+01
-1.258559e+00 3.084339e+01
-4.049669e-01 2.804682e+01
+2.574951e+00 2.797648e+01
+2.324826e+01 1.077600e+00
+1.979584e-04 5.028339e-01
-1.838479e-04 6.625134e-01
+2.397484e-04 9.165695e-01
-1.940616e-05 1.117366e+00
-3.608781e-04 1.269710e+00
+1.377018e-04 1.458193e+00
+4.049310e-04 1.655999e+00
+4.350233e-04 1.671812e+00
+2.254575e-04 1.799096e+00
-7.058068e-04 1.727727e+00
-1.059517e-03 1.702948e+00
-5.117236e-04 1.576830e+00
-8.453376e-05 3.800325e-02
+9.476380e-06 8.413451e-02
+7.951342e-05 1.177765e-01
+4.493082e-05 1.652213e-01
+5.246243e-06 2.048210e-01
+1.430129e-06 2.394366e-01
-1.624808e-04 2.763739e-01
-2.967229e-05 3.159127e-01
-3.693038e-05 3.228610e-01
-1.331477e-04 3.455213e-01
-3.240697e-05 3.313952e-01
+2.797749e-05 3.288212e-01
+9.586677e-05 3.027080e-01
+2.725476e-05 7.023085e-03
-2.248661e-01 3.443929e+02
+2.800065e-01 2.360654e+02
-1.467935e-01 7.060032e+01
+1.972122e-01 4.560157e+01
+1.048081e-01 3.470924e+01
-3.281812e-01 2.700953e+01
-4.097868e-01 2.419172e+01
+2.722937e-01 2.286870e+01
-6.283396e-02 1.827164e+01
-2.324778e-02 1.664621e+01
-2.188097e-03 2.705523e-02
-4.444673e-04 1.074679e-02
+4.900846e-03 1.433156e-01
-3.756208e-03 8.581688e-02
-1.084351e-03 3.051003e-02
-3.979379e-03 4.904558e-02
-1.544678e-03 4.131100e-02
+3.973635e-04 4.285146e-02
+1.680352e-03 3.124823e-02
+4.187469e-04 2.647594e-02
+2.005714e-06 2.651057e-03
-4.521528e-06 1.014290e-03
+5.038712e-05 9.168263e-03
-3.362699e-05 5.642098e-03
-2.009219e-05 2.082250e-03
+2.537024e-05 3.855433e-03
+2.698390e-05 3.440513e-03
-1.627121e-05 3.333598e-03
+1.203757e-05 2.419398e-03
-9.082763e-06 2.200994e-03
-6.957030e+00 1.224434e+01
+4.085634e+00 1.546834e+01
-2.829124e+00 2.196781e+01
-5.730982e+00 2.601472e+01
-4.179407e-01 2.466674e+01
-1.255695e+00 2.718890e+01
-8.484989e-01 2.916616e+01
-6.355522e+00 2.969959e+01
-3.159739e+00 3.084546e+01
-1.259002e+00 3.084087e+01
-4.057515e-01 2.804907e+01
+2.574312e+00 2.797752e+01
+2.324818e+01 1.077705e+00
+2.238989e-04 5.026293e-01
-1.258254e-04 6.622621e-01
+3.068948e-04 9.162042e-01
+6.543488e-05 1.117302e+00
-3.640133e-04 1.269493e+00
+1.645084e-05 1.458170e+00
+3.911574e-04 1.656090e+00
+4.371558e-04 1.671949e+00
+1.527132e-04 1.799126e+00
-7.592759e-04 1.727874e+00
-1.137499e-03 1.702938e+00
-4.974816e-04 1.576922e+00
-7.931722e-05 3.798852e-02
+1.053961e-05 8.405426e-02
+1.152061e-04 1.176483e-01
+2.395027e-05 1.650596e-01
-1.995452e-05 2.046597e-01
+1.489588e-05 2.391859e-01
-1.587890e-04 2.760971e-01
-2.936159e-05 3.155873e-01
-6.537032e-05 3.226068e-01
-1.679003e-04 3.451421e-01
+2.504428e-05 3.310544e-01
+4.849967e-05 3.285157e-01
+9.705437e-05 3.024570e-01
+3.781866e-05 7.016375e-03
-2.270659e-01 3.444500e+02
+2.795674e-01 2.360393e+02
-1.418598e-01 7.062636e+01
+1.934338e-01 4.562482e+01
+1.037124e-01 3.472154e+01
-3.321790e-01 2.699435e+01
-4.113484e-01 2.419212e+01
+2.726907e-01 2.287272e+01
-6.114164e-02 1.827859e+01
-2.282933e-02 1.665465e+01
-2.180253e-03 2.704057e-02
-4.524862e-04 1.073985e-02
+4.960177e-03 1.432891e-01
-3.796427e-03 8.579712e-02
-1.107039e-03 3.049864e-02
-3.944854e-03 4.903594e-02
-1.510740e-03 4.130283e-02
+3.751724e-04 4.284156e-02
+1.696161e-03 3.124013e-02
+4.068855e-04 2.646664e-02
-1.710642e-06 2.648705e-03
-6.054422e-06 1.013022e-03
+5.758170e-05 9.167051e-03
-3.942579e-05 5.640932e-03
-2.270332e-05 2.080907e-03
+2.326762e-05 3.854393e-03
+2.775507e-05 3.439439e-03
-1.469636e-05 3.332463e-03
+1.498047e-05 2.418459e-03
-1.041011e-05 2.199773e-03
-6.956813e+00 1.224325e+01
+4.085272e+00 1.546904e+01
-2.828723e+00 2.196377e+01
-5.731008e+00 2.601445e+01
-4.182919e-01 2.465665e+01
-1.255765e+00 2.718607e+01
-8.483498e-01 2.916996e+01
-6.355146e+00 2.969678e+01
-3.159528e+00 3.084305e+01
-1.259474e+00 3.083866e+01
-4.068463e-01 2.805022e+01
+2.573319e+00 2.798106e+01
+2.324808e+01 1.077820e+00
+2.506072e-04 5.024472e-01
-3.997749e-05 6.618516e-01
+3.334008e-04 9.157345e-01
+1.481675e-04 1.117177e+00
-3.356077e-04 1.269276e+00
-5.655487e-05 1.458202e+00
+3.659504e-04 1.656169e+00
+4.540849e-04 1.672204e+00
+5.822291e-05 1.799326e+00
-7.971082e-04 1.728047e+00
-1.227890e-03 1.702987e+00
-4.878550e-04 1.577182e+00
-7.665882e-05 3.797566e-02
-1.282208e-06 8.390908e-02
+1.472547e-04 1.174689e-01
-1.583916e-05 1.648150e-01
-6.177028e-05 2.044005e-01
+4.247423e-05 2.388493e-01
-1.510559e-04 2.756870e-01
-3.694705e-05 3.151387e-01
-7.733691e-05 3.222099e-01
-1.691290e-04 3.445748e-01
+8.216952e-05 3.306183e-01
+8.149159e-05 3.280418e-01
+1.201020e-04 3.020370e-01
+4.923737e-05 7.003275e-03
-2.292650e-01 3.445073e+02
+2.791222e-01 2.360131e+02
-1.368656e-01 7.065214e+01
+1.896136e-01 4.564801e+01
+1.025946e-01 3.473390e+01
-3.361592e-01 2.697914e+01
-4.128912e-01 2.419254e+01
+2.730722e-01 2.287672e+01
-5.943037e-02 1.828548e+01
-2.242090e-02 1.666311e+01
-2.172647e-03 2.703341e-02
-4.645494e-04 1.073729e-02
+5.018699e-03 1.432681e-01
-3.837747e-03 8.578227e-02
-1.128770e-03 3.049303e-02
-3.910422e-03 4.903006e-02
-1.474748e-03 4.129866e-02
+3.553778e-04 4.283591e-02
+1.713752e-03 3.123557e-02
+3.935901e-04 2.646199e-02
-6.080113e-06 2.644246e-03
-7.659165e-06 1.010573e-03
+5.964081e-05 9.164805e-03
-4.221032e-05 5.638719e-03
-2.332760e-05 2.078201e-03
+1.984940e-05 3.852344e-03
+2.742602e-05 3.437303e-03
-1.217030e-05 3.330197e-03
+1.660155e-05 2.416625e-03
-1.128795e-05 2.197380e-03
-6.956580e+00 1.224247e+01
+4.084953e+00 1.546829e+01
-2.828476e+00 2.196072e+01
-5.731163e+00 2.601359e+01
-4.187955e-01 2.464604e+01
-1.255847e+00 2.718214e+01
-8.482499e-01 2.917443e+01
-6.354877e+00 2.969304e+01
-3.159556e+00 3.083986e+01
-1.259719e+00 3.083746e+01
-4.077262e-01 2.805046e+01
+2.572427e+00 2.798403e+01
+2.324800e+01 1.077965e+00
+2.694565e-04 5.022257e-01
+2.775255e-05 6.614377e-01
+2.866129e-04 9.153115e-01
+2.389102e-04 1.117191e+00
-2.517217e-04 1.269128e+00
-6.514411e-05 1.458127e+00
+3.448702e-04 1.656226e+00
+5.175961e-04 1.672400e+00
-4.508278e-05 1.799117e+00
-8.115008e-04 1.728196e+00
-1.355461e-03 1.702868e+00
-4.908403e-04 1.577447e+00
-7.409139e-05 3.795900e-02
-2.165183e-05 8.374509e-02
+1.759210e-04 1.172759e-01
-4.241244e-05 1.645329e-01
-1.086423e-04 2.041174e-01
+7.815293e-05 2.385271e-01
-1.616622e-04 2.752960e-01
-3.853165e-05 3.147032e-01
-8.021074e-05 3.218120e-01
-1.271446e-04 3.440654e-01
+1.294143e-04 3.302342e-01
+1.215818e-04 3.276102e-01
+1.527365e-04 3.016321e-01
+6.010804e-05 6.989757e-03
-2.314635e-01 3.445649e+02
+2.786654e-01 2.359865e+02
-1.318121e-01 7.067758e+01
+1.857500e-01 4.567119e+01
+1.014560e-01 3.474626e+01
-3.401222e-01 2.696386e+01
-4.144123e-01 2.419296e+01
+2.734419e-01 2.288064e+01
-5.769764e-02 1.829233e+01
-2.202437e-02 1.667159e+01
-2.166093e-03 2.701900e-02
-4.802343e-04 1.073079e-02
+5.076213e-03 1.432448e-01
-3.880321e-03 8.576481e-02
-1.149513e-03 3.048392e-02
-3.875936e-03 4.902093e-02
-1.436733e-03 4.129080e-02
+3.368168e-04 4.282637e-02
+1.732861e-03 3.122839e-02
+3.787848e-04 2.645393e-02
-1.146939e-05 2.641193e-03
-8.095399e-06 1.008914e-03
+5.913745e-05 9.162978e-03
-4.342853e-05 5.637012e-03
-2.312545e-05 2.076261e-03
+1.593469e-05 3.850856e-03
+2.613026e-05 3.435861e-03
-1.072252e-05 3.328632e-03
+1.697033e-05 2.415302e-03
-1.174142e-05 2.195689e-03
