+3.667758e+00 7.203748e+00
+4.696170e+00 8.303660e+00
-1.792480e+00 1.191834e+01
-2.180274e+00 1.364009e+01
-3.844617e+00 1.354033e+01
-2.004685e+00 1.498896e+01
-2.402296e-02 1.551280e+01
-3.163735e-03 1.553300e+01
-1.579787e+00 1.520982e+01
-7.943125e-01 1.542356e+01
-8.001884e-01 1.311142e+01
-6.817894e-01 1.143690e+01
+2.323719e+01 1.293819e+00
+1.839668e-04 3.386459e-01
-2.486558e-04 4.805121e-01
+4.246914e-04 6.638334e-01
+1.958292e-04 9.154313e-01
-6.334523e-04 9.909853e-01
-1.239131e-03 1.176171e+00
-2.558975e-04 1.331315e+00
+4.315152e-04 1.482136e+00
-1.961841e-04 1.441159e+00
-3.962451e-04 1.422609e+00
-7.861830e-05 1.220642e+00
+2.976765e-04 1.125568e+00
+1.296033e-05 6.951101e-02
+3.313623e-06 5.514021e-02
+8.680606e-05 8.337114e-02
-1.673232e-04 1.178537e-01
-1.227997e-04 1.669786e-01
-3.767998e-05 1.884115e-01
+1.495443e-04 2.275554e-01
-5.059912e-05 2.612228e-01
+2.924542e-05 2.948308e-01
+2.082758e-04 2.848027e-01
+1.197455e-04 2.826024e-01
+1.159521e-04 2.414369e-01
+4.918243e-05 2.230376e-01
-2.644642e-06 1.431527e-02
-2.092769e-01 3.439957e+02
+2.829828e-01 2.362485e+02
-1.805621e-01 7.041409e+01
+2.231531e-01 4.543739e+01
+1.121851e-01 3.462519e+01
-2.996337e-01 2.711752e+01
-3.983597e-01 2.419030e+01
+2.691382e-01 2.284203e+01
-7.448914e-02 1.822201e+01
-2.633516e-02 1.658777e+01
-2.303396e-03 2.704348e-02
-3.872409e-04 1.073676e-02
+4.686655e-03 1.433054e-01
-3.608649e-03 8.581089e-02
-1.006417e-03 3.048764e-02
-4.222186e-03 4.901423e-02
-1.743738e-03 4.126448e-02
+5.478944e-04 4.280784e-02
+1.619559e-03 3.124385e-02
+4.799552e-04 2.647469e-02
+2.649414e-05 2.643010e-03
-9.760124e-06 1.009583e-03
-1.155645e-05 9.165225e-03
+3.936043e-06 5.638856e-03
+4.333728e-06 2.076730e-03
+3.200324e-05 3.851642e-03
+1.807519e-05 3.435433e-03
-2.111433e-05 3.328284e-03
+8.519317e-08 2.416339e-03
-4.956703e-06 2.197127e-03
+3.667941e+00 7.203769e+00
+4.696051e+00 8.303706e+00
-1.792438e+00 1.191879e+01
-2.180340e+00 1.363973e+01
-3.845285e+00 1.353984e+01
-2.005299e+00 1.499098e+01
-2.414532e-02 1.551477e+01
-3.046589e-03 1.553456e+01
-1.579941e+00 1.520637e+01
-7.945623e-01 1.542316e+01
-8.002614e-01 1.311098e+01
-6.814637e-01 1.143657e+01
+2.323718e+01 1.293728e+00
+1.880439e-04 3.386134e-01
-2.162233e-04 4.804295e-01
+3.157734e-04 6.636974e-01
+1.169881e-04 9.150296e-01
-6.640833e-04 9.905954e-01
-1.093568e-03 1.175717e+00
-2.561988e-04 1.330869e+00
+3.772332e-04 1.481707e+00
-1.281874e-04 1.440158e+00
-2.837546e-04 1.421829e+00
-5.571668e-05 1.220194e+00
+2.374247e-04 1.124891e+00
+6.822987e-06 6.960774e-02
-9.400390e-06 5.519977e-02
+7.517461e-05 8.350454e-02
-1.273585e-04 1.180245e-01
-1.098355e-04 1.672322e-01
+1.252116e-06 1.887541e-01
+1.778383e-04 2.280035e-01
-3.883225e-05 2.617595e-01
+1.018604e-05 2.954572e-01
+2.125776e-04 2.854095e-01
+1.120564e-04 2.832220e-01
+1.162101e-04 2.419047e-01
+2.053996e-05 2.234867e-01
+5.092456e-06 1.435843e-02
-2.115639e-01 3.440533e+02
+2.825847e-01 2.362219e+02
-1.757382e-01 7.044114e+01
+2.194501e-01 4.546115e+01
+1.111275e-01 3.463703e+01
-3.037986e-01 2.710176e+01
-4.000563e-01 2.419029e+01
+2.696313e-01 2.284568e+01
-7.282787e-02 1.822916e+01
-2.587863e-02 1.659604e+01
-2.273844e-03 2.705695e-02
-4.024441e-04 1.074480e-02
+4.711958e-03 1.433183e-01
-3.629671e-03 8.582195e-02
-1.013356e-03 3.050052e-02
-4.180768e-03 4.902708e-02
-1.716238e-03 4.128133e-02
+5.187071e-04 4.282589e-02
+1.633038e-03 3.125023e-02
+4.685831e-04 2.648156e-02
+2.651508e-05 2.644932e-03
-9.800734e-06 1.010686e-03
-1.905812e-06 9.166090e-03
-8.610914e-07 5.639685e-03
+1.970784e-06 2.077953e-03
+3.365997e-05 3.852519e-03
+2.057237e-05 3.436578e-03
-2.122435e-05 3.329431e-03
+2.315933e-06 2.417039e-03
-5.827449e-06 2.198063e-03
+3.668069e+00 7.203632e+00
+4.695853e+00 8.303645e+00
-1.792303e+00 1.191925e+01
-2.180482e+00 1.363953e+01
-3.845767e+00 1.353922e+01
-2.005817e+00 1.499241e+01
-2.425163e-02 1.551399e+01
-2.838293e-03 1.553519e+01
-1.579860e+00 1.520349e+01
-7.947679e-01 1.542195e+01
-8.006233e-01 1.311009e+01
-6.815104e-01 1.143595e+01
+2.323716e+01 1.293624e+00
+1.811571e-04 3.385672e-01
-1.657889e-04 4.803581e-01
+2.684248e-04 6.635987e-01
+3.924680e-05 9.146419e-01
-6.234342e-04 9.901248e-01
-8.645795e-04 1.175199e+00
-2.366729e-04 1.330486e+00
+3.564259e-04 1.481190e+00
+7.170487e-05 1.439356e+00
-1.137554e-04 1.420947e+00
-5.811130e-07 1.219710e+00
+1.797585e-04 1.124103e+00
-1.190476e-07 6.970429e-02
-1.265031e-05 5.525741e-02
+7.164929e-05 8.363112e-02
-8.741997e-05 1.181932e-01
-8.145483e-05 1.674816e-01
+4.555032e-05 1.890987e-01
+1.949346e-04 2.284617e-01
-2.299111e-05 2.622765e-01
+5.864794e-06 2.960774e-01
+1.776442e-04 2.859603e-01
+6.658418e-05 2.838347e-01
+1.224501e-04 2.423916e-01
+1.149605e-05 2.239756e-01
+1.042808e-05 1.440199e-02
-2.138196e-01 3.441107e+02
+2.821719e-01 2.361956e+02
-1.709184e-01 7.046806e+01
+2.157466e-01 4.548481e+01
+1.100757e-01 3.464899e+01
-3.079317e-01 2.708610e+01
-4.017355e-01 2.419045e+01
+2.701053e-01 2.284936e+01
-7.116049e-02 1.823630e+01
-2.542907e-02 1.660441e+01
-2.246800e-03 2.706289e-02
-4.154293e-04 1.074864e-02
+4.738661e-03 1.433276e-01
-3.649605e-03 8.582907e-02
-1.020964e-03 3.050867e-02
-4.139571e-03 4.903698e-02
-1.686799e-03 4.129448e-02
+4.919728e-04 4.283905e-02
+1.644352e-03 3.125350e-02
+4.581991e-04 2.648470e-02
+2.317411e-05 2.648093e-03
-8.509395e-06 1.012477e-03
+7.200438e-06 9.167477e-03
-5.513849e-06 5.641051e-03
-1.679929e-06 2.079995e-03
+3.456811e-05 3.853865e-03
+2.413271e-05 3.438281e-03
-2.039327e-05 3.331250e-03
+2.913347e-06 2.418240e-03
-6.243834e-06 2.199558e-03
+3.668281e+00 7.203601e+00
+4.695780e+00 8.303273e+00
-1.792275e+00 1.191943e+01
-2.180397e+00 1.363986e+01
-3.846290e+00 1.353846e+01
-2.006220e+00 1.499277e+01
-2.451191e-02 1.551467e+01
-2.555531e-03 1.553542e+01
-1.579585e+00 1.520031e+01
-7.944851e-01 1.542050e+01
-8.003226e-01 1.310941e+01
-6.815500e-01 1.143387e+01
+2.323715e+01 1.293482e+00
+1.622050e-04 3.385291e-01
-1.227957e-04 4.802799e-01
+2.603643e-04 6.634993e-01
-1.884815e-05 9.142466e-01
-5.103197e-04 9.897037e-01
-6.676584e-04 1.174840e+00
-2.381595e-04 1.330081e+00
+3.347975e-04 1.480536e+00
+1.985725e-04 1.438498e+00
-8.133008e-05 1.420355e+00
+6.678252e-05 1.219300e+00
+1.506913e-04 1.123311e+00
+6.726516e-06 6.980209e-02
-8.394429e-06 5.532258e-02
+6.270838e-05 8.377972e-02
-5.487545e-05 1.183943e-01
-5.694863e-05 1.677676e-01
+7.122723e-05 1.894779e-01
+1.903967e-04 2.289563e-01
-3.987416e-06 2.628868e-01
+1.234621e-05 2.968074e-01
+9.958676e-05 2.865946e-01
-2.039418e-05 2.845056e-01
+8.910166e-05 2.429381e-01
-7.058609e-07 2.245279e-01
+1.239439e-05 1.444331e-02
-2.160504e-01 3.441679e+02
+2.817483e-01 2.361694e+02
-1.661020e-01 7.049482e+01
+2.120442e-01 4.550833e+01
+1.090274e-01 3.466101e+01
-3.120326e-01 2.707056e+01
-4.033920e-01 2.419069e+01
+2.705637e-01 2.285308e+01
-6.949189e-02 1.824343e+01
-2.498482e-02 1.661282e+01
-2.225069e-03 2.706892e-02
-4.254768e-04 1.075257e-02
+4.766158e-03 1.433375e-01
-3.668367e-03 8.583568e-02
-1.030545e-03 3.051680e-02
-4.097804e-03 4.904717e-02
-1.653027e-03 4.130773e-02
+4.679580e-04 4.285150e-02
+1.651967e-03 3.125657e-02
+4.487850e-04 2.648745e-02
+1.756975e-05 2.650604e-03
-6.574916e-06 1.013907e-03
+1.599682e-05 9.168580e-03
-1.045532e-05 5.642182e-03
-5.863252e-06 2.081683e-03
+3.315945e-05 3.854993e-03
+2.615297e-05 3.439698e-03
-1.878415e-05 3.332804e-03
+3.363125e-06 2.419221e-03
-6.383746e-06 2.200764e-03
+3.668461e+00 7.203370e+00
+4.695762e+00 8.302784e+00
-1.792058e+00 1.191951e+01
-2.180557e+00 1.363932e+01
-3.846705e+00 1.353725e+01
-2.006640e+00 1.499295e+01
-2.466769e-02 1.551577e+01
-2.252892e-03 1.553685e+01
-1.579064e+00 1.519859e+01
-7.942944e-01 1.541670e+01
-8.001847e-01 1.310849e+01
-6.813750e-01 1.143231e+01
+2.323712e+01 1.293218e+00
+1.654294e-04 3.384886e-01
-6.884824e-05 4.802450e-01
+2.328888e-04 6.634332e-01
-4.147157e-05 9.139284e-01
-4.395159e-04 9.892482e-01
-5.012421e-04 1.174423e+00
-2.213838e-04 1.329499e+00
+3.478152e-04 1.480039e+00
+1.911049e-04 1.437529e+00
-1.775731e-04 1.419833e+00
+1.447646e-04 1.218970e+00
+1.475153e-04 1.122699e+00
+2.052314e-05 6.989494e-02
+3.852957e-06 5.538315e-02
+5.011533e-05 8.391672e-02
-4.774871e-05 1.185894e-01
-2.632991e-05 1.680397e-01
+6.986623e-05 1.898384e-01
+1.705914e-04 2.294170e-01
+1.222384e-05 2.634889e-01
+1.613177e-05 2.975074e-01
-3.197981e-06 2.872654e-01
-9.383909e-05 2.851339e-01
+4.356819e-05 2.434453e-01
-3.417095e-05 2.250331e-01
+1.195032e-05 1.447534e-02
-2.182639e-01 3.442244e+02
+2.813171e-01 2.361433e+02
-1.612884e-01 7.052138e+01
+2.083441e-01 4.553172e+01
+1.079795e-01 3.467302e+01
-3.161000e-01 2.705515e+01
-4.050194e-01 2.419092e+01
+2.710093e-01 2.285688e+01
-6.782676e-02 1.825051e+01
-2.454520e-02 1.662118e+01
-2.210842e-03 2.707442e-02
-4.320599e-04 1.075610e-02
+4.794571e-03 1.433425e-01
-3.686868e-03 8.583891e-02
-1.041778e-03 3.052271e-02
-4.062157e-03 4.905394e-02
-1.621720e-03 4.131668e-02
+4.482331e-04 4.285970e-02
+1.657609e-03 3.125871e-02
+4.408499e-04 2.648934e-02
+1.232748e-05 2.651475e-03
-5.085560e-06 1.014423e-03
+2.452832e-05 9.168944e-03
-1.577774e-05 5.642582e-03
-9.787459e-06 2.082339e-03
+3.075755e-05 3.855477e-03
+2.660766e-05 3.440344e-03
-1.749704e-05 3.333493e-03
+4.626033e-06 2.419575e-03
-6.665870e-06 2.201200e-03
+3.668528e+00 7.203134e+00
+4.695615e+00 8.302567e+00
-1.791790e+00 1.191966e+01
-2.180706e+00 1.363930e+01
-3.847022e+00 1.353636e+01
-2.007072e+00 1.499437e+01
-2.483610e-02 1.551565e+01
-2.067554e-03 1.553575e+01
-1.579082e+00 1.519612e+01
-7.948113e-01 1.541607e+01
-8.001947e-01 1.310896e+01
-6.810619e-01 1.143150e+01
+2.323718e+01 1.292787e+00
+1.702476e-04 3.385296e-01
-3.486633e-05 4.803881e-01
+1.996568e-04 6.636364e-01
-6.412821e-05 9.140797e-01
-3.807565e-04 9.893469e-01
-3.555094e-04 1.174597e+00
-1.805952e-04 1.329976e+00
+3.799786e-04 1.480797e+00
+1.131780e-04 1.437598e+00
-3.623997e-04 1.420150e+00
+1.234233e-04 1.219458e+00
+9.061268e-05 1.122899e+00
+3.124029e-05 6.997241e-02
+1.851216e-05 5.542315e-02
+3.851543e-05 8.400532e-02
-5.083781e-05 1.187214e-01
+9.626347e-07 1.682217e-01
+5.607775e-05 1.900886e-01
+1.603899e-04 2.297264e-01
+2.914662e-05 2.638980e-01
+1.761815e-05 2.979581e-01
-7.724666e-05 2.877232e-01
-1.168343e-04 2.855817e-01
-2.764300e-06 2.437895e-01
-8.220168e-05 2.253715e-01
+7.611329e-06 1.449377e-02
-2.204648e-01 3.442804e+02
+2.808802e-01 2.361173e+02
-1.564773e-01 7.054775e+01
+2.046470e-01 4.555502e+01
+1.069302e-01 3.468503e+01
-3.201330e-01 2.703995e+01
-4.066139e-01 2.419115e+01
+2.714439e-01 2.286079e+01
-6.616793e-02 1.825757e+01
-2.411005e-02 1.662949e+01
-2.203323e-03 2.707198e-02
-4.357203e-04 1.075506e-02
+4.823931e-03 1.433385e-01
-3.705830e-03 8.583540e-02
-1.053732e-03 3.052148e-02
-4.036314e-03 4.905365e-02
-1.597859e-03 4.131727e-02
+4.329134e-04 4.285968e-02
+1.663354e-03 3.125715e-02
+4.344386e-04 2.648715e-02
+8.898184e-06 2.651499e-03
-4.530182e-06 1.014465e-03
+3.280941e-05 9.168822e-03
-2.136067e-05 5.642513e-03
-1.315203e-05 2.082404e-03
+2.885355e-05 3.855546e-03
+2.644219e-05 3.440490e-03
-1.718283e-05 3.333621e-03
+6.825907e-06 2.419580e-03
-7.289871e-06 2.201212e-03
+3.668595e+00 7.202899e+00
+4.695469e+00 8.302351e+00
-1.791523e+00 1.191981e+01
-2.180855e+00 1.363929e+01
-3.847339e+00 1.353547e+01
-2.007505e+00 1.499579e+01
-2.500450e-02 1.551552e+01
-1.882216e-03 1.553464e+01
-1.579101e+00 1.519365e+01
-7.953281e-01 1.541545e+01
-8.002048e-01 1.310942e+01
-6.807489e-01 1.143068e+01
+2.323723e+01 1.292356e+00
+1.750658e-04 3.385706e-01
-8.844132e-07 4.805313e-01
+1.664247e-04 6.638396e-01
-8.678486e-05 9.142310e-01
-3.219972e-04 9.894456e-01
-2.097767e-04 1.174771e+00
-1.398066e-04 1.330452e+00
+4.121420e-04 1.481555e+00
+3.525112e-05 1.437668e+00
-5.472263e-04 1.420467e+00
+1.020820e-04 1.219945e+00
+3.371003e-05 1.123100e+00
+4.195744e-05 7.004989e-02
+3.317137e-05 5.546314e-02
+2.691553e-05 8.409393e-02
-5.392690e-05 1.188534e-01
+2.825518e-05 1.684037e-01
+4.228926e-05 1.903389e-01
+1.501884e-04 2.300358e-01
+4.606939e-05 2.643071e-01
+1.910452e-05 2.984089e-01
-1.512953e-04 2.881809e-01
-1.398295e-04 2.860295e-01
-4.909679e-05 2.441337e-01
-1.302324e-04 2.257099e-01
+3.272337e-06 1.451219e-02
-2.226658e-01 3.443364e+02
+2.804434e-01 2.360913e+02
-1.516661e-01 7.057408e+01
+2.009498e-01 4.557828e+01
+1.058808e-01 3.469704e+01
-3.241659e-01 2.702471e+01
-4.082083e-01 2.419138e+01
+2.718785e-01 2.286470e+01
-6.450909e-02 1.826462e+01
-2.367490e-02 1.663780e+01
-2.195805e-03 2.706954e-02
-4.393807e-04 1.075403e-02
+4.853290e-03 1.433345e-01
-3.724792e-03 8.583189e-02
-1.065687e-03 3.052026e-02
-4.010471e-03 4.905337e-02
-1.573998e-03 4.131785e-02
+4.175937e-04 4.285965e-02
+1.669099e-03 3.125559e-02
+4.280274e-04 2.648495e-02
+5.468886e-06 2.651524e-03
-3.974804e-06 1.014507e-03
+4.109051e-05 9.168699e-03
-2.694359e-05 5.642443e-03
-1.651659e-05 2.082469e-03
+2.694954e-05 3.855616e-03
+2.627673e-05 3.440636e-03
-1.686863e-05 3.333750e-03
+9.025780e-06 2.419586e-03
-7.913872e-06 2.201224e-03
+3.668681e+00 7.202613e+00
+4.695494e+00 8.302537e+00
-1.791337e+00 1.192016e+01
-2.181092e+00 1.364024e+01
-3.847640e+00 1.353523e+01
-2.007584e+00 1.499664e+01
-2.533819e-02 1.551571e+01
-1.741638e-03 1.553569e+01
-1.578827e+00 1.519441e+01
-7.957773e-01 1.541619e+01
-8.001189e-01 1.310940e+01
-6.806390e-01 1.142942e+01
+2.323729e+01 1.291893e+00
+1.945375e-04 3.385296e-01
+2.079112e-05 4.805199e-01
+1.469001e-04 6.638237e-01
-9.513407e-05 9.141706e-01
-2.345536e-04 9.892632e-01
-1.493368e-05 1.174555e+00
-9.159599e-05 1.330453e+00
+3.656947e-04 1.481497e+00
-1.271743e-04 1.437315e+00
-7.323770e-04 1.420152e+00
+6.591374e-06 1.219846e+00
-4.699595e-05 1.122912e+00
+4.512350e-05 7.003587e-02
+4.811471e-05 5.545807e-02
+8.577971e-06 8.408957e-02
-4.700472e-05 1.188481e-01
+5.943806e-05 1.683746e-01
+2.037889e-05 1.903100e-01
+1.043004e-04 2.299858e-01
+7.953151e-05 2.642945e-01
+4.613046e-05 2.983955e-01
-2.238854e-04 2.881660e-01
-1.739984e-04 2.860253e-01
-9.032279e-05 2.440935e-01
-1.711114e-04 2.256647e-01
+1.617314e-07 1.451182e-02
-2.248661e-01 3.443929e+02
+2.800065e-01 2.360654e+02
-1.467935e-01 7.060032e+01
+1.972122e-01 4.560157e+01
+1.048081e-01 3.470924e+01
-3.281812e-01 2.700953e+01
-4.097868e-01 2.419172e+01
+2.722937e-01 2.286870e+01
-6.283396e-02 1.827164e+01
-2.324778e-02 1.664621e+01
-2.188097e-03 2.705523e-02
-4.444673e-04 1.074679e-02
+4.900846e-03 1.433156e-01
-3.756208e-03 8.581688e-02
-1.084351e-03 3.051003e-02
-3.979379e-03 4.904558e-02
-1.544678e-03 4.131100e-02
+3.973635e-04 4.285146e-02
+1.680352e-03 3.124823e-02
+4.187469e-04 2.647594e-02
+2.005714e-06 2.651057e-03
-4.521528e-06 1.014290e-03
+5.038712e-05 9.168263e-03
-3.362699e-05 5.642098e-03
-2.009219e-05 2.082250e-03
+2.537024e-05 3.855433e-03
+2.698390e-05 3.440513e-03
-1.627121e-05 3.333598e-03
+1.203757e-05 2.419398e-03
-9.082763e-06 2.200994e-03
+3.668734e+00 7.202564e+00
+4.695414e+00 8.302592e+00
-1.791335e+00 1.192042e+01
-2.181395e+00 1.364006e+01
-3.847784e+00 1.353415e+01
-2.007440e+00 1.499559e+01
-2.536061e-02 1.551599e+01
-1.757427e-03 1.553403e+01
-1.578714e+00 1.519251e+01
-7.960970e-01 1.541840e+01
-8.001530e-01 1.311052e+01
-6.804680e-01 1.142934e+01
+2.323732e+01 1.291467e+00
+2.075117e-04 3.385820e-01
+1.291574e-05 4.807264e-01
+1.839145e-04 6.641127e-01
-8.615689e-05 9.146433e-01
-1.662194e-04 9.898742e-01
+1.146712e-04 1.175117e+00
+7.852623e-07 1.331373e+00
+3.662126e-04 1.482601e+00
-3.035353e-04 1.438077e+00
-9.214952e-04 1.421049e+00
-1.115976e-04 1.220448e+00
-1.836007e-04 1.123697e+00
+4.222389e-05 7.002069e-02
+5.937274e-05 5.543218e-02
-1.128311e-05 8.403666e-02
-5.069458e-05 1.187822e-01
+8.938855e-05 1.682480e-01
-7.673629e-06 1.901614e-01
+2.127444e-05 2.297817e-01
+1.072044e-04 2.641040e-01
+1.085775e-04 2.981139e-01
-2.823128e-04 2.879045e-01
-2.120474e-04 2.858008e-01
-1.005638e-04 2.438985e-01
-1.863504e-04 2.254704e-01
+2.693026e-06 1.449662e-02
-2.270659e-01 3.444500e+02
+2.795674e-01 2.360393e+02
-1.418598e-01 7.062636e+01
+1.934338e-01 4.562482e+01
+1.037124e-01 3.472154e+01
-3.321790e-01 2.699435e+01
-4.113484e-01 2.419212e+01
+2.726907e-01 2.287272e+01
-6.114164e-02 1.827859e+01
-2.282933e-02 1.665465e+01
-2.180253e-03 2.704057e-02
-4.524862e-04 1.073985e-02
+4.960177e-03 1.432891e-01
-3.796427e-03 8.579712e-02
-1.107039e-03 3.049864e-02
-3.944854e-03 4.903594e-02
-1.510740e-03 4.130283e-02
+3.751724e-04 4.284156e-02
+1.696161e-03 3.124013e-02
+4.068855e-04 2.646664e-02
-1.710642e-06 2.648705e-03
-6.054422e-06 1.013022e-03
+5.758170e-05 9.167051e-03
-3.942579e-05 5.640932e-03
-2.270332e-05 2.080907e-03
+2.326762e-05 3.854393e-03
+2.775507e-05 3.439439e-03
-1.469636e-05 3.332463e-03
+1.498047e-05 2.418459e-03
-1.041011e-05 2.199773e-03
+3.668876e+00 7.202222e+00
+4.695325e+00 8.302288e+00
-1.791173e+00 1.192018e+01
-2.181594e+00 1.364039e+01
-3.847863e+00 1.353396e+01
-2.007162e+00 1.499733e+01
-2.550155e-02 1.551604e+01
-2.088085e-03 1.553144e+01
-1.578943e+00 1.519302e+01
-7.964830e-01 1.542085e+01
-8.004978e-01 1.311114e+01
-6.804465e-01 1.142983e+01
+2.323732e+01 1.291030e+00
+2.251554e-04 3.386432e-01
-1.387250e-05 4.809660e-01
+2.427157e-04 6.643820e-01
-6.639120e-05 9.151754e-01
-1.289399e-04 9.903889e-01
+9.846258e-05 1.175733e+00
+1.537779e-04 1.332295e+00
+4.709457e-04 1.483983e+00
-4.656354e-04 1.438958e+00
-1.164498e-03 1.422271e+00
-1.929050e-04 1.221246e+00
-2.564975e-04 1.124743e+00
+4.849905e-05 7.000902e-02
+7.093208e-05 5.539921e-02
-2.169752e-05 8.397326e-02
-8.146480e-05 1.187122e-01
+1.017765e-04 1.681120e-01
-3.952490e-05 1.900236e-01
-6.721874e-05 2.295742e-01
+1.135532e-04 2.638879e-01
+1.842119e-04 2.977785e-01
-2.993162e-04 2.876260e-01
-2.360210e-04 2.855458e-01
-7.303065e-05 2.436573e-01
-1.776496e-04 2.252469e-01
+9.582222e-06 1.447190e-02
-2.292650e-01 3.445073e+02
+2.791222e-01 2.360131e+02
-1.368656e-01 7.065214e+01
+1.896136e-01 4.564801e+01
+1.025946e-01 3.473390e+01
-3.361592e-01 2.697914e+01
-4.128912e-01 2.419254e+01
+2.730722e-01 2.287672e+01
-5.943037e-02 1.828548e+01
-2.242090e-02 1.666311e+01
-2.172647e-03 2.703341e-02
-4.645494e-04 1.073729e-02
+5.018699e-03 1.432681e-01
-3.837747e-03 8.578227e-02
-1.128770e-03 3.049303e-02
-3.910422e-03 4.903006e-02
-1.474748e-03 4.129866e-02
+3.553778e-04 4.283591e-02
+1.713752e-03 3.123557e-02
+3.935901e-04 2.646199e-02
-6.080113e-06 2.644246e-03
-7.659165e-06 1.010573e-03
+5.964081e-05 9.164805e-03
-4.221032e-05 5.638719e-03
-2.332760e-05 2.078201e-03
+1.984940e-05 3.852344e-03
+2.742602e-05 3.437303e-03
-1.217030e-05 3.330197e-03
+1.660155e-05 2.416625e-03
-1.128795e-05 2.197380e-03
+3.668951e+00 7.201883e+00
+4.695179e+00 8.301988e+00
-1.790849e+00 1.191996e+01
-2.181803e+00 1.364079e+01
-3.848063e+00 1.353573e+01
-2.007100e+00 1.499754e+01
-2.544502e-02 1.551555e+01
-2.048862e-03 1.552922e+01
-1.578924e+00 1.519260e+01
-7.968219e-01 1.542181e+01
-8.007528e-01 1.311101e+01
-6.807314e-01 1.142891e+01
+2.323731e+01 1.290628e+00
+2.293644e-04 3.387077e-01
-4.497508e-05 4.811725e-01
+2.444170e-04 6.646858e-01
-5.102799e-05 9.155901e-01
-9.250173e-05 9.908164e-01
-5.973556e-06 1.176389e+00
+2.512300e-04 1.333294e+00
+6.613714e-04 1.485038e+00
-6.063021e-04 1.439631e+00
-1.400121e-03 1.423363e+00
-1.748031e-04 1.222152e+00
-2.449495e-04 1.125870e+00
+7.462079e-05 6.998738e-02
+8.971285e-05 5.537501e-02
-1.169311e-05 8.393393e-02
-1.284623e-04 1.186653e-01
+1.098198e-04 1.680325e-01
-6.343345e-05 1.899607e-01
-1.214623e-04 2.294397e-01
+7.579994e-05 2.637539e-01
+2.141823e-04 2.975675e-01
-3.195599e-04 2.874652e-01
-2.412622e-04 2.854175e-01
-4.728835e-05 2.434719e-01
-1.591117e-04 2.250981e-01
+1.459707e-05 1.444988e-02
-2.314635e-01 3.445649e+02
+2.786654e-01 2.359865e+02
-1.318121e-01 7.067758e+01
+1.857500e-01 4.567119e+01
+1.014560e-01 3.474626e+01
-3.401222e-01 2.696386e+01
-4.144123e-01 2.419296e+01
+2.734419e-01 2.288064e+01
-5.769764e-02 1.829233e+01
-2.202437e-02 1.667159e+01
-2.166093e-03 2.701900e-02
-4.802343e-04 1.073079e-02
+5.076213e-03 1.432448e-01
-3.880321e-03 8.576481e-02
-1.149513e-03 3.048392e-02
-3.875936e-03 4.902093e-02
-1.436733e-03 4.129080e-02
+3.368168e-04 4.282637e-02
+1.732861e-03 3.122839e-02
+3.787848e-04 2.645393e-02
-1.146939e-05 2.641193e-03
-8.095399e-06 1.008914e-03
+5.913745e-05 9.162978e-03
-4.342853e-05 5.637012e-03
-2.312545e-05 2.076261e-03
+1.593469e-05 3.850856e-03
+2.613026e-05 3.435861e-03
-1.072252e-05 3.328632e-03
+1.697033e-05 2.415302e-03
-1.174142e-05 2.195689e-03
