-7.147040e+00 1.161139e+01
+3.946146e+00 1.512054e+01
-3.017440e+00 2.139556e+01
-5.901760e+00 2.536247e+01
-4.885829e-01 2.430828e+01
-1.343855e+00 2.713421e+01
-9.166112e-01 2.909192e+01
-6.505526e+00 2.955337e+01
-3.243138e+00 3.086439e+01
-1.298568e+00 3.107141e+01
-4.126816e-01 2.822527e+01
+2.637034e+00 2.818424e+01
+2.341224e+01 9.487043e-01
+9.885497e-05 4.711504e-01
+9.317601e-05 6.391057e-01
-6.638005e-05 8.712918e-01
-2.368536e-04 1.055575e+00
-2.851935e-04 1.227397e+00
+6.934749e-04 1.427337e+00
+6.722968e-04 1.624400e+00
+2.319107e-04 1.635359e+00
+7.586618e-04 1.765957e+00
+2.132656e-04 1.698640e+00
-6.590818e-04 1.680406e+00
-8.001026e-04 1.553275e+00
-2.963131e-05 3.833317e-02
-7.941745e-06 7.950606e-02
-1.328250e-04 1.140110e-01
-2.113262e-05 1.577182e-01
-1.542861e-04 1.944857e-01
+1.532124e-05 2.311800e-01
-3.311360e-05 2.691292e-01
-1.180669e-04 3.080799e-01
-2.783296e-05 3.142765e-01
-2.990491e-05 3.373551e-01
-7.242965e-05 3.238120e-01
+1.009739e-05 3.221109e-01
-9.994005e-06 2.965024e-01
-1.088710e-05 7.070359e-03
-2.092769e-01 3.439957e+02
+2.829828e-01 2.362485e+02
-1.805621e-01 7.041409e+01
+2.231531e-01 4.543739e+01
+1.121851e-01 3.462519e+01
-2.996337e-01 2.711752e+01
-3.983597e-01 2.419030e+01
+2.691382e-01 2.284203e+01
-7.448914e-02 1.822201e+01
-2.633516e-02 1.658777e+01
-2.303396e-03 2.704348e-02
-3.872409e-04 1.073676e-02
+4.686655e-03 1.433054e-01
-3.608649e-03 8.581089e-02
-1.006417e-03 3.048764e-02
-4.222186e-03 4.901423e-02
-1.743738e-03 4.126448e-02
+5.478944e-04 4.280784e-02
+1.619559e-03 3.124385e-02
+4.799552e-04 2.647469e-02
+2.649414e-05 2.643010e-03
-9.760124e-06 1.009583e-03
-1.155645e-05 9.165225e-03
+3.936043e-06 5.638856e-03
+4.333728e-06 2.076730e-03
+3.200324e-05 3.851642e-03
+1.807519e-05 3.435433e-03
-2.111433e-05 3.328284e-03
+8.519317e-08 2.416339e-03
-4.956703e-06 2.197127e-03
-7.146931e+00 1.161101e+01
+3.946139e+00 1.512459e+01
-3.017483e+00 2.139402e+01
-5.902286e+00 2.536290e+01
-4.888010e-01 2.430672e+01
-1.343484e+00 2.713335e+01
-9.164814e-01 2.909571e+01
-6.505507e+00 2.955891e+01
-3.242568e+00 3.086235e+01
-1.298387e+00 3.106442e+01
-4.132691e-01 2.822763e+01
+2.636171e+00 2.818087e+01
+2.341224e+01 9.486459e-01
+1.323555e-04 4.718278e-01
-2.056969e-05 6.400609e-01
+2.978084e-05 8.724861e-01
-4.045967e-04 1.056746e+00
-3.549837e-04 1.228135e+00
+6.218163e-04 1.428398e+00
+5.903314e-04 1.625728e+00
+1.155833e-04 1.636677e+00
+6.221855e-04 1.767284e+00
+1.758368e-04 1.700030e+00
-6.552105e-04 1.681814e+00
-8.482467e-04 1.554649e+00
-3.537818e-05 3.841251e-02
-2.885070e-07 7.971358e-02
-1.445895e-04 1.143346e-01
+8.560867e-06 1.581304e-01
-9.840567e-05 1.949736e-01
-1.488332e-05 2.317525e-01
-2.997786e-05 2.698600e-01
-8.598842e-05 3.088771e-01
-1.712989e-06 3.150996e-01
-7.236699e-05 3.381877e-01
-1.284899e-04 3.246322e-01
-1.399086e-05 3.229625e-01
+2.527595e-05 2.972767e-01
-1.547894e-05 7.092092e-03
-2.115639e-01 3.440533e+02
+2.825847e-01 2.362219e+02
-1.757382e-01 7.044114e+01
+2.194501e-01 4.546115e+01
+1.111275e-01 3.463703e+01
-3.037986e-01 2.710176e+01
-4.000563e-01 2.419029e+01
+2.696313e-01 2.284568e+01
-7.282787e-02 1.822916e+01
-2.587863e-02 1.659604e+01
-2.273844e-03 2.705695e-02
-4.024441e-04 1.074480e-02
+4.711958e-03 1.433183e-01
-3.629671e-03 8.582195e-02
-1.013356e-03 3.050052e-02
-4.180768e-03 4.902708e-02
-1.716238e-03 4.128133e-02
+5.187071e-04 4.282589e-02
+1.633038e-03 3.125023e-02
+4.685831e-04 2.648156e-02
+2.651508e-05 2.644932e-03
-9.800734e-06 1.010686e-03
-1.905812e-06 9.166090e-03
-8.610914e-07 5.639685e-03
+1.970784e-06 2.077953e-03
+3.365997e-05 3.852519e-03
+2.057237e-05 3.436578e-03
-2.122435e-05 3.329431e-03
+2.315933e-06 2.417039e-03
-5.827449e-06 2.198063e-03
-7.146813e+00 1.161069e+01
+3.945856e+00 1.512786e+01
-3.017349e+00 2.139368e+01
-5.902905e+00 2.536445e+01
-4.891674e-01 2.430524e+01
-1.343191e+00 2.713135e+01
-9.162405e-01 2.909909e+01
-6.505504e+00 2.956529e+01
-3.242073e+00 3.086137e+01
-1.298045e+00 3.105904e+01
-4.139882e-01 2.822906e+01
+2.635281e+00 2.817793e+01
+2.341221e+01 9.486586e-01
+1.623105e-04 4.724730e-01
-1.693687e-04 6.410023e-01
+9.264181e-05 8.735886e-01
-4.637475e-04 1.057715e+00
-4.364181e-04 1.228905e+00
+6.052422e-04 1.429541e+00
+5.666865e-04 1.626838e+00
+5.208316e-05 1.637623e+00
+4.151590e-04 1.768447e+00
+2.662346e-05 1.701181e+00
-6.747269e-04 1.682977e+00
-8.401221e-04 1.556010e+00
-5.544622e-05 3.848906e-02
+3.549273e-06 7.993029e-02
-1.178577e-04 1.146529e-01
+1.271397e-05 1.585703e-01
-9.973789e-06 1.954961e-01
-2.169353e-05 2.323085e-01
-3.703602e-05 2.705605e-01
-5.105862e-05 3.097028e-01
+5.263769e-05 3.159628e-01
-8.696709e-05 3.390835e-01
-1.867368e-04 3.255095e-01
-3.406103e-05 3.238873e-01
+6.785676e-05 2.980924e-01
-1.796716e-05 7.114165e-03
-2.138196e-01 3.441107e+02
+2.821719e-01 2.361956e+02
-1.709184e-01 7.046806e+01
+2.157466e-01 4.548481e+01
+1.100757e-01 3.464899e+01
-3.079317e-01 2.708610e+01
-4.017355e-01 2.419045e+01
+2.701053e-01 2.284936e+01
-7.116049e-02 1.823630e+01
-2.542907e-02 1.660441e+01
-2.246800e-03 2.706289e-02
-4.154293e-04 1.074864e-02
+4.738661e-03 1.433276e-01
-3.649605e-03 8.582907e-02
-1.020964e-03 3.050867e-02
-4.139571e-03 4.903698e-02
-1.686799e-03 4.129448e-02
+4.919728e-04 4.283905e-02
+1.644352e-03 3.125350e-02
+4.581991e-04 2.648470e-02
+2.317411e-05 2.648093e-03
-8.509395e-06 1.012477e-03
+7.200438e-06 9.167477e-03
-5.513849e-06 5.641051e-03
-1.679929e-06 2.079995e-03
+3.456811e-05 3.853865e-03
+2.413271e-05 3.438281e-03
-2.039327e-05 3.331250e-03
+2.913347e-06 2.418240e-03
-6.243834e-06 2.199558e-03
-7.146631e+00 1.160984e+01
+3.945477e+00 1.513126e+01
-3.017120e+00 2.139188e+01
-5.903448e+00 2.536654e+01
-4.898648e-01 2.429883e+01
-1.342831e+00 2.713335e+01
-9.157909e-01 2.909954e+01
-6.505470e+00 2.956934e+01
-3.242119e+00 3.086207e+01
-1.298400e+00 3.105456e+01
-4.143106e-01 2.823008e+01
+2.634753e+00 2.817259e+01
+2.341216e+01 9.486407e-01
+1.744284e-04 4.732397e-01
-2.728224e-04 6.419779e-01
+1.365108e-04 8.746109e-01
-3.644940e-04 1.058837e+00
-4.732337e-04 1.229641e+00
+5.471935e-04 1.430868e+00
+5.532317e-04 1.627842e+00
+1.543469e-04 1.638958e+00
+3.167850e-04 1.769618e+00
-1.835409e-04 1.702360e+00
-7.443132e-04 1.684249e+00
-7.877842e-04 1.557337e+00
-7.905258e-05 3.856265e-02
+1.645133e-06 8.011824e-02
-6.817558e-05 1.149441e-01
+8.284951e-06 1.589924e-01
+6.028559e-05 1.960206e-01
+6.910425e-07 2.328723e-01
-5.347876e-05 2.712678e-01
-3.518408e-05 3.105310e-01
+8.955192e-05 3.168198e-01
-6.181593e-05 3.400347e-01
-1.976496e-04 3.263984e-01
-5.802574e-05 3.247772e-01
+8.375284e-05 2.989172e-01
-1.511693e-05 7.135582e-03
-2.160504e-01 3.441679e+02
+2.817483e-01 2.361694e+02
-1.661020e-01 7.049482e+01
+2.120442e-01 4.550833e+01
+1.090274e-01 3.466101e+01
-3.120326e-01 2.707056e+01
-4.033920e-01 2.419069e+01
+2.705637e-01 2.285308e+01
-6.949189e-02 1.824343e+01
-2.498482e-02 1.661282e+01
-2.225069e-03 2.706892e-02
-4.254768e-04 1.075257e-02
+4.766158e-03 1.433375e-01
-3.668367e-03 8.583568e-02
-1.030545e-03 3.051680e-02
-4.097804e-03 4.904717e-02
-1.653027e-03 4.130773e-02
+4.679580e-04 4.285150e-02
+1.651967e-03 3.125657e-02
+4.487850e-04 2.648745e-02
+1.756975e-05 2.650604e-03
-6.574916e-06 1.013907e-03
+1.599682e-05 9.168580e-03
-1.045532e-05 5.642182e-03
-5.863252e-06 2.081683e-03
+3.315945e-05 3.854993e-03
+2.615297e-05 3.439698e-03
-1.878415e-05 3.332804e-03
+3.363125e-06 2.419221e-03
-6.383746e-06 2.200764e-03
-7.146428e+00 1.160951e+01
+3.945091e+00 1.513282e+01
-3.016911e+00 2.138933e+01
-5.903777e+00 2.536887e+01
-4.903682e-01 2.429631e+01
-1.342227e+00 2.713587e+01
-9.152758e-01 2.910008e+01
-6.505372e+00 2.956962e+01
-3.241945e+00 3.086619e+01
-1.298794e+00 3.104903e+01
-4.151793e-01 2.823124e+01
+2.633974e+00 2.817071e+01
+2.341206e+01 9.487045e-01
+1.835923e-04 4.740936e-01
-2.756635e-04 6.429483e-01
+1.493604e-04 8.756637e-01
-2.484798e-04 1.060017e+00
-4.620233e-04 1.230393e+00
+4.821113e-04 1.432057e+00
+5.339891e-04 1.629064e+00
+2.548182e-04 1.640348e+00
+2.586396e-04 1.771083e+00
-4.025586e-04 1.703630e+00
-8.078463e-04 1.685591e+00
-6.981405e-04 1.558772e+00
-9.092470e-05 3.863654e-02
+9.875379e-07 8.024357e-02
-1.676856e-05 1.151552e-01
+1.418109e-05 1.593000e-01
+7.603862e-05 1.964319e-01
+1.481848e-05 2.333469e-01
-8.571022e-05 2.718565e-01
-3.207915e-05 3.111745e-01
+8.647399e-05 3.175207e-01
-4.929726e-05 3.407933e-01
-1.678990e-04 3.270937e-01
-5.182997e-05 3.254782e-01
+9.306666e-05 2.995960e-01
-5.120467e-06 7.151026e-03
-2.182639e-01 3.442244e+02
+2.813171e-01 2.361433e+02
-1.612884e-01 7.052138e+01
+2.083441e-01 4.553172e+01
+1.079795e-01 3.467302e+01
-3.161000e-01 2.705515e+01
-4.050194e-01 2.419092e+01
+2.710093e-01 2.285688e+01
-6.782676e-02 1.825051e+01
-2.454520e-02 1.662118e+01
-2.210842e-03 2.707442e-02
-4.320599e-04 1.075610e-02
+4.794571e-03 1.433425e-01
-3.686868e-03 8.583891e-02
-1.041778e-03 3.052271e-02
-4.062157e-03 4.905394e-02
-1.621720e-03 4.131668e-02
+4.482331e-04 4.285970e-02
+1.657609e-03 3.125871e-02
+4.408499e-04 2.648934e-02
+1.232748e-05 2.651475e-03
-5.085560e-06 1.014423e-03
+2.452832e-05 9.168944e-03
-1.577774e-05 5.642582e-03
-9.787459e-06 2.082339e-03
+3.075755e-05 3.855477e-03
+2.660766e-05 3.440344e-03
-1.749704e-05 3.333493e-03
+4.626033e-06 2.419575e-03
-6.665870e-06 2.201200e-03
-7.146286e+00 1.160935e+01
+3.944836e+00 1.513402e+01
-3.016844e+00 2.138545e+01
-5.903835e+00 2.537278e+01
-4.906681e-01 2.429171e+01
-1.341850e+00 2.713471e+01
-9.149084e-01 2.910293e+01
-6.504910e+00 2.957016e+01
-3.241422e+00 3.086480e+01
-1.299139e+00 3.104438e+01
-4.161072e-01 2.823023e+01
+2.633183e+00 2.816893e+01
+2.341195e+01 9.488271e-01
+1.835271e-04 4.746858e-01
-2.472517e-04 6.436712e-01
+1.593381e-04 8.764620e-01
-1.795209e-04 1.061165e+00
-4.215407e-04 1.231209e+00
+3.828013e-04 1.433296e+00
+4.924975e-04 1.630381e+00
+3.236497e-04 1.641911e+00
+2.545402e-04 1.772734e+00
-5.037720e-04 1.704977e+00
-8.834122e-04 1.686842e+00
-6.213812e-04 1.560255e+00
-8.829306e-05 3.869297e-02
+4.031077e-06 8.031152e-02
+1.356986e-05 1.152675e-01
+2.800414e-05 1.594691e-01
+5.231374e-05 1.966805e-01
+1.069390e-05 2.336260e-01
-1.116916e-04 2.722165e-01
-2.936430e-05 3.115510e-01
+4.557935e-05 3.179623e-01
-7.317289e-05 3.412370e-01
-1.248574e-04 3.274968e-01
-2.538592e-05 3.259095e-01
+9.499787e-05 2.999953e-01
+5.649125e-06 7.159068e-03
-2.204648e-01 3.442804e+02
+2.808802e-01 2.361173e+02
-1.564773e-01 7.054775e+01
+2.046470e-01 4.555502e+01
+1.069302e-01 3.468503e+01
-3.201330e-01 2.703995e+01
-4.066139e-01 2.419115e+01
+2.714439e-01 2.286079e+01
-6.616793e-02 1.825757e+01
-2.411005e-02 1.662949e+01
-2.203323e-03 2.707198e-02
-4.357203e-04 1.075506e-02
+4.823931e-03 1.433385e-01
-3.705830e-03 8.583540e-02
-1.053732e-03 3.052148e-02
-4.036314e-03 4.905365e-02
-1.597859e-03 4.131727e-02
+4.329134e-04 4.285968e-02
+1.663354e-03 3.125715e-02
+4.344386e-04 2.648715e-02
+8.898184e-06 2.651499e-03
-4.530182e-06 1.014465e-03
+3.280941e-05 9.168822e-03
-2.136067e-05 5.642513e-03
-1.315203e-05 2.082404e-03
+2.885355e-05 3.855546e-03
+2.644219e-05 3.440490e-03
-1.718283e-05 3.333621e-03
+6.825907e-06 2.419580e-03
-7.289871e-06 2.201212e-03
-7.146145e+00 1.160920e+01
+3.944581e+00 1.513522e+01
-3.016776e+00 2.138157e+01
-5.903894e+00 2.537670e+01
-4.909679e-01 2.428712e+01
-1.341472e+00 2.713355e+01
-9.145411e-01 2.910577e+01
-6.504449e+00 2.957069e+01
-3.240898e+00 3.086341e+01
-1.299484e+00 3.103972e+01
-4.170350e-01 2.822922e+01
+2.632392e+00 2.816715e+01
+2.341185e+01 9.489497e-01
+1.834619e-04 4.752779e-01
-2.188399e-04 6.443942e-01
+1.693157e-04 8.772603e-01
-1.105620e-04 1.062314e+00
-3.810580e-04 1.232024e+00
+2.834913e-04 1.434535e+00
+4.510058e-04 1.631698e+00
+3.924812e-04 1.643474e+00
+2.504409e-04 1.774385e+00
-6.049854e-04 1.706325e+00
-9.589781e-04 1.688093e+00
-5.446220e-04 1.561737e+00
-8.566143e-05 3.874939e-02
+7.074616e-06 8.037947e-02
+4.390829e-05 1.153797e-01
+4.182720e-05 1.596382e-01
+2.858886e-05 1.969291e-01
+6.569314e-06 2.339050e-01
-1.376730e-04 2.725765e-01
-2.664944e-05 3.119275e-01
+4.684719e-06 3.184039e-01
-9.704852e-05 3.416806e-01
-8.181586e-05 3.279000e-01
+1.058133e-06 3.263408e-01
+9.692908e-05 3.003946e-01
+1.641872e-05 7.167110e-03
-2.226658e-01 3.443364e+02
+2.804434e-01 2.360913e+02
-1.516661e-01 7.057408e+01
+2.009498e-01 4.557828e+01
+1.058808e-01 3.469704e+01
-3.241659e-01 2.702471e+01
-4.082083e-01 2.419138e+01
+2.718785e-01 2.286470e+01
-6.450909e-02 1.826462e+01
-2.367490e-02 1.663780e+01
-2.195805e-03 2.706954e-02
-4.393807e-04 1.075403e-02
+4.853290e-03 1.433345e-01
-3.724792e-03 8.583189e-02
-1.065687e-03 3.052026e-02
-4.010471e-03 4.905337e-02
-1.573998e-03 4.131785e-02
+4.175937e-04 4.285965e-02
+1.669099e-03 3.125559e-02
+4.280274e-04 2.648495e-02
+5.468886e-06 2.651524e-03
-3.974804e-06 1.014507e-03
+4.109051e-05 9.168699e-03
-2.694359e-05 5.642443e-03
-1.651659e-05 2.082469e-03
+2.694954e-05 3.855616e-03
+2.627673e-05 3.440636e-03
-1.686863e-05 3.333750e-03
+9.025780e-06 2.419586e-03
-7.913872e-06 2.201224e-03
-7.145998e+00 1.160919e+01
+3.944211e+00 1.513419e+01
-3.016741e+00 2.137830e+01
-5.904022e+00 2.537884e+01
-4.912341e-01 2.428062e+01
-1.341380e+00 2.713306e+01
-9.143468e-01 2.911034e+01
-6.503835e+00 2.957329e+01
-3.240571e+00 3.086528e+01
-1.299934e+00 3.103759e+01
-4.181162e-01 2.823141e+01
+2.631571e+00 2.816696e+01
+2.341175e+01 9.490718e-01
+1.986909e-04 4.752899e-01
-1.849283e-04 6.443857e-01
+2.408893e-04 8.770824e-01
-1.885985e-05 1.062395e+00
-3.471053e-04 1.231676e+00
+1.567513e-04 1.434268e+00
+4.211723e-04 1.631505e+00
+4.344913e-04 1.643570e+00
+2.210437e-04 1.774254e+00
-7.120017e-04 1.706107e+00
-1.066668e-03 1.687637e+00
-5.193199e-04 1.561565e+00
-8.441087e-05 3.875013e-02
+1.142885e-05 8.036715e-02
+8.234745e-05 1.153456e-01
+4.724577e-05 1.596026e-01
+3.733845e-06 1.969175e-01
+5.071776e-06 2.338468e-01
-1.534758e-04 2.725503e-01
-2.467134e-05 3.118625e-01
-3.731757e-05 3.184105e-01
-1.296351e-04 3.416402e-01
-3.052351e-05 3.278227e-01
+2.797041e-05 3.263353e-01
+9.719433e-05 3.003882e-01
+2.706152e-05 7.167430e-03
-2.248661e-01 3.443929e+02
+2.800065e-01 2.360654e+02
-1.467935e-01 7.060032e+01
+1.972122e-01 4.560157e+01
+1.048081e-01 3.470924e+01
-3.281812e-01 2.700953e+01
-4.097868e-01 2.419172e+01
+2.722937e-01 2.286870e+01
-6.283396e-02 1.827164e+01
-2.324778e-02 1.664621e+01
-2.188097e-03 2.705523e-02
-4.444673e-04 1.074679e-02
+4.900846e-03 1.433156e-01
-3.756208e-03 8.581688e-02
-1.084351e-03 3.051003e-02
-3.979379e-03 4.904558e-02
-1.544678e-03 4.131100e-02
+3.973635e-04 4.285146e-02
+1.680352e-03 3.124823e-02
+4.187469e-04 2.647594e-02
+2.005714e-06 2.651057e-03
-4.521528e-06 1.014290e-03
+5.038712e-05 9.168263e-03
-3.362699e-05 5.642098e-03
-2.009219e-05 2.082250e-03
+2.537024e-05 3.855433e-03
+2.698390e-05 3.440513e-03
-1.627121e-05 3.333598e-03
+1.203757e-05 2.419398e-03
-9.082763e-06 2.200994e-03
-7.145874e+00 1.160927e+01
+3.943795e+00 1.513393e+01
-3.016585e+00 2.137389e+01
-5.904162e+00 2.538031e+01
-4.915846e-01 2.427388e+01
-1.341312e+00 2.712819e+01
-9.143349e-01 2.911362e+01
-6.503428e+00 2.957314e+01
-3.240234e+00 3.086321e+01
-1.300383e+00 3.103502e+01
-4.189001e-01 2.823359e+01
+2.630929e+00 2.816793e+01
+2.341166e+01 9.491414e-01
+2.254192e-04 4.750846e-01
-1.259922e-04 6.441353e-01
+3.091128e-04 8.767153e-01
+6.573985e-05 1.062322e+00
-3.480301e-04 1.231459e+00
+4.084803e-05 1.434244e+00
+4.105495e-04 1.631599e+00
+4.341599e-04 1.643703e+00
+1.485316e-04 1.774267e+00
-7.661910e-04 1.706239e+00
-1.144550e-03 1.687613e+00
-5.030145e-04 1.561662e+00
-7.931398e-05 3.873547e-02
+1.265126e-05 8.028738e-02
+1.192824e-04 1.152179e-01
+2.766270e-05 1.594411e-01
-2.216925e-05 1.967555e-01
+1.823478e-05 2.335962e-01
-1.490900e-04 2.722761e-01
-2.429832e-05 3.115379e-01
-6.528584e-05 3.181557e-01
-1.634791e-04 3.412601e-01
+2.763301e-05 3.274825e-01
+4.925683e-05 3.260307e-01
+9.955204e-05 3.001396e-01
+3.757480e-05 7.160739e-03
-2.270659e-01 3.444500e+02
+2.795674e-01 2.360393e+02
-1.418598e-01 7.062636e+01
+1.934338e-01 4.562482e+01
+1.037124e-01 3.472154e+01
-3.321790e-01 2.699435e+01
-4.113484e-01 2.419212e+01
+2.726907e-01 2.287272e+01
-6.114164e-02 1.827859e+01
-2.282933e-02 1.665465e+01
-2.180253e-03 2.704057e-02
-4.524862e-04 1.073985e-02
+4.960177e-03 1.432891e-01
-3.796427e-03 8.579712e-02
-1.107039e-03 3.049864e-02
-3.944854e-03 4.903594e-02
-1.510740e-03 4.130283e-02
+3.751724e-04 4.284156e-02
+1.696161e-03 3.124013e-02
+4.068855e-04 2.646664e-02
-1.710642e-06 2.648705e-03
-6.054422e-06 1.013022e-03
+5.758170e-05 9.167051e-03
-3.942579e-05 5.640932e-03
-2.270332e-05 2.080907e-03
+2.326762e-05 3.854393e-03
+2.775507e-05 3.439439e-03
-1.469636e-05 3.332463e-03
+1.498047e-05 2.418459e-03
-1.041011e-05 2.199773e-03
-7.145662e+00 1.160827e+01
+3.943430e+00 1.513445e+01
-3.016182e+00 2.137004e+01
-5.904182e+00 2.538011e+01
-4.919256e-01 2.426383e+01
-1.341369e+00 2.712541e+01
-9.141735e-01 2.911732e+01
-6.503052e+00 2.957059e+01
-3.240028e+00 3.086077e+01
-1.300862e+00 3.103286e+01
-4.199933e-01 2.823466e+01
+2.629940e+00 2.817149e+01
+2.341156e+01 9.491999e-01
+2.529513e-04 4.749036e-01
-3.906470e-05 6.437247e-01
+3.369890e-04 8.762433e-01
+1.482401e-04 1.062185e+00
-3.183809e-04 1.231231e+00
-2.958009e-05 1.434281e+00
+3.866375e-04 1.631680e+00
+4.494611e-04 1.643946e+00
+5.402210e-05 1.774447e+00
-8.055400e-04 1.706403e+00
-1.234995e-03 1.687648e+00
-4.905406e-04 1.561918e+00
-7.677419e-05 3.872270e-02
+1.103268e-06 8.014255e-02
+1.521644e-04 1.150391e-01
-1.131552e-05 1.591967e-01
-6.490647e-05 1.964953e-01
+4.541885e-05 2.332608e-01
-1.407612e-04 2.718670e-01
-3.163301e-05 3.110903e-01
-7.645224e-05 3.177583e-01
-1.638142e-04 3.406907e-01
+8.566212e-05 3.270459e-01
+8.224257e-05 3.255578e-01
+1.222702e-04 2.997213e-01
+4.894433e-05 7.147651e-03
-2.292650e-01 3.445073e+02
+2.791222e-01 2.360131e+02
-1.368656e-01 7.065214e+01
+1.896136e-01 4.564801e+01
+1.025946e-01 3.473390e+01
-3.361592e-01 2.697914e+01
-4.128912e-01 2.419254e+01
+2.730722e-01 2.287672e+01
-5.943037e-02 1.828548e+01
-2.242090e-02 1.666311e+01
-2.172647e-03 2.703341e-02
-4.645494e-04 1.073729e-02
+5.018699e-03 1.432681e-01
-3.837747e-03 8.578227e-02
-1.128770e-03 3.049303e-02
-3.910422e-03 4.903006e-02
-1.474748e-03 4.129866e-02
+3.553778e-04 4.283591e-02
+1.713752e-03 3.123557e-02
+3.935901e-04 2.646199e-02
-6.080113e-06 2.644246e-03
-7.659165e-06 1.010573e-03
+5.964081e-05 9.164805e-03
-4.221032e-05 5.638719e-03
-2.332760e-05 2.078201e-03
+1.984940e-05 3.852344e-03
+2.742602e-05 3.437303e-03
-1.217030e-05 3.330197e-03
+1.660155e-05 2.416625e-03
-1.128795e-05 2.197380e-03
-7.145434e+00 1.160757e+01
+3.943107e+00 1.513354e+01
-3.015936e+00 2.136707e+01
-5.904333e+00 2.537927e+01
-4.924289e-01 2.425311e+01
-1.341453e+00 2.712153e+01
-9.140773e-01 2.912169e+01
-6.502796e+00 2.956708e+01
-3.240071e+00 3.085760e+01
-1.301114e+00 3.103160e+01
-4.208595e-01 2.823481e+01
+2.629064e+00 2.817443e+01
+2.341149e+01 9.492820e-01
+2.720694e-04 4.746840e-01
+2.909606e-05 6.433123e-01
+2.908285e-04 8.758214e-01
+2.379213e-04 1.062190e+00
-2.339810e-04 1.231079e+00
-3.551847e-05 1.434208e+00
+3.671738e-04 1.631738e+00
+5.137054e-04 1.644126e+00
-4.842431e-05 1.774221e+00
-8.208897e-04 1.706537e+00
-1.363349e-03 1.687512e+00
-4.914174e-04 1.562186e+00
-7.429404e-05 3.870615e-02
-1.890890e-05 7.997869e-02
+1.818657e-04 1.148460e-01
-3.688274e-05 1.589147e-01
-1.124324e-04 1.962111e-01
+8.186337e-05 2.329378e-01
-1.493729e-04 2.714763e-01
-3.179851e-05 3.106548e-01
-7.776845e-05 3.173603e-01
-1.202382e-04 3.401798e-01
+1.342625e-04 3.266605e-01
+1.213070e-04 3.251265e-01
+1.532787e-04 2.993152e-01
+5.976118e-05 7.134132e-03
-2.314635e-01 3.445649e+02
+2.786654e-01 2.359865e+02
-1.318121e-01 7.067758e+01
+1.857500e-01 4.567119e+01
+1.014560e-01 3.474626e+01
-3.401222e-01 2.696386e+01
-4.144123e-01 2.419296e+01
+2.734419e-01 2.288064e+01
-5.769764e-02 1.829233e+01
-2.202437e-02 1.667159e+01
-2.166093e-03 2.701900e-02
-4.802343e-04 1.073079e-02
+5.076213e-03 1.432448e-01
-3.880321e-03 8.576481e-02
-1.149513e-03 3.048392e-02
-3.875936e-03 4.902093e-02
-1.436733e-03 4.129080e-02
+3.368168e-04 4.282637e-02
+1.732861e-03 3.122839e-02
+3.787848e-04 2.645393e-02
-1.146939e-05 2.641193e-03
-8.095399e-06 1.008914e-03
+5.913745e-05 9.162978e-03
-4.342853e-05 5.637012e-03
-2.312545e-05 2.076261e-03
+1.593469e-05 3.850856e-03
+2.613026e-05 3.435861e-03
-1.072252e-05 3.328632e-03
+1.697033e-05 2.415302e-03
-1.174142e-05 2.195689e-03
