-8.673193e+00 8.908862e+00
+6.436829e+00 1.288343e+01
-2.498175e+00 2.015261e+01
-5.271050e+00 1.810595e+01
+9.936095e-01 1.635814e+01
-4.448402e+00 2.498448e+01
-2.921324e+00 3.273165e+01
-7.961664e+00 2.410545e+01
-2.495652e+00 2.279509e+01
-1.735398e+00 2.319399e+01
-4.796390e-01 2.392442e+01
+2.389221e+00 2.176622e+01
+2.359977e+01 5.536620e-01
-1.548232e-04 4.431858e-01
+9.775987e-04 5.664655e-01
-8.144387e-04 9.192171e-01
+2.299572e-04 1.090429e+00
-2.292065e-04 1.253226e+00
+9.324584e-04 1.481323e+00
-5.008444e-04 1.615330e+00
-1.989795e-03 1.636090e+00
+4.876744e-04 1.744531e+00
-1.084167e-03 1.744457e+00
-1.547506e-03 1.579239e+00
+1.067509e-05 1.509515e+00
+1.608571e-04 3.984898e-02
+3.379549e-05 7.376827e-02
+1.336978e-05 1.013645e-01
+1.410212e-04 1.705008e-01
+1.383082e-04 1.930751e-01
+4.661860e-05 2.359187e-01
+7.462738e-05 2.731211e-01
+1.544477e-04 3.082526e-01
+8.499593e-05 3.159400e-01
-7.844315e-05 3.400248e-01
+5.447737e-05 3.390822e-01
+7.922838e-05 3.113231e-01
-3.170172e-04 2.954182e-01
+2.062011e-05 7.764754e-03
-2.092769e-01 3.439957e+02
+2.829828e-01 2.362485e+02
-1.805621e-01 7.041409e+01
+2.231531e-01 4.543739e+01
+1.121851e-01 3.462519e+01
-2.996337e-01 2.711752e+01
-3.983597e-01 2.419030e+01
+2.691382e-01 2.284203e+01
-7.448914e-02 1.822201e+01
-2.633516e-02 1.658777e+01
-2.303396e-03 2.704348e-02
-3.872409e-04 1.073676e-02
+4.686655e-03 1.433054e-01
-3.608649e-03 8.581089e-02
-1.006417e-03 3.048764e-02
-4.222186e-03 4.901423e-02
-1.743738e-03 4.126448e-02
+5.478944e-04 4.280784e-02
+1.619559e-03 3.124385e-02
+4.799552e-04 2.647469e-02
+2.649414e-05 2.643010e-03
-9.760124e-06 1.009583e-03
-1.155645e-05 9.165225e-03
+3.936043e-06 5.638856e-03
+4.333728e-06 2.076730e-03
+3.200324e-05 3.851642e-03
+1.807519e-05 3.435433e-03
-2.111433e-05 3.328284e-03
+8.519317e-08 2.416339e-03
-4.956703e-06 2.197127e-03
-8.673426e+00 8.908631e+00
+6.437658e+00 1.288368e+01
-2.498728e+00 2.015750e+01
-5.270691e+00 1.810578e+01
+9.936332e-01 1.635541e+01
-4.447452e+00 2.498947e+01
-2.921789e+00 3.273076e+01
-7.963010e+00 2.410848e+01
-2.495846e+00 2.279200e+01
-1.736582e+00 2.318962e+01
-4.811373e-01 2.392572e+01
+2.388610e+00 2.176738e+01
+2.359995e+01 5.535145e-01
-1.100484e-04 4.439549e-01
+1.010310e-03 5.671657e-01
-6.865437e-04 9.200371e-01
+2.991483e-04 1.091705e+00
-2.052553e-04 1.254298e+00
+9.968405e-04 1.482964e+00
-4.061487e-04 1.616746e+00
-1.839797e-03 1.637520e+00
+3.977502e-04 1.746118e+00
-1.067879e-03 1.746016e+00
-1.405969e-03 1.580689e+00
-1.385353e-04 1.510611e+00
+1.899682e-04 3.991186e-02
+4.473802e-05 7.396070e-02
-1.178942e-05 1.016219e-01
+1.305948e-04 1.709772e-01
+6.140292e-05 1.935726e-01
+4.367985e-05 2.365669e-01
-1.520763e-05 2.738744e-01
+1.899845e-04 3.090506e-01
+1.746728e-04 3.167393e-01
-9.637757e-05 3.408656e-01
+8.812647e-05 3.399724e-01
+1.059965e-04 3.121352e-01
-2.874654e-04 2.961624e-01
+1.175477e-05 7.789062e-03
-2.115639e-01 3.440533e+02
+2.825847e-01 2.362219e+02
-1.757382e-01 7.044114e+01
+2.194501e-01 4.546115e+01
+1.111275e-01 3.463703e+01
-3.037986e-01 2.710176e+01
-4.000563e-01 2.419029e+01
+2.696313e-01 2.284568e+01
-7.282787e-02 1.822916e+01
-2.587863e-02 1.659604e+01
-2.273844e-03 2.705695e-02
-4.024441e-04 1.074480e-02
+4.711958e-03 1.433183e-01
-3.629671e-03 8.582195e-02
-1.013356e-03 3.050052e-02
-4.180768e-03 4.902708e-02
-1.716238e-03 4.128133e-02
+5.187071e-04 4.282589e-02
+1.633038e-03 3.125023e-02
+4.685831e-04 2.648156e-02
+2.651508e-05 2.644932e-03
-9.800734e-06 1.010686e-03
-1.905812e-06 9.166090e-03
-8.610914e-07 5.639685e-03
+1.970784e-06 2.077953e-03
+3.365997e-05 3.852519e-03
+2.057237e-05 3.436578e-03
-2.122435e-05 3.329431e-03
+2.315933e-06 2.417039e-03
-5.827449e-06 2.198063e-03
-8.673541e+00 8.909007e+00
+6.438516e+00 1.288491e+01
-2.499270e+00 2.016086e+01
-5.270283e+00 1.810742e+01
+9.935988e-01 1.635124e+01
-4.446524e+00 2.499472e+01
-2.921698e+00 3.273107e+01
-7.964195e+00 2.410962e+01
-2.495981e+00 2.278898e+01
-1.737665e+00 2.318901e+01
-4.824036e-01 2.392519e+01
+2.387953e+00 2.176935e+01
+2.360017e+01 5.533978e-01
-5.903759e-05 4.446444e-01
+9.853098e-04 5.678220e-01
-6.040862e-04 9.209001e-01
+2.974785e-04 1.092812e+00
-1.808733e-04 1.255506e+00
+8.689670e-04 1.484490e+00
-2.677114e-04 1.618206e+00
-1.580965e-03 1.638829e+00
+2.677209e-04 1.747431e+00
-9.433144e-04 1.747490e+00
-1.265969e-03 1.582042e+00
-2.981574e-04 1.511537e+00
+2.013825e-04 3.997885e-02
+4.289308e-05 7.417052e-02
-5.716005e-05 1.018890e-01
+1.140617e-04 1.714357e-01
+1.993931e-06 1.940718e-01
+6.317067e-05 2.371901e-01
-1.165666e-04 2.746390e-01
+1.587301e-04 3.098321e-01
+2.374254e-04 3.175547e-01
-1.182974e-04 3.417683e-01
+1.124983e-04 3.408904e-01
+8.663241e-05 3.129224e-01
-2.439809e-04 2.969322e-01
+6.206553e-07 7.812581e-03
-2.138196e-01 3.441107e+02
+2.821719e-01 2.361956e+02
-1.709184e-01 7.046806e+01
+2.157466e-01 4.548481e+01
+1.100757e-01 3.464899e+01
-3.079317e-01 2.708610e+01
-4.017355e-01 2.419045e+01
+2.701053e-01 2.284936e+01
-7.116049e-02 1.823630e+01
-2.542907e-02 1.660441e+01
-2.246800e-03 2.706289e-02
-4.154293e-04 1.074864e-02
+4.738661e-03 1.433276e-01
-3.649605e-03 8.582907e-02
-1.020964e-03 3.050867e-02
-4.139571e-03 4.903698e-02
-1.686799e-03 4.129448e-02
+4.919728e-04 4.283905e-02
+1.644352e-03 3.125350e-02
+4.581991e-04 2.648470e-02
+2.317411e-05 2.648093e-03
-8.509395e-06 1.012477e-03
+7.200438e-06 9.167477e-03
-5.513849e-06 5.641051e-03
-1.679929e-06 2.079995e-03
+3.456811e-05 3.853865e-03
+2.413271e-05 3.438281e-03
-2.039327e-05 3.331250e-03
+2.913347e-06 2.418240e-03
-6.243834e-06 2.199558e-03
-8.673656e+00 8.909832e+00
+6.439494e+00 1.288606e+01
-2.499832e+00 2.016260e+01
-5.269986e+00 1.810918e+01
+9.934928e-01 1.634701e+01
-4.445682e+00 2.499911e+01
-2.921713e+00 3.273541e+01
-7.965594e+00 2.411334e+01
-2.496226e+00 2.278652e+01
-1.738522e+00 2.318753e+01
-4.835523e-01 2.392678e+01
+2.387484e+00 2.176803e+01
+2.360038e+01 5.533090e-01
-2.606219e-05 4.453317e-01
+8.818267e-04 5.684541e-01
-5.021919e-04 9.218615e-01
+2.677858e-04 1.093832e+00
-1.183235e-04 1.256683e+00
+6.549747e-04 1.485945e+00
-1.608326e-04 1.619341e+00
-1.286073e-03 1.639813e+00
+1.706501e-04 1.748679e+00
-7.915829e-04 1.748975e+00
-1.199356e-03 1.583098e+00
-4.614544e-04 1.512413e+00
+1.951894e-04 4.004448e-02
+3.817519e-05 7.437089e-02
-1.021051e-04 1.021607e-01
+9.820155e-05 1.718661e-01
-3.608187e-05 1.945778e-01
+8.560475e-05 2.377967e-01
-1.814713e-04 2.753898e-01
+9.498268e-05 3.106724e-01
+2.783143e-04 3.184321e-01
-1.348509e-04 3.426960e-01
+1.091425e-04 3.418073e-01
+5.152397e-05 3.137668e-01
-2.038166e-04 2.977413e-01
-6.989220e-06 7.834931e-03
-2.160504e-01 3.441679e+02
+2.817483e-01 2.361694e+02
-1.661020e-01 7.049482e+01
+2.120442e-01 4.550833e+01
+1.090274e-01 3.466101e+01
-3.120326e-01 2.707056e+01
-4.033920e-01 2.419069e+01
+2.705637e-01 2.285308e+01
-6.949189e-02 1.824343e+01
-2.498482e-02 1.661282e+01
-2.225069e-03 2.706892e-02
-4.254768e-04 1.075257e-02
+4.766158e-03 1.433375e-01
-3.668367e-03 8.583568e-02
-1.030545e-03 3.051680e-02
-4.097804e-03 4.904717e-02
-1.653027e-03 4.130773e-02
+4.679580e-04 4.285150e-02
+1.651967e-03 3.125657e-02
+4.487850e-04 2.648745e-02
+1.756975e-05 2.650604e-03
-6.574916e-06 1.013907e-03
+1.599682e-05 9.168580e-03
-1.045532e-05 5.642182e-03
-5.863252e-06 2.081683e-03
+3.315945e-05 3.854993e-03
+2.615297e-05 3.439698e-03
-1.878415e-05 3.332804e-03
+3.363125e-06 2.419221e-03
-6.383746e-06 2.200764e-03
-8.673640e+00 8.910720e+00
+6.440238e+00 1.288669e+01
-2.500224e+00 2.016732e+01
-5.269655e+00 1.811152e+01
+9.935471e-01 1.634357e+01
-4.445339e+00 2.500274e+01
-2.921623e+00 3.273936e+01
-7.966347e+00 2.411700e+01
-2.496206e+00 2.278184e+01
-1.739148e+00 2.318531e+01
-4.846996e-01 2.392977e+01
+2.386828e+00 2.176797e+01
+2.360056e+01 5.532819e-01
+8.074837e-06 4.460522e-01
+7.465789e-04 5.690706e-01
-4.083945e-04 9.227636e-01
+1.974061e-04 1.094906e+00
-1.668084e-05 1.257859e+00
+4.281187e-04 1.487468e+00
-1.918399e-04 1.620390e+00
-9.855038e-04 1.640832e+00
+2.941478e-05 1.750234e+00
-6.945175e-04 1.750435e+00
-1.174109e-03 1.583913e+00
-5.985893e-04 1.513379e+00
+1.842382e-04 4.010874e-02
+2.961351e-05 7.451012e-02
-1.162606e-04 1.023747e-01
+7.943924e-05 1.722153e-01
-5.424692e-05 1.949691e-01
+9.970078e-05 2.382889e-01
-1.746525e-04 2.759623e-01
+3.057667e-05 3.113710e-01
+2.688846e-04 3.191670e-01
-1.566970e-04 3.434196e-01
+6.643150e-05 3.425439e-01
+2.141982e-05 3.144749e-01
-1.544772e-04 2.984125e-01
-7.801389e-06 7.851357e-03
-2.182639e-01 3.442244e+02
+2.813171e-01 2.361433e+02
-1.612884e-01 7.052138e+01
+2.083441e-01 4.553172e+01
+1.079795e-01 3.467302e+01
-3.161000e-01 2.705515e+01
-4.050194e-01 2.419092e+01
+2.710093e-01 2.285688e+01
-6.782676e-02 1.825051e+01
-2.454520e-02 1.662118e+01
-2.210842e-03 2.707442e-02
-4.320599e-04 1.075610e-02
+4.794571e-03 1.433425e-01
-3.686868e-03 8.583891e-02
-1.041778e-03 3.052271e-02
-4.062157e-03 4.905394e-02
-1.621720e-03 4.131668e-02
+4.482331e-04 4.285970e-02
+1.657609e-03 3.125871e-02
+4.408499e-04 2.648934e-02
+1.232748e-05 2.651475e-03
-5.085560e-06 1.014423e-03
+2.452832e-05 9.168944e-03
-1.577774e-05 5.642582e-03
-9.787459e-06 2.082339e-03
+3.075755e-05 3.855477e-03
+2.660766e-05 3.440344e-03
-1.749704e-05 3.333493e-03
+4.626033e-06 2.419575e-03
-6.665870e-06 2.201200e-03
-8.673671e+00 8.911633e+00
+6.440840e+00 1.288846e+01
-2.500522e+00 2.017293e+01
-5.269485e+00 1.811496e+01
+9.935180e-01 1.634167e+01
-4.445056e+00 2.500645e+01
-2.921988e+00 3.274463e+01
-7.967139e+00 2.411933e+01
-2.496133e+00 2.277710e+01
-1.739757e+00 2.318330e+01
-4.859362e-01 2.393166e+01
+2.386028e+00 2.176991e+01
+2.360074e+01 5.532594e-01
+4.368025e-05 4.465874e-01
+6.106335e-04 5.695662e-01
-3.361955e-04 9.235493e-01
+1.330142e-04 1.095991e+00
+9.758671e-05 1.258919e+00
+2.585960e-04 1.488729e+00
-2.083559e-04 1.621666e+00
-6.965465e-04 1.642021e+00
-1.409233e-04 1.751923e+00
-6.724888e-04 1.752131e+00
-1.159662e-03 1.585076e+00
-7.292923e-04 1.514747e+00
+1.779955e-04 4.015798e-02
+2.226927e-05 7.458426e-02
-1.058088e-04 1.025000e-01
+5.365615e-05 1.724218e-01
-6.156996e-05 1.951833e-01
+9.940519e-05 2.385794e-01
-1.398600e-04 2.762962e-01
-1.198668e-05 3.117850e-01
+2.397829e-04 3.195953e-01
-1.842720e-04 3.438471e-01
+2.001385e-05 3.429965e-01
+9.348761e-06 3.148916e-01
-1.039779e-04 2.988150e-01
-4.102876e-06 7.860007e-03
-2.204648e-01 3.442804e+02
+2.808802e-01 2.361173e+02
-1.564773e-01 7.054775e+01
+2.046470e-01 4.555502e+01
+1.069302e-01 3.468503e+01
-3.201330e-01 2.703995e+01
-4.066139e-01 2.419115e+01
+2.714439e-01 2.286079e+01
-6.616793e-02 1.825757e+01
-2.411005e-02 1.662949e+01
-2.203323e-03 2.707198e-02
-4.357203e-04 1.075506e-02
+4.823931e-03 1.433385e-01
-3.705830e-03 8.583540e-02
-1.053732e-03 3.052148e-02
-4.036314e-03 4.905365e-02
-1.597859e-03 4.131727e-02
+4.329134e-04 4.285968e-02
+1.663354e-03 3.125715e-02
+4.344386e-04 2.648715e-02
+8.898184e-06 2.651499e-03
-4.530182e-06 1.014465e-03
+3.280941e-05 9.168822e-03
-2.136067e-05 5.642513e-03
-1.315203e-05 2.082404e-03
+2.885355e-05 3.855546e-03
+2.644219e-05 3.440490e-03
-1.718283e-05 3.333621e-03
+6.825907e-06 2.419580e-03
-7.289871e-06 2.201212e-03
-8.673703e+00 8.912546e+00
+6.441442e+00 1.289023e+01
-2.500819e+00 2.017854e+01
-5.269314e+00 1.811841e+01
+9.934888e-01 1.633977e+01
-4.444774e+00 2.501016e+01
-2.922354e+00 3.274991e+01
-7.967930e+00 2.412165e+01
-2.496060e+00 2.277235e+01
-1.740366e+00 2.318129e+01
-4.871729e-01 2.393355e+01
+2.385228e+00 2.177184e+01
+2.360091e+01 5.532369e-01
+7.928567e-05 4.471226e-01
+4.746882e-04 5.700618e-01
-2.639964e-04 9.243349e-01
+6.862225e-05 1.097075e+00
+2.118543e-04 1.259979e+00
+8.907328e-05 1.489990e+00
-2.248719e-04 1.622943e+00
-4.075892e-04 1.643209e+00
-3.112615e-04 1.753612e+00
-6.504601e-04 1.753828e+00
-1.145215e-03 1.586238e+00
-8.599953e-04 1.516115e+00
+1.717527e-04 4.020722e-02
+1.492503e-05 7.465841e-02
-9.535701e-05 1.026253e-01
+2.787307e-05 1.726284e-01
-6.889299e-05 1.953975e-01
+9.910959e-05 2.388699e-01
-1.050676e-04 2.766301e-01
-5.455003e-05 3.121991e-01
+2.106812e-04 3.200236e-01
-2.118470e-04 3.442745e-01
-2.640380e-05 3.434492e-01
-2.722296e-06 3.153082e-01
-5.347866e-05 2.992174e-01
-4.043623e-07 7.868657e-03
-2.226658e-01 3.443364e+02
+2.804434e-01 2.360913e+02
-1.516661e-01 7.057408e+01
+2.009498e-01 4.557828e+01
+1.058808e-01 3.469704e+01
-3.241659e-01 2.702471e+01
-4.082083e-01 2.419138e+01
+2.718785e-01 2.286470e+01
-6.450909e-02 1.826462e+01
-2.367490e-02 1.663780e+01
-2.195805e-03 2.706954e-02
-4.393807e-04 1.075403e-02
+4.853290e-03 1.433345e-01
-3.724792e-03 8.583189e-02
-1.065687e-03 3.052026e-02
-4.010471e-03 4.905337e-02
-1.573998e-03 4.131785e-02
+4.175937e-04 4.285965e-02
+1.669099e-03 3.125559e-02
+4.280274e-04 2.648495e-02
+5.468886e-06 2.651524e-03
-3.974804e-06 1.014507e-03
+4.109051e-05 9.168699e-03
-2.694359e-05 5.642443e-03
-1.651659e-05 2.082469e-03
+2.694954e-05 3.855616e-03
+2.627673e-05 3.440636e-03
-1.686863e-05 3.333750e-03
+9.025780e-06 2.419586e-03
-7.913872e-06 2.201224e-03
-8.673775e+00 8.914386e+00
+6.441943e+00 1.289272e+01
-2.500998e+00 2.018579e+01
-5.269167e+00 1.812260e+01
+9.936516e-01 1.634012e+01
-4.444423e+00 2.501416e+01
-2.922490e+00 3.275071e+01
-7.968540e+00 2.411991e+01
-2.496394e+00 2.276628e+01
-1.741106e+00 2.318054e+01
-4.884355e-01 2.393479e+01
+2.384008e+00 2.177307e+01
+2.360108e+01 5.532291e-01
+1.065157e-04 4.471168e-01
+3.453701e-04 5.700031e-01
-2.075332e-04 9.242381e-01
-4.890617e-06 1.097190e+00
+3.356548e-04 1.259742e+00
-1.113919e-04 1.489708e+00
-2.478090e-04 1.622922e+00
-7.880686e-05 1.642987e+00
-4.915291e-04 1.753701e+00
-6.200472e-04 1.754081e+00
-1.147538e-03 1.586054e+00
-9.266678e-04 1.516258e+00
+1.680832e-04 4.019370e-02
+9.406108e-06 7.464496e-02
-8.329701e-05 1.026075e-01
-6.961365e-06 1.725863e-01
-8.088222e-05 1.953472e-01
+8.519014e-05 2.388496e-01
-6.041140e-05 2.765862e-01
-1.200862e-04 3.121475e-01
+1.660454e-04 3.199693e-01
-2.063711e-04 3.442103e-01
-7.359172e-05 3.434005e-01
-1.713673e-05 3.152721e-01
+1.898456e-05 2.991723e-01
+3.562298e-06 7.868531e-03
-2.248661e-01 3.443929e+02
+2.800065e-01 2.360654e+02
-1.467935e-01 7.060032e+01
+1.972122e-01 4.560157e+01
+1.048081e-01 3.470924e+01
-3.281812e-01 2.700953e+01
-4.097868e-01 2.419172e+01
+2.722937e-01 2.286870e+01
-6.283396e-02 1.827164e+01
-2.324778e-02 1.664621e+01
-2.188097e-03 2.705523e-02
-4.444673e-04 1.074679e-02
+4.900846e-03 1.433156e-01
-3.756208e-03 8.581688e-02
-1.084351e-03 3.051003e-02
-3.979379e-03 4.904558e-02
-1.544678e-03 4.131100e-02
+3.973635e-04 4.285146e-02
+1.680352e-03 3.124823e-02
+4.187469e-04 2.647594e-02
+2.005714e-06 2.651057e-03
-4.521528e-06 1.014290e-03
+5.038712e-05 9.168263e-03
-3.362699e-05 5.642098e-03
-2.009219e-05 2.082250e-03
+2.537024e-05 3.855433e-03
+2.698390e-05 3.440513e-03
-1.627121e-05 3.333598e-03
+1.203757e-05 2.419398e-03
-9.082763e-06 2.200994e-03
-8.673889e+00 8.916202e+00
+6.442363e+00 1.289505e+01
-2.501175e+00 2.019012e+01
-5.268906e+00 1.812616e+01
+9.938477e-01 1.634144e+01
-4.444284e+00 2.501904e+01
-2.922535e+00 3.275063e+01
-7.968718e+00 2.411653e+01
-2.496947e+00 2.276131e+01
-1.741694e+00 2.318307e+01
-4.896472e-01 2.393386e+01
+2.382790e+00 2.177127e+01
+2.360125e+01 5.531487e-01
+1.403256e-04 4.468817e-01
+2.051665e-04 5.698289e-01
-1.567410e-04 9.241597e-01
-8.716308e-05 1.097225e+00
+4.283795e-04 1.259625e+00
-3.065708e-04 1.489453e+00
-3.839175e-04 1.622967e+00
+2.348549e-04 1.643159e+00
-6.536532e-04 1.754026e+00
-6.109805e-04 1.754497e+00
-1.115782e-03 1.586134e+00
-9.183158e-04 1.516918e+00
+1.690410e-04 4.017065e-02
+7.451587e-06 7.456259e-02
-6.596587e-05 1.025127e-01
-4.385181e-05 1.723986e-01
-8.297366e-05 1.951391e-01
+6.227812e-05 2.386113e-01
+1.056060e-05 2.763272e-01
-1.975272e-04 3.118564e-01
+8.273656e-05 3.196261e-01
-1.776583e-04 3.438842e-01
-1.092685e-04 3.431136e-01
-3.531062e-05 3.149648e-01
+8.981010e-05 2.988610e-01
+7.223508e-06 7.859913e-03
-2.270659e-01 3.444500e+02
+2.795674e-01 2.360393e+02
-1.418598e-01 7.062636e+01
+1.934338e-01 4.562482e+01
+1.037124e-01 3.472154e+01
-3.321790e-01 2.699435e+01
-4.113484e-01 2.419212e+01
+2.726907e-01 2.287272e+01
-6.114164e-02 1.827859e+01
-2.282933e-02 1.665465e+01
-2.180253e-03 2.704057e-02
-4.524862e-04 1.073985e-02
+4.960177e-03 1.432891e-01
-3.796427e-03 8.579712e-02
-1.107039e-03 3.049864e-02
-3.944854e-03 4.903594e-02
-1.510740e-03 4.130283e-02
+3.751724e-04 4.284156e-02
+1.696161e-03 3.124013e-02
+4.068855e-04 2.646664e-02
-1.710642e-06 2.648705e-03
-6.054422e-06 1.013022e-03
+5.758170e-05 9.167051e-03
-3.942579e-05 5.640932e-03
-2.270332e-05 2.080907e-03
+2.326762e-05 3.854393e-03
+2.775507e-05 3.439439e-03
-1.469636e-05 3.332463e-03
+1.498047e-05 2.418459e-03
-1.041011e-05 2.199773e-03
-8.674024e+00 8.918188e+00
+6.442856e+00 1.289831e+01
-2.501432e+00 2.019467e+01
-5.268748e+00 1.812977e+01
+9.940748e-01 1.634255e+01
-4.444194e+00 2.502241e+01
-2.922657e+00 3.275368e+01
-7.968913e+00 2.411577e+01
-2.497440e+00 2.275598e+01
-1.742317e+00 2.318474e+01
-4.909683e-01 2.393591e+01
+2.381891e+00 2.177033e+01
+2.360144e+01 5.530250e-01
+1.799721e-04 4.465826e-01
+7.844664e-05 5.695675e-01
-1.483700e-04 9.238314e-01
-1.883867e-04 1.097129e+00
+4.685229e-04 1.259554e+00
-4.550742e-04 1.489304e+00
-5.783043e-04 1.622743e+00
+4.784066e-04 1.643185e+00
-6.595947e-04 1.754314e+00
-5.950921e-04 1.754622e+00
-1.112783e-03 1.586179e+00
-8.376564e-04 1.517369e+00
+1.690259e-04 4.015782e-02
+9.550156e-06 7.444343e-02
-3.964885e-05 1.023840e-01
-6.300151e-05 1.721622e-01
-5.762892e-05 1.948701e-01
+3.710579e-05 2.382292e-01
+9.289631e-05 2.759230e-01
-2.602027e-04 3.114694e-01
-3.005797e-05 3.191556e-01
-1.574402e-04 3.433845e-01
-1.507014e-04 3.427297e-01
-5.216533e-05 3.145398e-01
+1.302541e-04 2.984545e-01
+6.986508e-06 7.843352e-03
-2.292650e-01 3.445073e+02
+2.791222e-01 2.360131e+02
-1.368656e-01 7.065214e+01
+1.896136e-01 4.564801e+01
+1.025946e-01 3.473390e+01
-3.361592e-01 2.697914e+01
-4.128912e-01 2.419254e+01
+2.730722e-01 2.287672e+01
-5.943037e-02 1.828548e+01
-2.242090e-02 1.666311e+01
-2.172647e-03 2.703341e-02
-4.645494e-04 1.073729e-02
+5.018699e-03 1.432681e-01
-3.837747e-03 8.578227e-02
-1.128770e-03 3.049303e-02
-3.910422e-03 4.903006e-02
-1.474748e-03 4.129866e-02
+3.553778e-04 4.283591e-02
+1.713752e-03 3.123557e-02
+3.935901e-04 2.646199e-02
-6.080113e-06 2.644246e-03
-7.659165e-06 1.010573e-03
+5.964081e-05 9.164805e-03
-4.221032e-05 5.638719e-03
-2.332760e-05 2.078201e-03
+1.984940e-05 3.852344e-03
+2.742602e-05 3.437303e-03
-1.217030e-05 3.330197e-03
+1.660155e-05 2.416625e-03
-1.128795e-05 2.197380e-03
-8.674136e+00 8.919985e+00
+6.443207e+00 1.290194e+01
-2.501619e+00 2.019975e+01
-5.268593e+00 1.813517e+01
+9.942270e-01 1.634622e+01
-4.444019e+00 2.502454e+01
-2.923192e+00 3.275514e+01
-7.969084e+00 2.411845e+01
-2.498076e+00 2.274981e+01
-1.743094e+00 2.318582e+01
-4.920773e-01 2.393866e+01
+2.380997e+00 2.177238e+01
+2.360163e+01 5.529136e-01
+2.303347e-04 4.462451e-01
-2.534576e-05 5.694038e-01
-1.369363e-04 9.236032e-01
-2.352063e-04 1.096903e+00
+4.947606e-04 1.259394e+00
-5.108075e-04 1.489391e+00
-8.062868e-04 1.622722e+00
+5.835606e-04 1.642944e+00
-6.324079e-04 1.754699e+00
-5.208670e-04 1.754973e+00
-1.122587e-03 1.586145e+00
-7.693237e-04 1.517567e+00
+1.692566e-04 4.014196e-02
+1.197086e-05 7.432578e-02
-6.413187e-06 1.022414e-01
-6.247488e-05 1.719292e-01
-1.563106e-05 1.946167e-01
+1.205147e-05 2.378907e-01
+1.532523e-04 2.755153e-01
-3.029250e-04 3.110817e-01
-1.222948e-04 3.187736e-01
-1.458158e-04 3.428984e-01
-1.957426e-04 3.423236e-01
-7.984480e-05 3.141729e-01
+1.359728e-04 2.981300e-01
+3.422721e-06 7.827100e-03
-2.314635e-01 3.445649e+02
+2.786654e-01 2.359865e+02
-1.318121e-01 7.067758e+01
+1.857500e-01 4.567119e+01
+1.014560e-01 3.474626e+01
-3.401222e-01 2.696386e+01
-4.144123e-01 2.419296e+01
+2.734419e-01 2.288064e+01
-5.769764e-02 1.829233e+01
-2.202437e-02 1.667159e+01
-2.166093e-03 2.701900e-02
-4.802343e-04 1.073079e-02
+5.076213e-03 1.432448e-01
-3.880321e-03 8.576481e-02
-1.149513e-03 3.048392e-02
-3.875936e-03 4.902093e-02
-1.436733e-03 4.129080e-02
+3.368168e-04 4.282637e-02
+1.732861e-03 3.122839e-02
+3.787848e-04 2.645393e-02
-1.146939e-05 2.641193e-03
-8.095399e-06 1.008914e-03
+5.913745e-05 9.162978e-03
-4.342853e-05 5.637012e-03
-2.312545e-05 2.076261e-03
+1.593469e-05 3.850856e-03
+2.613026e-05 3.435861e-03
-1.072252e-05 3.328632e-03
+1.697033e-05 2.415302e-03
-1.174142e-05 2.195689e-03
