-6.114475e-01 2.496455e+00
+2.815665e+00 2.876340e+00
-2.881646e+00 3.884378e+00
-1.469054e-01 5.311193e+00
-1.066084e+00 6.785028e+00
-9.167276e-01 7.985550e+00
+4.366176e-01 8.619996e+00
-6.737605e-01 9.994952e+00
-1.498018e+00 1.013350e+01
-1.414525e+00 1.012689e+01
-2.324056e+00 1.041701e+01
-2.169968e+00 8.939887e+00
+2.370387e+01 8.676549e-01
+4.370964e-04 1.545396e-01
+3.529784e-04 2.854432e-01
+5.458821e-04 3.889819e-01
+1.711590e-04 5.443658e-01
-1.511695e-04 7.380911e-01
+5.941894e-04 8.694340e-01
-3.127189e-04 9.541806e-01
-3.033850e-04 1.113337e+00
+2.299740e-04 1.134762e+00
-3.480832e-04 1.096542e+00
-2.468047e-04 1.022143e+00
-1.150415e-03 9.443575e-01
+4.495239e-05 6.923112e-02
-5.631916e-05 3.122337e-02
-1.170086e-04 5.880594e-02
-2.060080e-05 8.099959e-02
-5.804082e-05 1.112678e-01
-1.829573e-04 1.528028e-01
-2.258142e-04 1.790318e-01
-3.701660e-06 1.942359e-01
+8.501983e-05 2.281635e-01
+1.202356e-04 2.310555e-01
+1.420272e-04 2.245937e-01
+2.178833e-04 2.084792e-01
+8.423611e-05 1.928234e-01
+3.315680e-05 1.381420e-02
-2.092769e-01 3.439957e+02
+2.829828e-01 2.362485e+02
-1.805621e-01 7.041409e+01
+2.231531e-01 4.543739e+01
+1.121851e-01 3.462519e+01
-2.996337e-01 2.711752e+01
-3.983597e-01 2.419030e+01
+2.691382e-01 2.284203e+01
-7.448914e-02 1.822201e+01
-2.633516e-02 1.658777e+01
-2.303396e-03 2.704348e-02
-3.872409e-04 1.073676e-02
+4.686655e-03 1.433054e-01
-3.608649e-03 8.581089e-02
-1.006417e-03 3.048764e-02
-4.222186e-03 4.901423e-02
-1.743738e-03 4.126448e-02
+5.478944e-04 4.280784e-02
+1.619559e-03 3.124385e-02
+4.799552e-04 2.647469e-02
+2.649414e-05 2.643010e-03
-9.760124e-06 1.009583e-03
-1.155645e-05 9.165225e-03
+3.936043e-06 5.638856e-03
+4.333728e-06 2.076730e-03
+3.200324e-05 3.851642e-03
+1.807519e-05 3.435433e-03
-2.111433e-05 3.328284e-03
+8.519317e-08 2.416339e-03
-4.956703e-06 2.197127e-03
-6.111509e-01 2.495430e+00
+2.815756e+00 2.877062e+00
-2.881459e+00 3.884890e+00
-1.467878e-01 5.310245e+00
-1.066513e+00 6.787002e+00
-9.163700e-01 7.985923e+00
+4.366890e-01 8.620816e+00
-6.739002e-01 9.997687e+00
-1.497746e+00 1.013294e+01
-1.414643e+00 1.012571e+01
-2.324021e+00 1.041529e+01
-2.170543e+00 8.937054e+00
+2.370393e+01 8.673034e-01
+3.863661e-04 1.546071e-01
+3.042387e-04 2.854763e-01
+5.587714e-04 3.888635e-01
+1.663296e-04 5.440961e-01
-3.014709e-04 7.377883e-01
+3.697701e-04 8.689520e-01
-2.565124e-04 9.536157e-01
-2.110563e-04 1.112869e+00
+3.001724e-04 1.134032e+00
-2.441153e-04 1.095853e+00
-1.668027e-04 1.021501e+00
-9.252348e-04 9.440166e-01
+7.261676e-05 6.933476e-02
-6.593844e-05 3.130306e-02
-1.119849e-04 5.895974e-02
-3.742013e-05 8.120208e-02
-6.045229e-05 1.115272e-01
-1.667493e-04 1.531859e-01
-2.111578e-04 1.794196e-01
+6.447638e-06 1.946665e-01
+1.130679e-04 2.287262e-01
+1.013838e-04 2.315836e-01
+1.318107e-04 2.250986e-01
+2.146315e-04 2.089404e-01
+1.140461e-04 1.932482e-01
+2.749461e-05 1.385345e-02
-2.115639e-01 3.440533e+02
+2.825847e-01 2.362219e+02
-1.757382e-01 7.044114e+01
+2.194501e-01 4.546115e+01
+1.111275e-01 3.463703e+01
-3.037986e-01 2.710176e+01
-4.000563e-01 2.419029e+01
+2.696313e-01 2.284568e+01
-7.282787e-02 1.822916e+01
-2.587863e-02 1.659604e+01
-2.273844e-03 2.705695e-02
-4.024441e-04 1.074480e-02
+4.711958e-03 1.433183e-01
-3.629671e-03 8.582195e-02
-1.013356e-03 3.050052e-02
-4.180768e-03 4.902708e-02
-1.716238e-03 4.128133e-02
+5.187071e-04 4.282589e-02
+1.633038e-03 3.125023e-02
+4.685831e-04 2.648156e-02
+2.651508e-05 2.644932e-03
-9.800734e-06 1.010686e-03
-1.905812e-06 9.166090e-03
-8.610914e-07 5.639685e-03
+1.970784e-06 2.077953e-03
+3.365997e-05 3.852519e-03
+2.057237e-05 3.436578e-03
-2.122435e-05 3.329431e-03
+2.315933e-06 2.417039e-03
-5.827449e-06 2.198063e-03
-6.109321e-01 2.495200e+00
+2.815861e+00 2.877642e+00
-2.881003e+00 3.885968e+00
-1.466234e-01 5.309300e+00
-1.067052e+00 6.788744e+00
-9.165586e-01 7.985837e+00
+4.363533e-01 8.619884e+00
-6.737992e-01 9.997452e+00
-1.497418e+00 1.013181e+01
-1.414730e+00 1.012333e+01
-2.323945e+00 1.041533e+01
-2.170967e+00 8.935430e+00
+2.370403e+01 8.670009e-01
+3.161423e-04 1.546774e-01
+2.426436e-04 2.854944e-01
+5.159914e-04 3.887167e-01
+1.422601e-04 5.437708e-01
-3.797603e-04 7.375269e-01
+2.803478e-04 8.685664e-01
-2.192785e-04 9.531101e-01
-7.657537e-05 1.112546e+00
+4.204164e-04 1.133253e+00
-1.667965e-04 1.095352e+00
-7.218468e-05 1.020785e+00
-7.965152e-04 9.434965e-01
+9.263892e-05 6.944121e-02
-6.169048e-05 3.138251e-02
-1.107732e-04 5.911955e-02
-8.040898e-05 8.140876e-02
-6.202521e-05 1.117897e-01
-1.213252e-04 1.535642e-01
-1.456982e-04 1.798312e-01
+4.182698e-05 1.950968e-01
+1.259084e-04 2.292806e-01
+5.844043e-05 2.321190e-01
+1.059437e-04 2.255913e-01
+1.988704e-04 2.094326e-01
+1.073121e-04 1.937129e-01
+1.999822e-05 1.389133e-02
-2.138196e-01 3.441107e+02
+2.821719e-01 2.361956e+02
-1.709184e-01 7.046806e+01
+2.157466e-01 4.548481e+01
+1.100757e-01 3.464899e+01
-3.079317e-01 2.708610e+01
-4.017355e-01 2.419045e+01
+2.701053e-01 2.284936e+01
-7.116049e-02 1.823630e+01
-2.542907e-02 1.660441e+01
-2.246800e-03 2.706289e-02
-4.154293e-04 1.074864e-02
+4.738661e-03 1.433276e-01
-3.649605e-03 8.582907e-02
-1.020964e-03 3.050867e-02
-4.139571e-03 4.903698e-02
-1.686799e-03 4.129448e-02
+4.919728e-04 4.283905e-02
+1.644352e-03 3.125350e-02
+4.581991e-04 2.648470e-02
+2.317411e-05 2.648093e-03
-8.509395e-06 1.012477e-03
+7.200438e-06 9.167477e-03
-5.513849e-06 5.641051e-03
-1.679929e-06 2.079995e-03
+3.456811e-05 3.853865e-03
+2.413271e-05 3.438281e-03
-2.039327e-05 3.331250e-03
+2.913347e-06 2.418240e-03
-6.243834e-06 2.199558e-03
-6.106866e-01 2.494611e+00
+2.815952e+00 2.877574e+00
-2.880550e+00 3.886376e+00
-1.464883e-01 5.309672e+00
-1.067476e+00 6.789965e+00
-9.164968e-01 7.985382e+00
+4.362543e-01 8.621040e+00
-6.737656e-01 9.997084e+00
-1.496832e+00 1.013080e+01
-1.414692e+00 1.012122e+01
-2.323889e+00 1.041473e+01
-2.171239e+00 8.933917e+00
+2.370416e+01 8.667255e-01
+2.659685e-04 1.547092e-01
+1.558770e-04 2.855405e-01
+4.043617e-04 3.886470e-01
+6.874551e-05 5.434781e-01
-4.347556e-04 7.372482e-01
+2.063042e-04 8.681354e-01
-1.529835e-04 9.525575e-01
+5.147224e-05 1.112144e+00
+4.396957e-04 1.132660e+00
-4.870501e-05 1.094816e+00
+5.564703e-05 1.020206e+00
-7.038017e-04 9.428338e-01
+1.045452e-04 6.954548e-02
-4.782054e-05 3.147134e-02
-1.132897e-04 5.928568e-02
-1.115624e-04 8.162329e-02
-4.654582e-05 1.120897e-01
-7.495015e-05 1.539951e-01
-9.010430e-05 1.803073e-01
+8.155048e-05 1.956453e-01
+1.239292e-04 2.299281e-01
-1.391249e-05 2.327370e-01
+7.336165e-05 2.261884e-01
+1.772337e-04 2.099888e-01
+8.974683e-05 1.942878e-01
+1.175918e-05 1.393010e-02
-2.160504e-01 3.441679e+02
+2.817483e-01 2.361694e+02
-1.661020e-01 7.049482e+01
+2.120442e-01 4.550833e+01
+1.090274e-01 3.466101e+01
-3.120326e-01 2.707056e+01
-4.033920e-01 2.419069e+01
+2.705637e-01 2.285308e+01
-6.949189e-02 1.824343e+01
-2.498482e-02 1.661282e+01
-2.225069e-03 2.706892e-02
-4.254768e-04 1.075257e-02
+4.766158e-03 1.433375e-01
-3.668367e-03 8.583568e-02
-1.030545e-03 3.051680e-02
-4.097804e-03 4.904717e-02
-1.653027e-03 4.130773e-02
+4.679580e-04 4.285150e-02
+1.651967e-03 3.125657e-02
+4.487850e-04 2.648745e-02
+1.756975e-05 2.650604e-03
-6.574916e-06 1.013907e-03
+1.599682e-05 9.168580e-03
-1.045532e-05 5.642182e-03
-5.863252e-06 2.081683e-03
+3.315945e-05 3.854993e-03
+2.615297e-05 3.439698e-03
-1.878415e-05 3.332804e-03
+3.363125e-06 2.419221e-03
-6.383746e-06 2.200764e-03
-6.105334e-01 2.493731e+00
+2.815944e+00 2.877847e+00
-2.880373e+00 3.886649e+00
-1.465028e-01 5.308796e+00
-1.067933e+00 6.790965e+00
-9.161659e-01 7.985328e+00
+4.362064e-01 8.621587e+00
-6.734620e-01 9.997668e+00
-1.496013e+00 1.012981e+01
-1.414522e+00 1.012039e+01
-2.323595e+00 1.041588e+01
-2.172029e+00 8.932700e+00
+2.370426e+01 8.664820e-01
+2.395455e-04 1.547476e-01
+4.999644e-05 2.855798e-01
+2.596401e-04 3.885473e-01
+4.126600e-05 5.431610e-01
-4.590949e-04 7.370754e-01
+2.026207e-04 8.678657e-01
+1.385483e-05 9.521093e-01
+1.569231e-04 1.111825e+00
+3.576731e-04 1.132262e+00
+4.912986e-06 1.094246e+00
+1.902604e-04 1.019573e+00
-6.211489e-04 9.424676e-01
+1.091201e-04 6.964535e-02
-3.000944e-05 3.155191e-02
-1.094931e-04 5.943947e-02
-1.090261e-04 8.182295e-02
-1.069782e-05 1.123820e-01
-4.480205e-05 1.543856e-01
-7.580373e-05 1.807694e-01
+1.173657e-04 1.961465e-01
+1.095326e-04 2.305189e-01
-8.815919e-05 2.333123e-01
+3.344665e-05 2.268050e-01
+1.389319e-04 2.105420e-01
+1.110523e-04 1.948139e-01
+6.654287e-06 1.396062e-02
-2.182639e-01 3.442244e+02
+2.813171e-01 2.361433e+02
-1.612884e-01 7.052138e+01
+2.083441e-01 4.553172e+01
+1.079795e-01 3.467302e+01
-3.161000e-01 2.705515e+01
-4.050194e-01 2.419092e+01
+2.710093e-01 2.285688e+01
-6.782676e-02 1.825051e+01
-2.454520e-02 1.662118e+01
-2.210842e-03 2.707442e-02
-4.320599e-04 1.075610e-02
+4.794571e-03 1.433425e-01
-3.686868e-03 8.583891e-02
-1.041778e-03 3.052271e-02
-4.062157e-03 4.905394e-02
-1.621720e-03 4.131668e-02
+4.482331e-04 4.285970e-02
+1.657609e-03 3.125871e-02
+4.408499e-04 2.648934e-02
+1.232748e-05 2.651475e-03
-5.085560e-06 1.014423e-03
+2.452832e-05 9.168944e-03
-1.577774e-05 5.642582e-03
-9.787459e-06 2.082339e-03
+3.075755e-05 3.855477e-03
+2.660766e-05 3.440344e-03
-1.749704e-05 3.333493e-03
+4.626033e-06 2.419575e-03
-6.665870e-06 2.201200e-03
-6.102614e-01 2.492522e+00
+2.815994e+00 2.878010e+00
-2.880247e+00 3.886871e+00
-1.465905e-01 5.308181e+00
-1.068528e+00 6.791261e+00
-9.160201e-01 7.985438e+00
+4.362955e-01 8.623342e+00
-6.733109e-01 9.997553e+00
-1.495896e+00 1.012917e+01
-1.414474e+00 1.011841e+01
-2.323325e+00 1.041649e+01
-2.172538e+00 8.930066e+00
+2.370435e+01 8.662363e-01
+2.164877e-04 1.548412e-01
-5.503255e-05 2.857820e-01
+1.559419e-04 3.886939e-01
+6.448854e-05 5.433171e-01
-4.858803e-04 7.374025e-01
+1.242956e-04 8.682843e-01
+1.427864e-04 9.525834e-01
+2.658800e-04 1.112448e+00
+2.038766e-04 1.132780e+00
+3.225227e-06 1.094796e+00
+3.128736e-04 1.019706e+00
-5.135481e-04 9.430596e-01
+1.106299e-04 6.973182e-02
-1.772793e-05 3.160038e-02
-9.818089e-05 5.953906e-02
-8.362639e-05 8.196135e-02
+3.368862e-05 1.125848e-01
-2.200362e-05 1.546319e-01
-7.426087e-05 1.810657e-01
+1.368113e-04 1.964702e-01
+9.619196e-05 2.308968e-01
-1.294846e-04 2.337011e-01
-9.703012e-06 2.272187e-01
+8.869889e-05 2.109374e-01
+1.473066e-04 1.951615e-01
+4.456022e-06 1.397761e-02
-2.204648e-01 3.442804e+02
+2.808802e-01 2.361173e+02
-1.564773e-01 7.054775e+01
+2.046470e-01 4.555502e+01
+1.069302e-01 3.468503e+01
-3.201330e-01 2.703995e+01
-4.066139e-01 2.419115e+01
+2.714439e-01 2.286079e+01
-6.616793e-02 1.825757e+01
-2.411005e-02 1.662949e+01
-2.203323e-03 2.707198e-02
-4.357203e-04 1.075506e-02
+4.823931e-03 1.433385e-01
-3.705830e-03 8.583540e-02
-1.053732e-03 3.052148e-02
-4.036314e-03 4.905365e-02
-1.597859e-03 4.131727e-02
+4.329134e-04 4.285968e-02
+1.663354e-03 3.125715e-02
+4.344386e-04 2.648715e-02
+8.898184e-06 2.651499e-03
-4.530182e-06 1.014465e-03
+3.280941e-05 9.168822e-03
-2.136067e-05 5.642513e-03
-1.315203e-05 2.082404e-03
+2.885355e-05 3.855546e-03
+2.644219e-05 3.440490e-03
-1.718283e-05 3.333621e-03
+6.825907e-06 2.419580e-03
-7.289871e-06 2.201212e-03
-6.099894e-01 2.491314e+00
+2.816044e+00 2.878173e+00
-2.880121e+00 3.887093e+00
-1.466782e-01 5.307565e+00
-1.069122e+00 6.791556e+00
-9.158744e-01 7.985548e+00
+4.363846e-01 8.625097e+00
-6.731598e-01 9.997437e+00
-1.495780e+00 1.012852e+01
-1.414426e+00 1.011642e+01
-2.323056e+00 1.041710e+01
-2.173048e+00 8.927432e+00
+2.370445e+01 8.659907e-01
+1.934300e-04 1.549347e-01
-1.600615e-04 2.859841e-01
+5.224376e-05 3.888404e-01
+8.771108e-05 5.434732e-01
-5.126657e-04 7.377297e-01
+4.597042e-05 8.687030e-01
+2.717180e-04 9.530574e-01
+3.748369e-04 1.113070e+00
+5.008008e-05 1.133299e+00
+1.537468e-06 1.095347e+00
+4.354868e-04 1.019839e+00
-4.059473e-04 9.436516e-01
+1.121397e-04 6.981829e-02
-5.446425e-06 3.164885e-02
-8.686873e-05 5.963866e-02
-5.822673e-05 8.209975e-02
+7.807506e-05 1.127876e-01
+7.948109e-07 1.548783e-01
-7.271800e-05 1.813620e-01
+1.562568e-04 1.967939e-01
+8.285129e-05 2.312747e-01
-1.708100e-04 2.340899e-01
-5.285267e-05 2.276324e-01
+3.846588e-05 2.113327e-01
+1.835609e-04 1.955091e-01
+2.257757e-06 1.399459e-02
-2.226658e-01 3.443364e+02
+2.804434e-01 2.360913e+02
-1.516661e-01 7.057408e+01
+2.009498e-01 4.557828e+01
+1.058808e-01 3.469704e+01
-3.241659e-01 2.702471e+01
-4.082083e-01 2.419138e+01
+2.718785e-01 2.286470e+01
-6.450909e-02 1.826462e+01
-2.367490e-02 1.663780e+01
-2.195805e-03 2.706954e-02
-4.393807e-04 1.075403e-02
+4.853290e-03 1.433345e-01
-3.724792e-03 8.583189e-02
-1.065687e-03 3.052026e-02
-4.010471e-03 4.905337e-02
-1.573998e-03 4.131785e-02
+4.175937e-04 4.285965e-02
+1.669099e-03 3.125559e-02
+4.280274e-04 2.648495e-02
+5.468886e-06 2.651524e-03
-3.974804e-06 1.014507e-03
+4.109051e-05 9.168699e-03
-2.694359e-05 5.642443e-03
-1.651659e-05 2.082469e-03
+2.694954e-05 3.855616e-03
+2.627673e-05 3.440636e-03
-1.686863e-05 3.333750e-03
+9.025780e-06 2.419586e-03
-7.913872e-06 2.201224e-03
-6.098632e-01 2.490040e+00
+2.815921e+00 2.878916e+00
-2.880216e+00 3.887309e+00
-1.468255e-01 5.307628e+00
-1.069736e+00 6.791742e+00
-9.160797e-01 7.984191e+00
+4.365155e-01 8.626294e+00
-6.730129e-01 9.997092e+00
-1.496005e+00 1.013029e+01
-1.414301e+00 1.011647e+01
-2.322789e+00 1.041854e+01
-2.173388e+00 8.925815e+00
+2.370457e+01 8.656805e-01
+1.790000e-04 1.549159e-01
-2.442447e-04 2.859698e-01
-5.467838e-05 3.888322e-01
+1.326425e-04 5.433566e-01
-5.273565e-04 7.377675e-01
-2.052644e-05 8.687113e-01
+4.147170e-04 9.530422e-01
+4.857361e-04 1.112995e+00
-1.188843e-04 1.133454e+00
-5.734601e-05 1.095442e+00
+4.917852e-04 1.019631e+00
-2.434097e-04 9.439056e-01
+1.115577e-04 6.981570e-02
+1.124774e-05 3.164994e-02
-5.536488e-05 5.964165e-02
-1.995052e-05 8.208770e-02
+1.270559e-04 1.127818e-01
+3.763443e-05 1.548517e-01
-5.304126e-05 1.813239e-01
+1.671433e-04 1.967383e-01
+5.438788e-05 2.312246e-01
-2.209940e-04 2.340458e-01
-9.335282e-05 2.276192e-01
-1.107656e-05 2.113124e-01
+2.033298e-04 1.955069e-01
-2.003561e-06 1.399458e-02
-2.248661e-01 3.443929e+02
+2.800065e-01 2.360654e+02
-1.467935e-01 7.060032e+01
+1.972122e-01 4.560157e+01
+1.048081e-01 3.470924e+01
-3.281812e-01 2.700953e+01
-4.097868e-01 2.419172e+01
+2.722937e-01 2.286870e+01
-6.283396e-02 1.827164e+01
-2.324778e-02 1.664621e+01
-2.188097e-03 2.705523e-02
-4.444673e-04 1.074679e-02
+4.900846e-03 1.433156e-01
-3.756208e-03 8.581688e-02
-1.084351e-03 3.051003e-02
-3.979379e-03 4.904558e-02
-1.544678e-03 4.131100e-02
+3.973635e-04 4.285146e-02
+1.680352e-03 3.124823e-02
+4.187469e-04 2.647594e-02
+2.005714e-06 2.651057e-03
-4.521528e-06 1.014290e-03
+5.038712e-05 9.168263e-03
-3.362699e-05 5.642098e-03
-2.009219e-05 2.082250e-03
+2.537024e-05 3.855433e-03
+2.698390e-05 3.440513e-03
-1.627121e-05 3.333598e-03
+1.203757e-05 2.419398e-03
-9.082763e-06 2.200994e-03
-6.097117e-01 2.489026e+00
+2.815721e+00 2.879534e+00
-2.880337e+00 3.887376e+00
-1.469563e-01 5.307975e+00
-1.070471e+00 6.792219e+00
-9.161766e-01 7.984342e+00
+4.367536e-01 8.628267e+00
-6.726115e-01 9.998399e+00
-1.495711e+00 1.013041e+01
-1.413995e+00 1.011513e+01
-2.322223e+00 1.041850e+01
-2.173401e+00 8.924521e+00
+2.370468e+01 8.653192e-01
+1.714053e-04 1.549760e-01
-2.938469e-04 2.861536e-01
-1.449732e-04 3.891243e-01
+1.960605e-04 5.437873e-01
-4.788049e-04 7.384264e-01
-1.575987e-05 8.694336e-01
+5.977051e-04 9.539748e-01
+5.817128e-04 1.113997e+00
-3.017333e-04 1.134464e+00
-7.584034e-05 1.096441e+00
+4.767636e-04 1.020402e+00
-1.104910e-04 9.449294e-01
+1.067964e-04 6.980482e-02
+2.615849e-05 3.162554e-02
-2.229764e-05 5.959248e-02
+2.321399e-05 8.201862e-02
+1.646150e-04 1.126890e-01
+8.780562e-05 1.547099e-01
-3.679259e-05 1.811629e-01
+1.664063e-04 1.965220e-01
+3.080277e-06 2.309921e-01
-2.801525e-04 2.338429e-01
-1.376607e-04 2.274354e-01
-4.591932e-05 2.111361e-01
+2.059300e-04 1.953746e-01
-5.940575e-06 1.398129e-02
-2.270659e-01 3.444500e+02
+2.795674e-01 2.360393e+02
-1.418598e-01 7.062636e+01
+1.934338e-01 4.562482e+01
+1.037124e-01 3.472154e+01
-3.321790e-01 2.699435e+01
-4.113484e-01 2.419212e+01
+2.726907e-01 2.287272e+01
-6.114164e-02 1.827859e+01
-2.282933e-02 1.665465e+01
-2.180253e-03 2.704057e-02
-4.524862e-04 1.073985e-02
+4.960177e-03 1.432891e-01
-3.796427e-03 8.579712e-02
-1.107039e-03 3.049864e-02
-3.944854e-03 4.903594e-02
-1.510740e-03 4.130283e-02
+3.751724e-04 4.284156e-02
+1.696161e-03 3.124013e-02
+4.068855e-04 2.646664e-02
-1.710642e-06 2.648705e-03
-6.054422e-06 1.013022e-03
+5.758170e-05 9.167051e-03
-3.942579e-05 5.640932e-03
-2.270332e-05 2.080907e-03
+2.326762e-05 3.854393e-03
+2.775507e-05 3.439439e-03
-1.469636e-05 3.332463e-03
+1.498047e-05 2.418459e-03
-1.041011e-05 2.199773e-03
-6.095297e-01 2.488945e+00
+2.815664e+00 2.879867e+00
-2.880462e+00 3.887978e+00
-1.469868e-01 5.308093e+00
-1.071085e+00 6.793299e+00
-9.162685e-01 7.984141e+00
+4.370084e-01 8.629399e+00
-6.723277e-01 9.996912e+00
-1.495753e+00 1.013059e+01
-1.414066e+00 1.011472e+01
-2.322138e+00 1.042031e+01
-2.173304e+00 8.922907e+00
+2.370478e+01 8.648637e-01
+1.824562e-04 1.550623e-01
-2.597811e-04 2.863576e-01
-1.791990e-04 3.893538e-01
+2.732073e-04 5.442117e-01
-3.916686e-04 7.391586e-01
+4.404435e-05 8.702441e-01
+7.179031e-04 9.549096e-01
+6.095369e-04 1.115008e+00
-5.219326e-04 1.135527e+00
-1.012817e-04 1.097409e+00
+5.008547e-04 1.021260e+00
-4.518988e-05 9.461475e-01
+9.380948e-05 6.979166e-02
+3.984424e-05 3.159068e-02
-5.593197e-06 5.952680e-02
+6.868569e-05 8.194344e-02
+1.836286e-04 1.125880e-01
+1.300158e-04 1.545554e-01
-4.588402e-05 1.809873e-01
+1.464750e-04 1.963098e-01
-3.699265e-05 2.307158e-01
-3.199499e-04 2.336355e-01
-1.824767e-04 2.272421e-01
-3.797418e-05 2.109420e-01
+1.956356e-04 1.952090e-01
-1.019148e-05 1.395773e-02
-2.292650e-01 3.445073e+02
+2.791222e-01 2.360131e+02
-1.368656e-01 7.065214e+01
+1.896136e-01 4.564801e+01
+1.025946e-01 3.473390e+01
-3.361592e-01 2.697914e+01
-4.128912e-01 2.419254e+01
+2.730722e-01 2.287672e+01
-5.943037e-02 1.828548e+01
-2.242090e-02 1.666311e+01
-2.172647e-03 2.703341e-02
-4.645494e-04 1.073729e-02
+5.018699e-03 1.432681e-01
-3.837747e-03 8.578227e-02
-1.128770e-03 3.049303e-02
-3.910422e-03 4.903006e-02
-1.474748e-03 4.129866e-02
+3.553778e-04 4.283591e-02
+1.713752e-03 3.123557e-02
+3.935901e-04 2.646199e-02
-6.080113e-06 2.644246e-03
-7.659165e-06 1.010573e-03
+5.964081e-05 9.164805e-03
-4.221032e-05 5.638719e-03
-2.332760e-05 2.078201e-03
+1.984940e-05 3.852344e-03
+2.742602e-05 3.437303e-03
-1.217030e-05 3.330197e-03
+1.660155e-05 2.416625e-03
-1.128795e-05 2.197380e-03
-6.094017e-01 2.489295e+00
+2.815622e+00 2.880045e+00
-2.880612e+00 3.887553e+00
-1.470048e-01 5.308293e+00
-1.071453e+00 6.792908e+00
-9.161822e-01 7.984686e+00
+4.374757e-01 8.630821e+00
-6.720618e-01 9.996184e+00
-1.495868e+00 1.012862e+01
-1.413708e+00 1.011352e+01
-2.322171e+00 1.042047e+01
-2.173325e+00 8.920616e+00
+2.370487e+01 8.645076e-01
+1.795810e-04 1.551305e-01
-2.493094e-04 2.865444e-01
-2.186298e-04 3.896522e-01
+2.972354e-04 5.446638e-01
-2.511194e-04 7.398694e-01
+6.510354e-05 8.711393e-01
+8.184120e-04 9.558050e-01
+5.581876e-04 1.116123e+00
-7.759132e-04 1.136733e+00
-1.708860e-04 1.098434e+00
+5.457306e-04 1.022113e+00
-4.455006e-06 9.474716e-01
+8.551100e-05 6.977229e-02
+6.152037e-05 3.156778e-02
-1.195923e-05 5.948280e-02
+1.001807e-04 8.188140e-02
+1.845428e-04 1.125258e-01
+1.354152e-04 1.544318e-01
-7.658189e-05 1.808755e-01
+1.185127e-04 1.961808e-01
-5.107686e-05 2.305220e-01
-3.333650e-04 2.334690e-01
-2.428565e-04 2.270912e-01
-2.321191e-05 2.108117e-01
+1.930098e-04 1.951032e-01
-1.378463e-05 1.393519e-02
-2.314635e-01 3.445649e+02
+2.786654e-01 2.359865e+02
-1.318121e-01 7.067758e+01
+1.857500e-01 4.567119e+01
+1.014560e-01 3.474626e+01
-3.401222e-01 2.696386e+01
-4.144123e-01 2.419296e+01
+2.734419e-01 2.288064e+01
-5.769764e-02 1.829233e+01
-2.202437e-02 1.667159e+01
-2.166093e-03 2.701900e-02
-4.802343e-04 1.073079e-02
+5.076213e-03 1.432448e-01
-3.880321e-03 8.576481e-02
-1.149513e-03 3.048392e-02
-3.875936e-03 4.902093e-02
-1.436733e-03 4.129080e-02
+3.368168e-04 4.282637e-02
+1.732861e-03 3.122839e-02
+3.787848e-04 2.645393e-02
-1.146939e-05 2.641193e-03
-8.095399e-06 1.008914e-03
+5.913745e-05 9.162978e-03
-4.342853e-05 5.637012e-03
-2.312545e-05 2.076261e-03
+1.593469e-05 3.850856e-03
+2.613026e-05 3.435861e-03
-1.072252e-05 3.328632e-03
+1.697033e-05 2.415302e-03
-1.174142e-05 2.195689e-03
