-5.145953e+00 1.152390e+01
+4.602813e+00 1.408020e+01
-1.352261e+00 2.151319e+01
-7.772539e+00 2.214865e+01
+7.878121e-01 1.903663e+01
-2.367644e+00 2.264495e+01
-2.041581e+00 2.555828e+01
-4.180364e+00 2.318940e+01
-1.897015e+00 2.786994e+01
+4.604370e-01 2.452074e+01
-1.482988e-01 2.547279e+01
+1.743439e+00 2.785873e+01
+2.206831e+01 1.405767e+00
-2.474832e-04 5.767896e-01
-4.159723e-04 6.165699e-01
-2.246995e-04 1.029614e+00
+7.948226e-04 1.179295e+00
+9.125757e-04 1.257093e+00
-2.752411e-04 1.485575e+00
+5.849416e-04 1.666922e+00
+3.196160e-04 1.640565e+00
+5.289983e-05 1.853683e+00
+4.004232e-04 1.730538e+00
+4.898726e-04 1.727139e+00
-9.357762e-06 1.655128e+00
+4.047394e-05 3.520138e-02
-5.559030e-05 9.472460e-02
-4.942297e-05 1.034473e-01
-5.801363e-05 1.749951e-01
-4.162871e-05 2.089207e-01
-3.054738e-05 2.351347e-01
+1.718232e-04 2.827184e-01
-8.724189e-05 3.141865e-01
-1.053312e-04 3.173337e-01
+5.294087e-06 3.551478e-01
-1.541829e-05 3.310245e-01
-1.927575e-04 3.284445e-01
+1.418364e-04 3.210077e-01
-2.445739e-05 7.018698e-03
-2.092769e-01 3.439957e+02
+2.829828e-01 2.362485e+02
-1.805621e-01 7.041409e+01
+2.231531e-01 4.543739e+01
+1.121851e-01 3.462519e+01
-2.996337e-01 2.711752e+01
-3.983597e-01 2.419030e+01
+2.691382e-01 2.284203e+01
-7.448914e-02 1.822201e+01
-2.633516e-02 1.658777e+01
-2.303396e-03 2.704348e-02
-3.872409e-04 1.073676e-02
+4.686655e-03 1.433054e-01
-3.608649e-03 8.581089e-02
-1.006417e-03 3.048764e-02
-4.222186e-03 4.901423e-02
-1.743738e-03 4.126448e-02
+5.478944e-04 4.280784e-02
+1.619559e-03 3.124385e-02
+4.799552e-04 2.647469e-02
+2.649414e-05 2.643010e-03
-9.760124e-06 1.009583e-03
-1.155645e-05 9.165225e-03
+3.936043e-06 5.638856e-03
+4.333728e-06 2.076730e-03
+3.200324e-05 3.851642e-03
+1.807519e-05 3.435433e-03
-2.111433e-05 3.328284e-03
+8.519317e-08 2.416339e-03
-4.956703e-06 2.197127e-03
-5.146167e+00 1.152327e+01
+4.602304e+00 1.408010e+01
-1.352666e+00 2.151356e+01
-7.772087e+00 2.215043e+01
+7.882119e-01 1.903765e+01
-2.367675e+00 2.264328e+01
-2.041274e+00 2.556144e+01
-4.180235e+00 2.318807e+01
-1.896773e+00 2.786846e+01
+4.608835e-01 2.452079e+01
-1.481764e-01 2.546798e+01
+1.743373e+00 2.785955e+01
+2.206831e+01 1.405848e+00
-3.098651e-04 5.776362e-01
-4.201489e-04 6.171760e-01
-2.761632e-04 1.030639e+00
+7.005320e-04 1.179988e+00
+8.615694e-04 1.257847e+00
-2.139110e-04 1.486694e+00
+6.167322e-04 1.667801e+00
+2.978715e-04 1.641506e+00
+1.188405e-04 1.855017e+00
+4.297960e-04 1.731448e+00
+4.014459e-04 1.728256e+00
+1.299493e-04 1.656485e+00
+2.483198e-05 3.524853e-02
-4.241040e-05 9.494718e-02
-3.833975e-05 1.036696e-01
-3.678617e-05 1.754272e-01
-5.631707e-05 2.093934e-01
-2.216295e-05 2.356972e-01
+1.632882e-04 2.834605e-01
-6.586777e-05 3.150201e-01
-9.270157e-05 3.181464e-01
-2.112766e-05 3.560693e-01
-6.121774e-06 3.318997e-01
-1.245311e-04 3.292551e-01
+1.468272e-04 3.218070e-01
-2.620230e-05 7.040829e-03
-2.115639e-01 3.440533e+02
+2.825847e-01 2.362219e+02
-1.757382e-01 7.044114e+01
+2.194501e-01 4.546115e+01
+1.111275e-01 3.463703e+01
-3.037986e-01 2.710176e+01
-4.000563e-01 2.419029e+01
+2.696313e-01 2.284568e+01
-7.282787e-02 1.822916e+01
-2.587863e-02 1.659604e+01
-2.273844e-03 2.705695e-02
-4.024441e-04 1.074480e-02
+4.711958e-03 1.433183e-01
-3.629671e-03 8.582195e-02
-1.013356e-03 3.050052e-02
-4.180768e-03 4.902708e-02
-1.716238e-03 4.128133e-02
+5.187071e-04 4.282589e-02
+1.633038e-03 3.125023e-02
+4.685831e-04 2.648156e-02
+2.651508e-05 2.644932e-03
-9.800734e-06 1.010686e-03
-1.905812e-06 9.166090e-03
-8.610914e-07 5.639685e-03
+1.970784e-06 2.077953e-03
+3.365997e-05 3.852519e-03
+2.057237e-05 3.436578e-03
-2.122435e-05 3.329431e-03
+2.315933e-06 2.417039e-03
-5.827449e-06 2.198063e-03
-5.146545e+00 1.152340e+01
+4.601921e+00 1.408059e+01
-1.353052e+00 2.151317e+01
-7.771562e+00 2.215077e+01
+7.887714e-01 1.903919e+01
-2.367735e+00 2.264169e+01
-2.040827e+00 2.556440e+01
-4.180273e+00 2.318646e+01
-1.896512e+00 2.786867e+01
+4.614828e-01 2.451659e+01
-1.481545e-01 2.546162e+01
+1.743534e+00 2.786246e+01
+2.206828e+01 1.405857e+00
-3.378403e-04 5.783907e-01
-4.468888e-04 6.177680e-01
-3.005957e-04 1.031665e+00
+5.735444e-04 1.180639e+00
+7.640807e-04 1.258692e+00
-1.343660e-04 1.487659e+00
+6.407987e-04 1.668722e+00
+2.502907e-04 1.642364e+00
+1.079046e-04 1.856533e+00
+4.406061e-04 1.732422e+00
+3.847336e-04 1.729409e+00
+2.402258e-04 1.657887e+00
-2.890385e-06 3.529294e-02
-1.874520e-05 9.518302e-02
-2.421540e-05 1.038996e-01
-2.966415e-05 1.758522e-01
-5.371825e-05 2.098592e-01
-2.274291e-05 2.362538e-01
+1.426356e-04 2.842213e-01
-7.657391e-05 3.158359e-01
-8.574253e-05 3.189499e-01
-3.373375e-05 3.569732e-01
-1.386408e-05 3.327285e-01
-6.782356e-05 3.300661e-01
+8.922876e-05 3.225902e-01
-2.696430e-05 7.063183e-03
-2.138196e-01 3.441107e+02
+2.821719e-01 2.361956e+02
-1.709184e-01 7.046806e+01
+2.157466e-01 4.548481e+01
+1.100757e-01 3.464899e+01
-3.079317e-01 2.708610e+01
-4.017355e-01 2.419045e+01
+2.701053e-01 2.284936e+01
-7.116049e-02 1.823630e+01
-2.542907e-02 1.660441e+01
-2.246800e-03 2.706289e-02
-4.154293e-04 1.074864e-02
+4.738661e-03 1.433276e-01
-3.649605e-03 8.582907e-02
-1.020964e-03 3.050867e-02
-4.139571e-03 4.903698e-02
-1.686799e-03 4.129448e-02
+4.919728e-04 4.283905e-02
+1.644352e-03 3.125350e-02
+4.581991e-04 2.648470e-02
+2.317411e-05 2.648093e-03
-8.509395e-06 1.012477e-03
+7.200438e-06 9.167477e-03
-5.513849e-06 5.641051e-03
-1.679929e-06 2.079995e-03
+3.456811e-05 3.853865e-03
+2.413271e-05 3.438281e-03
-2.039327e-05 3.331250e-03
+2.913347e-06 2.418240e-03
-6.243834e-06 2.199558e-03
-5.146872e+00 1.152336e+01
+4.601490e+00 1.408111e+01
-1.353337e+00 2.151287e+01
-7.771176e+00 2.214915e+01
+7.894713e-01 1.903885e+01
-2.367748e+00 2.263854e+01
-2.040131e+00 2.556493e+01
-4.179900e+00 2.318517e+01
-1.896394e+00 2.787190e+01
+4.619294e-01 2.451439e+01
-1.478783e-01 2.545903e+01
+1.743960e+00 2.786504e+01
+2.206824e+01 1.405897e+00
-3.515878e-04 5.790757e-01
-4.455633e-04 6.183593e-01
-3.366074e-04 1.032706e+00
+4.776787e-04 1.181471e+00
+6.990665e-04 1.259631e+00
-7.990891e-05 1.488501e+00
+5.976548e-04 1.669981e+00
+1.862991e-04 1.643398e+00
+6.265172e-05 1.857870e+00
+4.495766e-04 1.733356e+00
+3.662873e-04 1.730566e+00
+2.731006e-04 1.659199e+00
-3.231557e-05 3.533875e-02
-4.311248e-06 9.540931e-02
-4.338797e-06 1.041333e-01
-4.116713e-05 1.762693e-01
-2.809668e-05 2.102938e-01
-3.638257e-05 2.368141e-01
+1.024970e-04 2.849905e-01
-1.164310e-04 3.165826e-01
-9.618590e-05 3.197519e-01
-2.561653e-05 3.579135e-01
-3.150061e-05 3.335835e-01
-5.159255e-05 3.309316e-01
-6.981394e-06 3.234107e-01
-2.464127e-05 7.084865e-03
-2.160504e-01 3.441679e+02
+2.817483e-01 2.361694e+02
-1.661020e-01 7.049482e+01
+2.120442e-01 4.550833e+01
+1.090274e-01 3.466101e+01
-3.120326e-01 2.707056e+01
-4.033920e-01 2.419069e+01
+2.705637e-01 2.285308e+01
-6.949189e-02 1.824343e+01
-2.498482e-02 1.661282e+01
-2.225069e-03 2.706892e-02
-4.254768e-04 1.075257e-02
+4.766158e-03 1.433375e-01
-3.668367e-03 8.583568e-02
-1.030545e-03 3.051680e-02
-4.097804e-03 4.904717e-02
-1.653027e-03 4.130773e-02
+4.679580e-04 4.285150e-02
+1.651967e-03 3.125657e-02
+4.487850e-04 2.648745e-02
+1.756975e-05 2.650604e-03
-6.574916e-06 1.013907e-03
+1.599682e-05 9.168580e-03
-1.045532e-05 5.642182e-03
-5.863252e-06 2.081683e-03
+3.315945e-05 3.854993e-03
+2.615297e-05 3.439698e-03
-1.878415e-05 3.332804e-03
+3.363125e-06 2.419221e-03
-6.383746e-06 2.200764e-03
-5.147171e+00 1.152308e+01
+4.600953e+00 1.408186e+01
-1.353675e+00 2.151172e+01
-7.770929e+00 2.214589e+01
+7.899045e-01 1.903954e+01
-2.367683e+00 2.263580e+01
-2.039646e+00 2.556597e+01
-4.179739e+00 2.318184e+01
-1.896437e+00 2.787345e+01
+4.623880e-01 2.451175e+01
-1.474703e-01 2.545686e+01
+1.744286e+00 2.786982e+01
+2.206817e+01 1.405969e+00
-3.416780e-04 5.798051e-01
-4.357242e-04 6.190334e-01
-3.965083e-04 1.033685e+00
+4.576399e-04 1.182316e+00
+6.383074e-04 1.260511e+00
-3.640672e-05 1.489516e+00
+4.605586e-04 1.671172e+00
+1.161290e-04 1.644254e+00
+6.514414e-05 1.859022e+00
+4.002106e-04 1.734276e+00
+3.498987e-04 1.731477e+00
+1.722181e-04 1.660486e+00
-5.105100e-05 3.538016e-02
+2.688366e-06 9.556385e-02
+2.008426e-05 1.043166e-01
-5.353693e-05 1.765840e-01
+8.629649e-06 2.106508e-01
-3.628969e-05 2.372840e-01
+5.812824e-05 2.855862e-01
-1.450226e-04 3.172216e-01
-9.403411e-05 3.204370e-01
+1.174093e-05 3.587471e-01
-4.432310e-05 3.343284e-01
-5.707139e-05 3.316825e-01
-8.924962e-05 3.241386e-01
-1.809359e-05 7.102132e-03
-2.182639e-01 3.442244e+02
+2.813171e-01 2.361433e+02
-1.612884e-01 7.052138e+01
+2.083441e-01 4.553172e+01
+1.079795e-01 3.467302e+01
-3.161000e-01 2.705515e+01
-4.050194e-01 2.419092e+01
+2.710093e-01 2.285688e+01
-6.782676e-02 1.825051e+01
-2.454520e-02 1.662118e+01
-2.210842e-03 2.707442e-02
-4.320599e-04 1.075610e-02
+4.794571e-03 1.433425e-01
-3.686868e-03 8.583891e-02
-1.041778e-03 3.052271e-02
-4.062157e-03 4.905394e-02
-1.621720e-03 4.131668e-02
+4.482331e-04 4.285970e-02
+1.657609e-03 3.125871e-02
+4.408499e-04 2.648934e-02
+1.232748e-05 2.651475e-03
-5.085560e-06 1.014423e-03
+2.452832e-05 9.168944e-03
-1.577774e-05 5.642582e-03
-9.787459e-06 2.082339e-03
+3.075755e-05 3.855477e-03
+2.660766e-05 3.440344e-03
-1.749704e-05 3.333493e-03
+4.626033e-06 2.419575e-03
-6.665870e-06 2.201200e-03
-5.147556e+00 1.152344e+01
+4.600545e+00 1.408245e+01
-1.354201e+00 2.151094e+01
-7.770480e+00 2.214390e+01
+7.904299e-01 1.904056e+01
-2.367758e+00 2.263270e+01
-2.039267e+00 2.556932e+01
-4.179878e+00 2.318230e+01
-1.896389e+00 2.787281e+01
+4.628564e-01 2.450803e+01
-1.472141e-01 2.545329e+01
+1.744348e+00 2.787392e+01
+2.206811e+01 1.405964e+00
-3.424382e-04 5.803595e-01
-3.977286e-04 6.196609e-01
-4.670866e-04 1.034523e+00
+5.073296e-04 1.183098e+00
+5.966343e-04 1.261475e+00
-9.153149e-06 1.490473e+00
+2.795005e-04 1.672370e+00
+6.642830e-07 1.645299e+00
+1.264853e-04 1.860514e+00
+3.581949e-04 1.735468e+00
+2.807425e-04 1.732876e+00
+1.084265e-05 1.662119e+00
-6.317228e-05 3.541879e-02
+5.445091e-06 9.564112e-02
+3.805520e-05 1.044213e-01
-5.897737e-05 1.767677e-01
+3.190123e-05 2.108795e-01
-4.022976e-05 2.375809e-01
+1.913692e-05 2.859324e-01
-1.470789e-04 3.176430e-01
-8.282414e-05 3.208810e-01
+5.346143e-05 3.592537e-01
-5.085278e-05 3.347872e-01
-6.354100e-05 3.321610e-01
-1.394393e-04 3.245861e-01
-1.178588e-05 7.112506e-03
-2.204648e-01 3.442804e+02
+2.808802e-01 2.361173e+02
-1.564773e-01 7.054775e+01
+2.046470e-01 4.555502e+01
+1.069302e-01 3.468503e+01
-3.201330e-01 2.703995e+01
-4.066139e-01 2.419115e+01
+2.714439e-01 2.286079e+01
-6.616793e-02 1.825757e+01
-2.411005e-02 1.662949e+01
-2.203323e-03 2.707198e-02
-4.357203e-04 1.075506e-02
+4.823931e-03 1.433385e-01
-3.705830e-03 8.583540e-02
-1.053732e-03 3.052148e-02
-4.036314e-03 4.905365e-02
-1.597859e-03 4.131727e-02
+4.329134e-04 4.285968e-02
+1.663354e-03 3.125715e-02
+4.344386e-04 2.648715e-02
+8.898184e-06 2.651499e-03
-4.530182e-06 1.014465e-03
+3.280941e-05 9.168822e-03
-2.136067e-05 5.642513e-03
-1.315203e-05 2.082404e-03
+2.885355e-05 3.855546e-03
+2.644219e-05 3.440490e-03
-1.718283e-05 3.333621e-03
+6.825907e-06 2.419580e-03
-7.289871e-06 2.201212e-03
-5.147942e+00 1.152380e+01
+4.600136e+00 1.408304e+01
-1.354727e+00 2.151017e+01
-7.770032e+00 2.214191e+01
+7.909552e-01 1.904157e+01
-2.367833e+00 2.262960e+01
-2.038888e+00 2.557266e+01
-4.180018e+00 2.318276e+01
-1.896341e+00 2.787218e+01
+4.633248e-01 2.450431e+01
-1.469579e-01 2.544973e+01
+1.744409e+00 2.787801e+01
+2.206804e+01 1.405960e+00
-3.431985e-04 5.809140e-01
-3.597330e-04 6.202884e-01
-5.376650e-04 1.035362e+00
+5.570194e-04 1.183880e+00
+5.549612e-04 1.262438e+00
+1.810043e-05 1.491429e+00
+9.844241e-05 1.673568e+00
-1.148004e-04 1.646344e+00
+1.878264e-04 1.862005e+00
+3.161793e-04 1.736661e+00
+2.115862e-04 1.734274e+00
-1.505328e-04 1.663752e+00
-7.529356e-05 3.545742e-02
+8.201817e-06 9.571839e-02
+5.602615e-05 1.045260e-01
-6.441781e-05 1.769515e-01
+5.517281e-05 2.111083e-01
-4.416983e-05 2.378779e-01
-1.985441e-05 2.862786e-01
-1.491353e-04 3.180645e-01
-7.161418e-05 3.213250e-01
+9.518192e-05 3.597602e-01
-5.738245e-05 3.352459e-01
-7.001060e-05 3.326394e-01
-1.896290e-04 3.250336e-01
-5.478174e-06 7.122880e-03
-2.226658e-01 3.443364e+02
+2.804434e-01 2.360913e+02
-1.516661e-01 7.057408e+01
+2.009498e-01 4.557828e+01
+1.058808e-01 3.469704e+01
-3.241659e-01 2.702471e+01
-4.082083e-01 2.419138e+01
+2.718785e-01 2.286470e+01
-6.450909e-02 1.826462e+01
-2.367490e-02 1.663780e+01
-2.195805e-03 2.706954e-02
-4.393807e-04 1.075403e-02
+4.853290e-03 1.433345e-01
-3.724792e-03 8.583189e-02
-1.065687e-03 3.052026e-02
-4.010471e-03 4.905337e-02
-1.573998e-03 4.131785e-02
+4.175937e-04 4.285965e-02
+1.669099e-03 3.125559e-02
+4.280274e-04 2.648495e-02
+5.468886e-06 2.651524e-03
-3.974804e-06 1.014507e-03
+4.109051e-05 9.168699e-03
-2.694359e-05 5.642443e-03
-1.651659e-05 2.082469e-03
+2.694954e-05 3.855616e-03
+2.627673e-05 3.440636e-03
-1.686863e-05 3.333750e-03
+9.025780e-06 2.419586e-03
-7.913872e-06 2.201224e-03
-5.148256e+00 1.152455e+01
+4.599710e+00 1.408398e+01
-1.355254e+00 2.151050e+01
-7.769792e+00 2.214047e+01
+7.914166e-01 1.904148e+01
-2.367742e+00 2.262886e+01
-2.038733e+00 2.557819e+01
-4.180151e+00 2.318384e+01
-1.896161e+00 2.786877e+01
+4.638023e-01 2.449823e+01
-1.470127e-01 2.545054e+01
+1.744393e+00 2.787986e+01
+2.206797e+01 1.405850e+00
-3.478118e-04 5.808880e-01
-2.935914e-04 6.203683e-01
-6.165312e-04 1.035233e+00
+5.786865e-04 1.183847e+00
+4.674046e-04 1.262552e+00
+6.912295e-06 1.491100e+00
-4.913008e-05 1.673216e+00
-2.413106e-04 1.646048e+00
+2.117631e-04 1.861890e+00
+2.350471e-04 1.736166e+00
+1.460336e-04 1.734198e+00
-3.432822e-04 1.663844e+00
-9.133468e-05 3.545002e-02
+9.216285e-06 9.570205e-02
+7.432377e-05 1.045124e-01
-6.551540e-05 1.769365e-01
+8.927544e-05 2.110900e-01
-5.352729e-05 2.378529e-01
-8.601848e-05 2.862273e-01
-1.493687e-04 3.180563e-01
-4.004623e-05 3.213270e-01
+1.526307e-04 3.597405e-01
-4.972393e-05 3.352222e-01
-4.722632e-05 3.326565e-01
-2.436341e-04 3.250479e-01
+3.948752e-06 7.123157e-03
-2.248661e-01 3.443929e+02
+2.800065e-01 2.360654e+02
-1.467935e-01 7.060032e+01
+1.972122e-01 4.560157e+01
+1.048081e-01 3.470924e+01
-3.281812e-01 2.700953e+01
-4.097868e-01 2.419172e+01
+2.722937e-01 2.286870e+01
-6.283396e-02 1.827164e+01
-2.324778e-02 1.664621e+01
-2.188097e-03 2.705523e-02
-4.444673e-04 1.074679e-02
+4.900846e-03 1.433156e-01
-3.756208e-03 8.581688e-02
-1.084351e-03 3.051003e-02
-3.979379e-03 4.904558e-02
-1.544678e-03 4.131100e-02
+3.973635e-04 4.285146e-02
+1.680352e-03 3.124823e-02
+4.187469e-04 2.647594e-02
+2.005714e-06 2.651057e-03
-4.521528e-06 1.014290e-03
+5.038712e-05 9.168263e-03
-3.362699e-05 5.642098e-03
-2.009219e-05 2.082250e-03
+2.537024e-05 3.855433e-03
+2.698390e-05 3.440513e-03
-1.627121e-05 3.333598e-03
+1.203757e-05 2.419398e-03
-9.082763e-06 2.200994e-03
-5.148614e+00 1.152531e+01
+4.599294e+00 1.408614e+01
-1.355862e+00 2.151015e+01
-7.769576e+00 2.214024e+01
+7.915866e-01 1.904035e+01
-2.367646e+00 2.262759e+01
-2.038549e+00 2.558168e+01
-4.180445e+00 2.318606e+01
-1.896059e+00 2.786566e+01
+4.643595e-01 2.449181e+01
-1.470200e-01 2.544530e+01
+1.744447e+00 2.788133e+01
+2.206786e+01 1.405749e+00
-3.550400e-04 5.806751e-01
-2.307476e-04 6.203086e-01
-7.036316e-04 1.034975e+00
+5.730407e-04 1.183892e+00
+3.527770e-04 1.262815e+00
-9.520794e-05 1.491127e+00
-1.527865e-04 1.673151e+00
-2.984546e-04 1.646170e+00
+3.302779e-04 1.862140e+00
+2.258836e-04 1.736119e+00
+1.367983e-04 1.734445e+00
-5.637595e-04 1.663864e+00
-9.789506e-05 3.544855e-02
+7.045465e-06 9.561158e-02
+9.540369e-05 1.044253e-01
-5.958525e-05 1.767858e-01
+1.321913e-04 2.109140e-01
-5.283483e-05 2.376423e-01
-1.528196e-04 2.859206e-01
-1.687759e-04 3.178145e-01
-5.355518e-06 3.210873e-01
+2.172050e-04 3.594211e-01
-4.552277e-05 3.349040e-01
-2.251089e-05 3.324098e-01
-2.904394e-04 3.248213e-01
+1.652307e-05 7.115318e-03
-2.270659e-01 3.444500e+02
+2.795674e-01 2.360393e+02
-1.418598e-01 7.062636e+01
+1.934338e-01 4.562482e+01
+1.037124e-01 3.472154e+01
-3.321790e-01 2.699435e+01
-4.113484e-01 2.419212e+01
+2.726907e-01 2.287272e+01
-6.114164e-02 1.827859e+01
-2.282933e-02 1.665465e+01
-2.180253e-03 2.704057e-02
-4.524862e-04 1.073985e-02
+4.960177e-03 1.432891e-01
-3.796427e-03 8.579712e-02
-1.107039e-03 3.049864e-02
-3.944854e-03 4.903594e-02
-1.510740e-03 4.130283e-02
+3.751724e-04 4.284156e-02
+1.696161e-03 3.124013e-02
+4.068855e-04 2.646664e-02
-1.710642e-06 2.648705e-03
-6.054422e-06 1.013022e-03
+5.758170e-05 9.167051e-03
-3.942579e-05 5.640932e-03
-2.270332e-05 2.080907e-03
+2.326762e-05 3.854393e-03
+2.775507e-05 3.439439e-03
-1.469636e-05 3.332463e-03
+1.498047e-05 2.418459e-03
-1.041011e-05 2.199773e-03
-5.148969e+00 1.152647e+01
+4.599014e+00 1.408824e+01
-1.356471e+00 2.150818e+01
-7.769488e+00 2.213873e+01
+7.916728e-01 1.904083e+01
-2.367744e+00 2.262641e+01
-2.038213e+00 2.558435e+01
-4.180714e+00 2.318572e+01
-1.896105e+00 2.786457e+01
+4.646813e-01 2.448604e+01
-1.470331e-01 2.544485e+01
+1.744309e+00 2.788368e+01
+2.206774e+01 1.405609e+00
-3.696720e-04 5.804386e-01
-1.646214e-04 6.201865e-01
-7.649007e-04 1.034723e+00
+6.352065e-04 1.183887e+00
+2.245980e-04 1.262820e+00
-2.877259e-04 1.491281e+00
-2.692862e-04 1.673226e+00
-2.884917e-04 1.646414e+00
+4.801449e-04 1.862264e+00
+2.516767e-04 1.736300e+00
+2.456737e-04 1.734801e+00
-7.894497e-04 1.663696e+00
-9.359972e-05 3.545214e-02
-3.532663e-06 9.546328e-02
+1.174408e-04 1.042941e-01
-5.785376e-05 1.765430e-01
+1.897786e-04 2.106648e-01
-2.729636e-05 2.373764e-01
-1.815286e-04 2.855173e-01
-2.182714e-04 3.174422e-01
-5.406236e-06 3.207417e-01
+2.739059e-04 3.589841e-01
-6.109609e-05 3.344434e-01
-1.265001e-05 3.320183e-01
-3.200041e-04 3.244361e-01
+3.004205e-05 7.102493e-03
-2.292650e-01 3.445073e+02
+2.791222e-01 2.360131e+02
-1.368656e-01 7.065214e+01
+1.896136e-01 4.564801e+01
+1.025946e-01 3.473390e+01
-3.361592e-01 2.697914e+01
-4.128912e-01 2.419254e+01
+2.730722e-01 2.287672e+01
-5.943037e-02 1.828548e+01
-2.242090e-02 1.666311e+01
-2.172647e-03 2.703341e-02
-4.645494e-04 1.073729e-02
+5.018699e-03 1.432681e-01
-3.837747e-03 8.578227e-02
-1.128770e-03 3.049303e-02
-3.910422e-03 4.903006e-02
-1.474748e-03 4.129866e-02
+3.553778e-04 4.283591e-02
+1.713752e-03 3.123557e-02
+3.935901e-04 2.646199e-02
-6.080113e-06 2.644246e-03
-7.659165e-06 1.010573e-03
+5.964081e-05 9.164805e-03
-4.221032e-05 5.638719e-03
-2.332760e-05 2.078201e-03
+1.984940e-05 3.852344e-03
+2.742602e-05 3.437303e-03
-1.217030e-05 3.330197e-03
+1.660155e-05 2.416625e-03
-1.128795e-05 2.197380e-03
-5.149303e+00 1.152781e+01
+4.598640e+00 1.408951e+01
-1.357122e+00 2.150834e+01
-7.769577e+00 2.213716e+01
+7.916335e-01 1.904049e+01
-2.368117e+00 2.262426e+01
-2.037845e+00 2.558646e+01
-4.180645e+00 2.318578e+01
-1.895538e+00 2.786627e+01
+4.654851e-01 2.448287e+01
-1.469172e-01 2.544051e+01
+1.744090e+00 2.788191e+01
+2.206767e+01 1.405393e+00
-3.984551e-04 5.801604e-01
-7.215198e-05 6.200939e-01
-8.080907e-04 1.034463e+00
+6.935213e-04 1.183797e+00
+1.305025e-04 1.262754e+00
-4.574509e-04 1.491357e+00
-4.584909e-04 1.673479e+00
-3.019912e-04 1.646659e+00
+6.312615e-04 1.862306e+00
+2.231464e-04 1.736388e+00
+3.069513e-04 1.734972e+00
-9.922214e-04 1.663701e+00
-8.095523e-05 3.544580e-02
-2.555594e-05 9.529861e-02
+1.547268e-04 1.041502e-01
-6.114246e-05 1.762946e-01
+2.444002e-04 2.104328e-01
+2.891952e-05 2.371383e-01
-1.613843e-04 2.851475e-01
-2.713571e-04 3.170789e-01
-7.696855e-05 3.204415e-01
+2.746178e-04 3.585818e-01
-1.280550e-04 3.340747e-01
-3.373714e-05 3.316153e-01
-3.402747e-04 3.239878e-01
+3.848737e-05 7.091674e-03
-2.314635e-01 3.445649e+02
+2.786654e-01 2.359865e+02
-1.318121e-01 7.067758e+01
+1.857500e-01 4.567119e+01
+1.014560e-01 3.474626e+01
-3.401222e-01 2.696386e+01
-4.144123e-01 2.419296e+01
+2.734419e-01 2.288064e+01
-5.769764e-02 1.829233e+01
-2.202437e-02 1.667159e+01
-2.166093e-03 2.701900e-02
-4.802343e-04 1.073079e-02
+5.076213e-03 1.432448e-01
-3.880321e-03 8.576481e-02
-1.149513e-03 3.048392e-02
-3.875936e-03 4.902093e-02
-1.436733e-03 4.129080e-02
+3.368168e-04 4.282637e-02
+1.732861e-03 3.122839e-02
+3.787848e-04 2.645393e-02
-1.146939e-05 2.641193e-03
-8.095399e-06 1.008914e-03
+5.913745e-05 9.162978e-03
-4.342853e-05 5.637012e-03
-2.312545e-05 2.076261e-03
+1.593469e-05 3.850856e-03
+2.613026e-05 3.435861e-03
-1.072252e-05 3.328632e-03
+1.697033e-05 2.415302e-03
-1.174142e-05 2.195689e-03
