+4.136776e+00 2.169065e+00
+4.543319e+00 3.717648e+00
-2.483737e+00 4.844334e+00
-2.171037e+00 7.149958e+00
-4.024865e+00 8.094204e+00
-2.451836e+00 9.218058e+00
+2.893102e-01 9.959812e+00
-7.593869e-02 1.136794e+01
-1.520561e+00 1.091330e+01
-7.978964e-01 1.091168e+01
-9.166801e-01 9.263468e+00
-5.966375e-01 8.778495e+00
+2.334246e+01 1.351095e+00
+1.660700e-04 1.535083e-01
-2.414141e-04 2.929145e-01
+4.664385e-04 3.985284e-01
+1.703033e-04 5.876274e-01
-6.948272e-04 7.481192e-01
-1.190317e-03 9.470099e-01
-2.287514e-04 1.075860e+00
+3.969640e-04 1.285897e+00
-1.283469e-04 1.221610e+00
-3.794015e-04 1.234398e+00
-1.485622e-04 1.043931e+00
+3.530251e-04 9.975604e-01
+1.325285e-05 7.212618e-02
+3.657506e-06 2.988666e-02
+8.399846e-05 5.751910e-02
-1.736540e-04 7.959408e-02
-1.126658e-04 1.184773e-01
-2.864691e-05 1.505959e-01
+1.237485e-04 1.931593e-01
-5.570692e-05 2.206669e-01
+3.802391e-05 2.648593e-01
+2.139361e-04 2.494458e-01
+1.134201e-04 2.534940e-01
+1.102951e-04 2.128684e-01
+4.628542e-05 2.026186e-01
-3.354095e-06 1.487670e-02
-2.092769e-01 3.439957e+02
+2.829828e-01 2.362485e+02
-1.805621e-01 7.041409e+01
+2.231531e-01 4.543739e+01
+1.121851e-01 3.462519e+01
-2.996337e-01 2.711752e+01
-3.983597e-01 2.419030e+01
+2.691382e-01 2.284203e+01
-7.448914e-02 1.822201e+01
-2.633516e-02 1.658777e+01
-2.303396e-03 2.704348e-02
-3.872409e-04 1.073676e-02
+4.686655e-03 1.433054e-01
-3.608649e-03 8.581089e-02
-1.006417e-03 3.048764e-02
-4.222186e-03 4.901423e-02
-1.743738e-03 4.126448e-02
+5.478944e-04 4.280784e-02
+1.619559e-03 3.124385e-02
+4.799552e-04 2.647469e-02
+2.649414e-05 2.643010e-03
-9.760124e-06 1.009583e-03
-1.155645e-05 9.165225e-03
+3.936043e-06 5.638856e-03
+4.333728e-06 2.076730e-03
+3.200324e-05 3.851642e-03
+1.807519e-05 3.435433e-03
-2.111433e-05 3.328284e-03
+8.519317e-08 2.416339e-03
-4.956703e-06 2.197127e-03
+4.136950e+00 2.169014e+00
+4.543199e+00 3.717678e+00
-2.483675e+00 4.844838e+00
-2.171107e+00 7.149929e+00
-4.025556e+00 8.093424e+00
-2.452416e+00 9.219879e+00
+2.891794e-01 9.961700e+00
-7.582993e-02 1.136962e+01
-1.520637e+00 1.090985e+01
-7.981407e-01 1.091159e+01
-9.168197e-01 9.262770e+00
-5.962725e-01 8.778014e+00
+2.334246e+01 1.350933e+00
+1.712688e-04 1.534816e-01
-2.159899e-04 2.928302e-01
+3.544122e-04 3.983996e-01
+9.724951e-05 5.872296e-01
-7.131149e-04 7.477402e-01
-1.056039e-03 9.466170e-01
-2.319457e-04 1.075399e+00
+3.381433e-04 1.285482e+00
-6.076667e-05 1.220622e+00
-2.688090e-04 1.233644e+00
-1.280714e-04 1.043477e+00
+2.950978e-04 9.968715e-01
+6.816439e-06 7.222290e-02
-9.211095e-06 2.994736e-02
+7.419490e-05 5.765304e-02
-1.347529e-04 7.976514e-02
-9.992026e-05 1.187342e-01
+1.064955e-05 1.509385e-01
+1.532547e-04 1.936075e-01
-3.963646e-05 2.212002e-01
+1.695292e-05 2.654887e-01
+2.124615e-04 2.500489e-01
+1.086091e-04 2.541231e-01
+1.123517e-04 2.133370e-01
+1.949346e-05 2.030686e-01
+4.602097e-06 1.491988e-02
-2.115639e-01 3.440533e+02
+2.825847e-01 2.362219e+02
-1.757382e-01 7.044114e+01
+2.194501e-01 4.546115e+01
+1.111275e-01 3.463703e+01
-3.037986e-01 2.710176e+01
-4.000563e-01 2.419029e+01
+2.696313e-01 2.284568e+01
-7.282787e-02 1.822916e+01
-2.587863e-02 1.659604e+01
-2.273844e-03 2.705695e-02
-4.024441e-04 1.074480e-02
+4.711958e-03 1.433183e-01
-3.629671e-03 8.582195e-02
-1.013356e-03 3.050052e-02
-4.180768e-03 4.902708e-02
-1.716238e-03 4.128133e-02
+5.187071e-04 4.282589e-02
+1.633038e-03 3.125023e-02
+4.685831e-04 2.648156e-02
+2.651508e-05 2.644932e-03
-9.800734e-06 1.010686e-03
-1.905812e-06 9.166090e-03
-8.610914e-07 5.639685e-03
+1.970784e-06 2.077953e-03
+3.365997e-05 3.852519e-03
+2.057237e-05 3.436578e-03
-2.122435e-05 3.329431e-03
+2.315933e-06 2.417039e-03
-5.827449e-06 2.198063e-03
+4.137069e+00 2.168861e+00
+4.542998e+00 3.717605e+00
-2.483524e+00 4.845556e+00
-2.171243e+00 7.149828e+00
-4.026045e+00 8.092612e+00
-2.452922e+00 9.221155e+00
+2.890527e-01 9.961038e+00
-7.566186e-02 1.137041e+01
-1.520514e+00 1.090702e+01
-7.983112e-01 1.091043e+01
-9.172547e-01 9.261850e+00
-5.962855e-01 8.777075e+00
+2.334243e+01 1.350760e+00
+1.643652e-04 1.534404e-01
-1.648783e-04 2.927572e-01
+2.995832e-04 3.983124e-01
+2.304321e-05 5.868403e-01
-6.639630e-04 7.472754e-01
-8.375379e-04 9.461329e-01
-2.089970e-04 1.075013e+00
+3.194404e-04 1.284995e+00
+1.349047e-04 1.219801e+00
-9.599325e-05 1.232787e+00
-7.181119e-05 1.042969e+00
+2.418690e-04 9.960800e-01
-9.284748e-08 7.231938e-02
-1.239473e-05 3.000611e-02
+7.394901e-05 5.778028e-02
-9.668070e-05 7.993468e-02
-7.220163e-05 1.189860e-01
+5.292822e-05 1.512845e-01
+1.735247e-04 1.940696e-01
-2.087349e-05 2.217163e-01
+1.519960e-05 2.661129e-01
+1.710109e-04 2.505993e-01
+6.235441e-05 2.547427e-01
+1.226266e-04 2.138303e-01
+7.906731e-06 2.035531e-01
+1.014722e-05 1.496346e-02
-2.138196e-01 3.441107e+02
+2.821719e-01 2.361956e+02
-1.709184e-01 7.046806e+01
+2.157466e-01 4.548481e+01
+1.100757e-01 3.464899e+01
-3.079317e-01 2.708610e+01
-4.017355e-01 2.419045e+01
+2.701053e-01 2.284936e+01
-7.116049e-02 1.823630e+01
-2.542907e-02 1.660441e+01
-2.246800e-03 2.706289e-02
-4.154293e-04 1.074864e-02
+4.738661e-03 1.433276e-01
-3.649605e-03 8.582907e-02
-1.020964e-03 3.050867e-02
-4.139571e-03 4.903698e-02
-1.686799e-03 4.129448e-02
+4.919728e-04 4.283905e-02
+1.644352e-03 3.125350e-02
+4.581991e-04 2.648470e-02
+2.317411e-05 2.648093e-03
-8.509395e-06 1.012477e-03
+7.200438e-06 9.167477e-03
-5.513849e-06 5.641051e-03
-1.679929e-06 2.079995e-03
+3.456811e-05 3.853865e-03
+2.413271e-05 3.438281e-03
-2.039327e-05 3.331250e-03
+2.913347e-06 2.418240e-03
-6.243834e-06 2.199558e-03
+4.137271e+00 2.168720e+00
+4.542924e+00 3.717246e+00
-2.483479e+00 4.845819e+00
-2.171167e+00 7.150234e+00
-4.026583e+00 8.091735e+00
-2.453341e+00 9.221511e+00
+2.888312e-01 9.961756e+00
-7.542220e-02 1.137072e+01
-1.520192e+00 1.090399e+01
-7.980165e-01 1.090918e+01
-9.169965e-01 9.261235e+00
-5.962618e-01 8.774892e+00
+2.334242e+01 1.350542e+00
+1.460997e-04 1.534079e-01
-1.179671e-04 2.926822e-01
+2.814954e-04 3.982204e-01
-2.705084e-05 5.864691e-01
-5.472222e-04 7.468440e-01
-6.600642e-04 9.458026e-01
-2.069733e-04 1.074607e+00
+3.095710e-04 1.284350e+00
+2.438514e-04 1.218922e+00
-6.189238e-05 1.232242e+00
+2.013805e-06 1.042557e+00
+2.015789e-04 9.952803e-01
+6.895106e-06 7.241733e-02
-7.629367e-06 3.007208e-02
+6.701834e-05 5.792838e-02
-6.508153e-05 8.013697e-02
-4.846390e-05 1.192728e-01
+7.687398e-05 1.516654e-01
+1.752344e-04 1.945684e-01
-5.284612e-06 2.223263e-01
+2.421606e-05 2.668467e-01
+8.755189e-05 2.512357e-01
-2.619320e-05 2.554186e-01
+9.387861e-05 2.143793e-01
-1.062520e-05 2.041083e-01
+1.220860e-05 1.500475e-02
-2.160504e-01 3.441679e+02
+2.817483e-01 2.361694e+02
-1.661020e-01 7.049482e+01
+2.120442e-01 4.550833e+01
+1.090274e-01 3.466101e+01
-3.120326e-01 2.707056e+01
-4.033920e-01 2.419069e+01
+2.705637e-01 2.285308e+01
-6.949189e-02 1.824343e+01
-2.498482e-02 1.661282e+01
-2.225069e-03 2.706892e-02
-4.254768e-04 1.075257e-02
+4.766158e-03 1.433375e-01
-3.668367e-03 8.583568e-02
-1.030545e-03 3.051680e-02
-4.097804e-03 4.904717e-02
-1.653027e-03 4.130773e-02
+4.679580e-04 4.285150e-02
+1.651967e-03 3.125657e-02
+4.487850e-04 2.648745e-02
+1.756975e-05 2.650604e-03
-6.574916e-06 1.013907e-03
+1.599682e-05 9.168580e-03
-1.045532e-05 5.642182e-03
-5.863252e-06 2.081683e-03
+3.315945e-05 3.854993e-03
+2.615297e-05 3.439698e-03
-1.878415e-05 3.332804e-03
+3.363125e-06 2.419221e-03
-6.383746e-06 2.200764e-03
+4.137433e+00 2.168386e+00
+4.542915e+00 3.716823e+00
-2.483254e+00 4.846291e+00
-2.171325e+00 7.149729e+00
-4.027033e+00 8.090341e+00
-2.453751e+00 9.221466e+00
+2.886990e-01 9.963021e+00
-7.511186e-02 1.137241e+01
-1.519627e+00 1.090200e+01
-7.978033e-01 1.090560e+01
-9.169292e-01 9.260165e+00
-5.960400e-01 8.773122e+00
+2.334240e+01 1.350213e+00
+1.505301e-04 1.533716e-01
-5.907739e-05 2.926521e-01
+2.443963e-04 3.981638e-01
-4.311048e-05 5.861563e-01
-4.732604e-04 7.463888e-01
-4.998512e-04 9.454415e-01
-1.924802e-04 1.074038e+00
+3.372422e-04 1.283869e+00
+2.208218e-04 1.217956e+00
-1.674641e-04 1.231757e+00
+9.071124e-05 1.042231e+00
+1.838730e-04 9.946636e-01
+2.065424e-05 7.251034e-02
+5.406735e-06 3.013337e-02
+5.396424e-05 5.806527e-02
-5.722660e-05 8.033315e-02
-1.940322e-05 1.195447e-01
+7.602366e-05 1.520266e-01
+1.628601e-04 1.950287e-01
+5.426158e-06 2.229298e-01
+2.551403e-05 2.675502e-01
-1.766558e-05 2.519029e-01
-1.025016e-04 2.560529e-01
+5.233074e-05 2.148837e-01
-4.815316e-05 2.046170e-01
+1.171835e-05 1.503674e-02
-2.182639e-01 3.442244e+02
+2.813171e-01 2.361433e+02
-1.612884e-01 7.052138e+01
+2.083441e-01 4.553172e+01
+1.079795e-01 3.467302e+01
-3.161000e-01 2.705515e+01
-4.050194e-01 2.419092e+01
+2.710093e-01 2.285688e+01
-6.782676e-02 1.825051e+01
-2.454520e-02 1.662118e+01
-2.210842e-03 2.707442e-02
-4.320599e-04 1.075610e-02
+4.794571e-03 1.433425e-01
-3.686868e-03 8.583891e-02
-1.041778e-03 3.052271e-02
-4.062157e-03 4.905394e-02
-1.621720e-03 4.131668e-02
+4.482331e-04 4.285970e-02
+1.657609e-03 3.125871e-02
+4.408499e-04 2.648934e-02
+1.232748e-05 2.651475e-03
-5.085560e-06 1.014423e-03
+2.452832e-05 9.168944e-03
-1.577774e-05 5.642582e-03
-9.787459e-06 2.082339e-03
+3.075755e-05 3.855477e-03
+2.660766e-05 3.440344e-03
-1.749704e-05 3.333493e-03
+4.626033e-06 2.419575e-03
-6.665870e-06 2.201200e-03
+4.137490e+00 2.168174e+00
+4.542782e+00 3.716637e+00
-2.482984e+00 4.847046e+00
-2.171458e+00 7.149956e+00
-4.027384e+00 8.089406e+00
-2.454196e+00 9.222640e+00
+2.885521e-01 9.962975e+00
-7.492604e-02 1.137149e+01
-1.519635e+00 1.089946e+01
-7.982999e-01 1.090516e+01
-9.169948e-01 9.260704e+00
-5.957171e-01 8.772072e+00
+2.334245e+01 1.349767e+00
+1.573670e-04 1.534164e-01
-2.161509e-05 2.927979e-01
+2.023032e-04 3.983654e-01
-5.820980e-05 5.863105e-01
-4.070380e-04 7.464974e-01
-3.530556e-04 9.456561e-01
-1.653418e-04 1.074526e+00
+3.780322e-04 1.284640e+00
+1.260633e-04 1.218041e+00
-3.616228e-04 1.232132e+00
+7.906442e-05 1.042692e+00
+1.092982e-04 9.948831e-01
+3.106180e-05 7.258780e-02
+2.068233e-05 3.017403e-02
+4.092073e-05 5.815455e-02
-5.888441e-05 8.046568e-02
+5.135385e-06 1.197278e-01
+6.404581e-05 1.522762e-01
+1.604172e-04 1.953383e-01
+1.757172e-05 2.233400e-01
+2.122955e-05 2.680010e-01
-9.116036e-05 2.523562e-01
-1.272642e-04 2.565054e-01
+8.855101e-06 2.152283e-01
-9.606504e-05 2.049569e-01
+7.310872e-06 1.505516e-02
-2.204648e-01 3.442804e+02
+2.808802e-01 2.361173e+02
-1.564773e-01 7.054775e+01
+2.046470e-01 4.555502e+01
+1.069302e-01 3.468503e+01
-3.201330e-01 2.703995e+01
-4.066139e-01 2.419115e+01
+2.714439e-01 2.286079e+01
-6.616793e-02 1.825757e+01
-2.411005e-02 1.662949e+01
-2.203323e-03 2.707198e-02
-4.357203e-04 1.075506e-02
+4.823931e-03 1.433385e-01
-3.705830e-03 8.583540e-02
-1.053732e-03 3.052148e-02
-4.036314e-03 4.905365e-02
-1.597859e-03 4.131727e-02
+4.329134e-04 4.285968e-02
+1.663354e-03 3.125715e-02
+4.344386e-04 2.648715e-02
+8.898184e-06 2.651499e-03
-4.530182e-06 1.014465e-03
+3.280941e-05 9.168822e-03
-2.136067e-05 5.642513e-03
-1.315203e-05 2.082404e-03
+2.885355e-05 3.855546e-03
+2.644219e-05 3.440490e-03
-1.718283e-05 3.333621e-03
+6.825907e-06 2.419580e-03
-7.289871e-06 2.201212e-03
+4.137546e+00 2.167962e+00
+4.542649e+00 3.716452e+00
-2.482714e+00 4.847801e+00
-2.171591e+00 7.150183e+00
-4.027736e+00 8.088470e+00
-2.454642e+00 9.223814e+00
+2.884051e-01 9.962930e+00
-7.474022e-02 1.137058e+01
-1.519643e+00 1.089692e+01
-7.987966e-01 1.090472e+01
-9.170604e-01 9.261242e+00
-5.953943e-01 8.771022e+00
+2.334250e+01 1.349321e+00
+1.642039e-04 1.534612e-01
+1.584721e-05 2.929437e-01
+1.602102e-04 3.985670e-01
-7.330912e-05 5.864647e-01
-3.408157e-04 7.466061e-01
-2.062600e-04 9.458707e-01
-1.382034e-04 1.075013e+00
+4.188223e-04 1.285411e+00
+3.130469e-05 1.218126e+00
-5.557815e-04 1.232506e+00
+6.741760e-05 1.043154e+00
+3.472333e-05 9.951025e-01
+4.146937e-05 7.266527e-02
+3.595792e-05 3.021468e-02
+2.787722e-05 5.824382e-02
-6.054221e-05 8.059822e-02
+2.967399e-05 1.199108e-01
+5.206797e-05 1.525258e-01
+1.579743e-04 1.956479e-01
+2.971727e-05 2.237503e-01
+1.694506e-05 2.684518e-01
-1.646552e-04 2.528094e-01
-1.520267e-04 2.569579e-01
-3.462053e-05 2.155730e-01
-1.439769e-04 2.052967e-01
+2.903395e-06 1.507358e-02
-2.226658e-01 3.443364e+02
+2.804434e-01 2.360913e+02
-1.516661e-01 7.057408e+01
+2.009498e-01 4.557828e+01
+1.058808e-01 3.469704e+01
-3.241659e-01 2.702471e+01
-4.082083e-01 2.419138e+01
+2.718785e-01 2.286470e+01
-6.450909e-02 1.826462e+01
-2.367490e-02 1.663780e+01
-2.195805e-03 2.706954e-02
-4.393807e-04 1.075403e-02
+4.853290e-03 1.433345e-01
-3.724792e-03 8.583189e-02
-1.065687e-03 3.052026e-02
-4.010471e-03 4.905337e-02
-1.573998e-03 4.131785e-02
+4.175937e-04 4.285965e-02
+1.669099e-03 3.125559e-02
+4.280274e-04 2.648495e-02
+5.468886e-06 2.651524e-03
-3.974804e-06 1.014507e-03
+4.109051e-05 9.168699e-03
-2.694359e-05 5.642443e-03
-1.651659e-05 2.082469e-03
+2.694954e-05 3.855616e-03
+2.627673e-05 3.440636e-03
-1.686863e-05 3.333750e-03
+9.025780e-06 2.419586e-03
-7.913872e-06 2.201224e-03
+4.137622e+00 2.167656e+00
+4.542685e+00 3.716731e+00
-2.482532e+00 4.848578e+00
-2.171820e+00 7.151330e+00
-4.028053e+00 8.088306e+00
-2.454784e+00 9.224451e+00
+2.880856e-01 9.963112e+00
-7.458052e-02 1.137167e+01
-1.519366e+00 1.089734e+01
-7.992354e-01 1.090562e+01
-9.170158e-01 9.261283e+00
-5.952949e-01 8.769771e+00
+2.334257e+01 1.348835e+00
+1.867569e-04 1.534275e-01
+3.996495e-05 2.929395e-01
+1.308075e-04 3.985596e-01
-7.887014e-05 5.864065e-01
-2.460239e-04 7.464428e-01
-4.768955e-06 9.456892e-01
-1.086715e-04 1.075023e+00
+3.764717e-04 1.285359e+00
-1.466948e-04 1.217783e+00
-7.499431e-04 1.232246e+00
-1.887522e-05 1.043035e+00
-6.572729e-05 9.949377e-01
+4.455845e-05 7.265119e-02
+5.089922e-05 3.020981e-02
+8.651628e-06 5.824014e-02
-5.065812e-05 8.059340e-02
+5.842909e-05 1.198839e-01
+3.019194e-05 1.524961e-01
+1.220002e-04 1.956027e-01
+5.975662e-05 2.237370e-01
+3.827411e-05 2.684389e-01
-2.371782e-04 2.527913e-01
-1.874069e-04 2.569556e-01
-7.279622e-05 2.155290e-01
-1.849096e-04 2.052518e-01
-2.318077e-07 1.507322e-02
-2.248661e-01 3.443929e+02
+2.800065e-01 2.360654e+02
-1.467935e-01 7.060032e+01
+1.972122e-01 4.560157e+01
+1.048081e-01 3.470924e+01
-3.281812e-01 2.700953e+01
-4.097868e-01 2.419172e+01
+2.722937e-01 2.286870e+01
-6.283396e-02 1.827164e+01
-2.324778e-02 1.664621e+01
-2.188097e-03 2.705523e-02
-4.444673e-04 1.074679e-02
+4.900846e-03 1.433156e-01
-3.756208e-03 8.581688e-02
-1.084351e-03 3.051003e-02
-3.979379e-03 4.904558e-02
-1.544678e-03 4.131100e-02
+3.973635e-04 4.285146e-02
+1.680352e-03 3.124823e-02
+4.187469e-04 2.647594e-02
+2.005714e-06 2.651057e-03
-4.521528e-06 1.014290e-03
+5.038712e-05 9.168263e-03
-3.362699e-05 5.642098e-03
-2.009219e-05 2.082250e-03
+2.537024e-05 3.855433e-03
+2.698390e-05 3.440513e-03
-1.627121e-05 3.333598e-03
+1.203757e-05 2.419398e-03
-9.082763e-06 2.200994e-03
+4.137674e+00 2.167582e+00
+4.542619e+00 3.716801e+00
-2.482552e+00 4.849134e+00
-2.172081e+00 7.151244e+00
-4.028197e+00 8.087224e+00
-2.454677e+00 9.223533e+00
+2.880540e-01 9.963352e+00
-7.457919e-02 1.137019e+01
-1.519261e+00 1.089529e+01
-7.995299e-01 1.090761e+01
-9.170926e-01 9.262847e+00
-5.951369e-01 8.769565e+00
+2.334259e+01 1.348379e+00
+2.022575e-04 1.534873e-01
+3.351900e-05 2.931533e-01
+1.615670e-04 3.988576e-01
-6.707778e-05 5.868918e-01
-1.712724e-04 7.470661e-01
+1.398541e-04 9.462443e-01
-3.089030e-05 1.075983e+00
+3.811166e-04 1.286491e+00
-3.454388e-04 1.218536e+00
-9.428934e-04 1.233202e+00
-1.210201e-04 1.043652e+00
-2.211379e-04 9.957523e-01
+4.175397e-05 7.263589e-02
+6.101468e-05 3.018412e-02
-1.102904e-05 5.818882e-02
-5.058514e-05 8.052844e-02
+8.580099e-05 1.197588e-01
+5.513069e-07 1.523486e-01
+4.779932e-05 1.954067e-01
+8.744626e-05 2.235436e-01
+9.652013e-05 2.681562e-01
-2.944766e-04 2.525277e-01
-2.279427e-04 2.567295e-01
-8.016844e-05 2.153335e-01
-1.996838e-04 2.050584e-01
+2.216197e-06 1.505803e-02
-2.270659e-01 3.444500e+02
+2.795674e-01 2.360393e+02
-1.418598e-01 7.062636e+01
+1.934338e-01 4.562482e+01
+1.037124e-01 3.472154e+01
-3.321790e-01 2.699435e+01
-4.113484e-01 2.419212e+01
+2.726907e-01 2.287272e+01
-6.114164e-02 1.827859e+01
-2.282933e-02 1.665465e+01
-2.180253e-03 2.704057e-02
-4.524862e-04 1.073985e-02
+4.960177e-03 1.432891e-01
-3.796427e-03 8.579712e-02
-1.107039e-03 3.049864e-02
-3.944854e-03 4.903594e-02
-1.510740e-03 4.130283e-02
+3.751724e-04 4.284156e-02
+1.696161e-03 3.124013e-02
+4.068855e-04 2.646664e-02
-1.710642e-06 2.648705e-03
-6.054422e-06 1.013022e-03
+5.758170e-05 9.167051e-03
-3.942579e-05 5.640932e-03
-2.270332e-05 2.080907e-03
+2.326762e-05 3.854393e-03
+2.775507e-05 3.439439e-03
-1.469636e-05 3.332463e-03
+1.498047e-05 2.418459e-03
-1.041011e-05 2.199773e-03
+4.137816e+00 2.167114e+00
+4.542536e+00 3.716546e+00
-2.482408e+00 4.849283e+00
-2.172278e+00 7.151736e+00
-4.028285e+00 8.087058e+00
-2.454421e+00 9.225683e+00
+2.878904e-01 9.963189e+00
-7.491437e-02 1.136743e+01
-1.519486e+00 1.089567e+01
-7.998966e-01 1.090995e+01
-9.174819e-01 9.263642e+00
-5.951377e-01 8.770186e+00
+2.334260e+01 1.347938e+00
+2.196129e-04 1.535494e-01
+1.144450e-05 2.934006e-01
+2.199549e-04 3.991264e-01
-4.287967e-05 5.874411e-01
-1.359917e-04 7.475916e-01
+1.452552e-04 9.468709e-01
+1.122352e-04 1.076915e+00
+4.903314e-04 1.287897e+00
-5.289520e-04 1.219427e+00
-1.189537e-03 1.234461e+00
-1.887392e-04 1.044438e+00
-3.141723e-04 9.968117e-01
+4.825765e-05 7.262413e-02
+7.078644e-05 3.015242e-02
-2.048633e-05 5.812663e-02
-7.798587e-05 8.046081e-02
+9.658857e-05 1.196238e-01
-3.275002e-05 1.522143e-01
-3.491864e-05 1.952016e-01
+9.557616e-05 2.233278e-01
+1.696188e-04 2.678169e-01
-3.089157e-04 2.522461e-01
-2.569262e-04 2.564755e-01
-4.922466e-05 2.150968e-01
-1.894044e-04 2.048367e-01
+8.854131e-06 1.503329e-02
-2.292650e-01 3.445073e+02
+2.791222e-01 2.360131e+02
-1.368656e-01 7.065214e+01
+1.896136e-01 4.564801e+01
+1.025946e-01 3.473390e+01
-3.361592e-01 2.697914e+01
-4.128912e-01 2.419254e+01
+2.730722e-01 2.287672e+01
-5.943037e-02 1.828548e+01
-2.242090e-02 1.666311e+01
-2.172647e-03 2.703341e-02
-4.645494e-04 1.073729e-02
+5.018699e-03 1.432681e-01
-3.837747e-03 8.578227e-02
-1.128770e-03 3.049303e-02
-3.910422e-03 4.903006e-02
-1.474748e-03 4.129866e-02
+3.553778e-04 4.283591e-02
+1.713752e-03 3.123557e-02
+3.935901e-04 2.646199e-02
-6.080113e-06 2.644246e-03
-7.659165e-06 1.010573e-03
+5.964081e-05 9.164805e-03
-4.221032e-05 5.638719e-03
-2.332760e-05 2.078201e-03
+1.984940e-05 3.852344e-03
+2.742602e-05 3.437303e-03
-1.217030e-05 3.330197e-03
+1.660155e-05 2.416625e-03
-1.128795e-05 2.197380e-03
+4.137888e+00 2.166742e+00
+4.542394e+00 3.716268e+00
-2.482090e+00 4.849550e+00
-2.172469e+00 7.152365e+00
-4.028484e+00 8.088735e+00
-2.454372e+00 9.225872e+00
+2.879477e-01 9.962559e+00
-7.485937e-02 1.136562e+01
-1.519507e+00 1.089517e+01
-8.001923e-01 1.091104e+01
-9.177391e-01 9.263925e+00
-5.954456e-01 8.769237e+00
+2.334259e+01 1.347599e+00
+2.197697e-04 1.536169e-01
-1.176340e-05 2.936151e-01
+2.218184e-04 3.994309e-01
-2.703129e-05 5.878584e-01
-1.055139e-04 7.480361e-01
+5.648129e-05 9.475482e-01
+2.121367e-04 1.077898e+00
+6.902757e-04 1.288967e+00
-6.855773e-04 1.220113e+00
-1.435114e-03 1.235575e+00
-1.569768e-04 1.045371e+00
-3.205408e-04 9.979561e-01
+7.436404e-05 7.260242e-02
+8.884360e-05 3.012902e-02
-1.076340e-05 5.808854e-02
-1.233572e-04 8.041581e-02
+1.034127e-04 1.195464e-01
-5.851129e-05 1.521538e-01
-8.628970e-05 1.950642e-01
+5.629060e-05 2.231994e-01
+1.953342e-04 2.676122e-01
-3.238667e-04 2.520798e-01
-2.686521e-04 2.563517e-01
-2.209589e-05 2.149170e-01
-1.681405e-04 2.046887e-01
+1.352478e-05 1.501126e-02
-2.314635e-01 3.445649e+02
+2.786654e-01 2.359865e+02
-1.318121e-01 7.067758e+01
+1.857500e-01 4.567119e+01
+1.014560e-01 3.474626e+01
-3.401222e-01 2.696386e+01
-4.144123e-01 2.419296e+01
+2.734419e-01 2.288064e+01
-5.769764e-02 1.829233e+01
-2.202437e-02 1.667159e+01
-2.166093e-03 2.701900e-02
-4.802343e-04 1.073079e-02
+5.076213e-03 1.432448e-01
-3.880321e-03 8.576481e-02
-1.149513e-03 3.048392e-02
-3.875936e-03 4.902093e-02
-1.436733e-03 4.129080e-02
+3.368168e-04 4.282637e-02
+1.732861e-03 3.122839e-02
+3.787848e-04 2.645393e-02
-1.146939e-05 2.641193e-03
-8.095399e-06 1.008914e-03
+5.913745e-05 9.162978e-03
-4.342853e-05 5.637012e-03
-2.312545e-05 2.076261e-03
+1.593469e-05 3.850856e-03
+2.613026e-05 3.435861e-03
-1.072252e-05 3.328632e-03
+1.697033e-05 2.415302e-03
-1.174142e-05 2.195689e-03
