-4.339479e-01 1.110026e+01
+3.415568e+00 9.924157e+00
-1.615095e+00 1.723300e+01
-2.210922e-01 1.769163e+01
-1.156527e+00 1.600336e+01
-5.236838e-01 1.611723e+01
-2.568188e-02 1.740794e+01
-5.614638e-01 1.659695e+01
-1.564560e+00 1.697818e+01
-1.218760e+00 1.680954e+01
-1.806086e+00 1.607253e+01
-1.929705e+00 1.288073e+01
+2.332903e+01 1.086665e+00
+4.765369e-04 4.778941e-01
+3.568176e-04 5.399672e-01
+5.658752e-04 8.346731e-01
+1.707654e-04 1.143506e+00
-2.331928e-04 1.154604e+00
+4.931171e-04 1.202201e+00
-2.180654e-04 1.358214e+00
-2.402393e-04 1.428669e+00
+3.389106e-04 1.456218e+00
-2.716966e-04 1.381861e+00
-9.179670e-05 1.283357e+00
-1.010654e-03 1.127665e+00
+4.650981e-05 6.490208e-02
-5.951766e-05 7.435681e-02
-1.134423e-04 9.391735e-02
-5.292296e-06 1.425137e-01
-3.845381e-05 1.969249e-01
-1.681034e-04 2.144431e-01
-1.847121e-04 2.283928e-01
-5.970581e-06 2.587817e-01
+1.176784e-04 2.774125e-01
+1.350760e-04 2.814202e-01
+1.250467e-04 2.690874e-01
+2.121739e-04 2.497145e-01
+7.009712e-05 2.210795e-01
+3.317324e-05 1.289741e-02
-2.092769e-01 3.439957e+02
+2.829828e-01 2.362485e+02
-1.805621e-01 7.041409e+01
+2.231531e-01 4.543739e+01
+1.121851e-01 3.462519e+01
-2.996337e-01 2.711752e+01
-3.983597e-01 2.419030e+01
+2.691382e-01 2.284203e+01
-7.448914e-02 1.822201e+01
-2.633516e-02 1.658777e+01
-2.303396e-03 2.704348e-02
-3.872409e-04 1.073676e-02
+4.686655e-03 1.433054e-01
-3.608649e-03 8.581089e-02
-1.006417e-03 3.048764e-02
-4.222186e-03 4.901423e-02
-1.743738e-03 4.126448e-02
+5.478944e-04 4.280784e-02
+1.619559e-03 3.124385e-02
+4.799552e-04 2.647469e-02
+2.649414e-05 2.643010e-03
-9.760124e-06 1.009583e-03
-1.155645e-05 9.165225e-03
+3.936043e-06 5.638856e-03
+4.333728e-06 2.076730e-03
+3.200324e-05 3.851642e-03
+1.807519e-05 3.435433e-03
-2.111433e-05 3.328284e-03
+8.519317e-08 2.416339e-03
-4.956703e-06 2.197127e-03
-4.336362e-01 1.109904e+01
+3.415628e+00 9.924771e+00
-1.614889e+00 1.723297e+01
-2.209655e-01 1.769038e+01
-1.157021e+00 1.600510e+01
-5.234273e-01 1.611721e+01
-2.552104e-02 1.740852e+01
-5.615212e-01 1.659953e+01
-1.564177e+00 1.697818e+01
-1.218871e+00 1.680819e+01
-1.805984e+00 1.607148e+01
-1.930171e+00 1.287848e+01
+2.332909e+01 1.086400e+00
+4.246554e-04 4.779557e-01
+3.052875e-04 5.400137e-01
+5.875499e-04 8.345637e-01
+1.760384e-04 1.143254e+00
-3.770676e-04 1.154290e+00
+2.777580e-04 1.201757e+00
-1.720810e-04 1.357594e+00
-1.375122e-04 1.428210e+00
+4.042768e-04 1.455582e+00
-1.812086e-04 1.381162e+00
-2.524480e-05 1.282666e+00
-8.118996e-04 1.127284e+00
+7.348344e-05 6.500566e-02
-6.753013e-05 7.443609e-02
-1.053053e-04 9.406918e-02
-2.104773e-05 1.427186e-01
-4.231268e-05 1.971796e-01
-1.509756e-04 2.148214e-01
-1.704666e-04 2.287860e-01
+1.496026e-06 2.592154e-01
+1.393687e-04 2.779730e-01
+1.143825e-04 2.819498e-01
+1.219835e-04 2.695926e-01
+2.082407e-04 2.501795e-01
+8.768563e-05 2.215045e-01
+2.741360e-05 1.293664e-02
-2.115639e-01 3.440533e+02
+2.825847e-01 2.362219e+02
-1.757382e-01 7.044114e+01
+2.194501e-01 4.546115e+01
+1.111275e-01 3.463703e+01
-3.037986e-01 2.710176e+01
-4.000563e-01 2.419029e+01
+2.696313e-01 2.284568e+01
-7.282787e-02 1.822916e+01
-2.587863e-02 1.659604e+01
-2.273844e-03 2.705695e-02
-4.024441e-04 1.074480e-02
+4.711958e-03 1.433183e-01
-3.629671e-03 8.582195e-02
-1.013356e-03 3.050052e-02
-4.180768e-03 4.902708e-02
-1.716238e-03 4.128133e-02
+5.187071e-04 4.282589e-02
+1.633038e-03 3.125023e-02
+4.685831e-04 2.648156e-02
+2.651508e-05 2.644932e-03
-9.800734e-06 1.010686e-03
-1.905812e-06 9.166090e-03
-8.610914e-07 5.639685e-03
+1.970784e-06 2.077953e-03
+3.365997e-05 3.852519e-03
+2.057237e-05 3.436578e-03
-2.122435e-05 3.329431e-03
+2.315933e-06 2.417039e-03
-5.827449e-06 2.198063e-03
-4.334013e-01 1.109866e+01
+3.415728e+00 9.925319e+00
-1.614421e+00 1.723285e+01
-2.207922e-01 1.768930e+01
-1.157627e+00 1.600668e+01
-5.236575e-01 1.611708e+01
-2.579230e-02 1.740685e+01
-5.613727e-01 1.659922e+01
-1.563832e+00 1.697739e+01
-1.218938e+00 1.680544e+01
-1.805836e+00 1.607129e+01
-1.930560e+00 1.287649e+01
+2.332918e+01 1.086165e+00
+3.559238e-04 4.780195e-01
+2.489757e-04 5.400373e-01
+5.579151e-04 8.344424e-01
+1.631015e-04 1.142939e+00
-4.482628e-04 1.154008e+00
+2.014115e-04 1.201368e+00
-1.383810e-04 1.357088e+00
+1.721157e-06 1.427862e+00
+5.210147e-04 1.454887e+00
-1.037954e-04 1.380670e+00
+5.195013e-05 1.281939e+00
-7.093591e-04 1.126727e+00
+9.321144e-05 6.511177e-02
-6.454911e-05 7.451501e-02
-1.046348e-04 9.422823e-02
-6.735549e-05 1.429237e-01
-4.844436e-05 1.974391e-01
-1.055153e-04 2.151962e-01
-1.113046e-04 2.292038e-01
+3.095593e-05 2.596457e-01
+1.449846e-04 2.785266e-01
+7.513802e-05 2.824910e-01
+1.002211e-04 2.700858e-01
+1.873843e-04 2.506752e-01
+7.819283e-05 2.219633e-01
+2.008071e-05 1.297457e-02
-2.138196e-01 3.441107e+02
+2.821719e-01 2.361956e+02
-1.709184e-01 7.046806e+01
+2.157466e-01 4.548481e+01
+1.100757e-01 3.464899e+01
-3.079317e-01 2.708610e+01
-4.017355e-01 2.419045e+01
+2.701053e-01 2.284936e+01
-7.116049e-02 1.823630e+01
-2.542907e-02 1.660441e+01
-2.246800e-03 2.706289e-02
-4.154293e-04 1.074864e-02
+4.738661e-03 1.433276e-01
-3.649605e-03 8.582907e-02
-1.020964e-03 3.050867e-02
-4.139571e-03 4.903698e-02
-1.686799e-03 4.129448e-02
+4.919728e-04 4.283905e-02
+1.644352e-03 3.125350e-02
+4.581991e-04 2.648470e-02
+2.317411e-05 2.648093e-03
-8.509395e-06 1.012477e-03
+7.200438e-06 9.167477e-03
-5.513849e-06 5.641051e-03
-1.679929e-06 2.079995e-03
+3.456811e-05 3.853865e-03
+2.413271e-05 3.438281e-03
-2.039327e-05 3.331250e-03
+2.913347e-06 2.418240e-03
-6.243834e-06 2.199558e-03
-4.331249e-01 1.109782e+01
+3.415804e+00 9.925215e+00
-1.613929e+00 1.723199e+01
-2.206508e-01 1.768949e+01
-1.158104e+00 1.600731e+01
-5.236216e-01 1.611623e+01
-2.589309e-02 1.740738e+01
-5.612431e-01 1.659850e+01
-1.563100e+00 1.697671e+01
-1.218822e+00 1.680305e+01
-1.805693e+00 1.607054e+01
-1.930800e+00 1.287473e+01
+2.332931e+01 1.086022e+00
+3.016865e-04 4.780471e-01
+1.737110e-04 5.400892e-01
+4.496431e-04 8.343970e-01
+9.544745e-05 1.142635e+00
-4.891628e-04 1.153705e+00
+1.437334e-04 1.200941e+00
-9.387293e-05 1.356558e+00
+1.195326e-04 1.427476e+00
+5.454951e-04 1.454297e+00
+1.145709e-05 1.380115e+00
+1.636779e-04 1.281353e+00
-6.452352e-04 1.126077e+00
+1.052877e-04 6.521577e-02
-5.470724e-05 7.460305e-02
-1.105958e-04 9.439483e-02
-1.063194e-04 1.431386e-01
-3.854969e-05 1.977400e-01
-6.387473e-05 2.156251e-01
-6.566549e-05 2.296844e-01
+6.717605e-05 2.601911e-01
+1.342895e-04 2.791733e-01
-1.220431e-06 2.831242e-01
+6.374211e-05 2.706888e-01
+1.607561e-04 2.512391e-01
+6.575138e-05 2.225312e-01
+1.199665e-05 1.301337e-02
-2.160504e-01 3.441679e+02
+2.817483e-01 2.361694e+02
-1.661020e-01 7.049482e+01
+2.120442e-01 4.550833e+01
+1.090274e-01 3.466101e+01
-3.120326e-01 2.707056e+01
-4.033920e-01 2.419069e+01
+2.705637e-01 2.285308e+01
-6.949189e-02 1.824343e+01
-2.498482e-02 1.661282e+01
-2.225069e-03 2.706892e-02
-4.254768e-04 1.075257e-02
+4.766158e-03 1.433375e-01
-3.668367e-03 8.583568e-02
-1.030545e-03 3.051680e-02
-4.097804e-03 4.904717e-02
-1.653027e-03 4.130773e-02
+4.679580e-04 4.285150e-02
+1.651967e-03 3.125657e-02
+4.487850e-04 2.648745e-02
+1.756975e-05 2.650604e-03
-6.574916e-06 1.013907e-03
+1.599682e-05 9.168580e-03
-1.045532e-05 5.642182e-03
-5.863252e-06 2.081683e-03
+3.315945e-05 3.854993e-03
+2.615297e-05 3.439698e-03
-1.878415e-05 3.332804e-03
+3.363125e-06 2.419221e-03
-6.383746e-06 2.200764e-03
-4.329299e-01 1.109676e+01
+3.415828e+00 9.925449e+00
-1.613689e+00 1.723155e+01
-2.206209e-01 1.768835e+01
-1.158584e+00 1.600801e+01
-5.233760e-01 1.611587e+01
-2.584798e-02 1.740717e+01
-5.609227e-01 1.659889e+01
-1.562168e+00 1.697591e+01
-1.218595e+00 1.680177e+01
-1.805327e+00 1.607152e+01
-1.931518e+00 1.287385e+01
+2.332942e+01 1.085957e+00
+2.648816e-04 4.780855e-01
+6.494601e-05 5.401335e-01
+3.036537e-04 8.343270e-01
+6.907042e-05 1.142320e+00
-5.067875e-04 1.153517e+00
+1.460483e-04 1.200705e+00
+5.449691e-05 1.356128e+00
+2.277360e-04 1.427133e+00
+4.783024e-04 1.453955e+00
+4.914444e-05 1.379515e+00
+2.769627e-04 1.280755e+00
-5.764761e-04 1.125698e+00
+1.102028e-04 6.531550e-02
-4.133766e-05 7.468311e-02
-1.150677e-04 9.454792e-02
-1.128128e-04 1.433391e-01
-9.828548e-06 1.980322e-01
-4.070549e-05 2.160133e-01
-6.099896e-05 2.301480e-01
+9.813915e-05 2.606987e-01
+1.155356e-04 2.797578e-01
-8.197598e-05 2.837083e-01
+1.780949e-05 2.713123e-01
+1.187639e-04 2.517978e-01
+9.157612e-05 2.230492e-01
+6.850434e-06 1.304388e-02
-2.182639e-01 3.442244e+02
+2.813171e-01 2.361433e+02
-1.612884e-01 7.052138e+01
+2.083441e-01 4.553172e+01
+1.079795e-01 3.467302e+01
-3.161000e-01 2.705515e+01
-4.050194e-01 2.419092e+01
+2.710093e-01 2.285688e+01
-6.782676e-02 1.825051e+01
-2.454520e-02 1.662118e+01
-2.210842e-03 2.707442e-02
-4.320599e-04 1.075610e-02
+4.794571e-03 1.433425e-01
-3.686868e-03 8.583891e-02
-1.041778e-03 3.052271e-02
-4.062157e-03 4.905394e-02
-1.621720e-03 4.131668e-02
+4.482331e-04 4.285970e-02
+1.657609e-03 3.125871e-02
+4.408499e-04 2.648934e-02
+1.232748e-05 2.651475e-03
-5.085560e-06 1.014423e-03
+2.452832e-05 9.168944e-03
-1.577774e-05 5.642582e-03
-9.787459e-06 2.082339e-03
+3.075755e-05 3.855477e-03
+2.660766e-05 3.440344e-03
-1.749704e-05 3.333493e-03
+4.626033e-06 2.419575e-03
-6.665870e-06 2.201200e-03
-4.326486e-01 1.109540e+01
+3.415903e+00 9.925556e+00
-1.613526e+00 1.723136e+01
-2.206853e-01 1.768742e+01
-1.159229e+00 1.600806e+01
-5.232864e-01 1.611564e+01
-2.574864e-02 1.740887e+01
-5.607148e-01 1.659869e+01
-1.561934e+00 1.697538e+01
-1.218526e+00 1.679959e+01
-1.804976e+00 1.607228e+01
-1.932010e+00 1.287176e+01
+2.332951e+01 1.085820e+00
+2.267086e-04 4.781801e-01
-5.021955e-05 5.403512e-01
+1.905304e-04 8.344935e-01
+8.863763e-05 1.142480e+00
-5.345877e-04 1.153802e+00
+7.662130e-05 1.201168e+00
+1.687153e-04 1.356606e+00
+3.410992e-04 1.427701e+00
+3.182764e-04 1.454553e+00
+2.174733e-05 1.380040e+00
+3.749748e-04 1.280908e+00
-4.838162e-04 1.126304e+00
+1.118465e-04 6.540185e-02
-3.173825e-05 7.473135e-02
-1.127601e-04 9.464726e-02
-9.427796e-05 1.434780e-01
+2.826749e-05 1.982323e-01
-2.586697e-05 2.162564e-01
-6.812991e-05 2.304422e-01
+1.149455e-04 2.610287e-01
+1.003190e-04 2.801315e-01
-1.321453e-04 2.840927e-01
-2.882257e-05 2.717309e-01
+6.558196e-05 2.521953e-01
+1.310165e-04 2.233920e-01
+4.476030e-06 1.306084e-02
-2.204648e-01 3.442804e+02
+2.808802e-01 2.361173e+02
-1.564773e-01 7.054775e+01
+2.046470e-01 4.555502e+01
+1.069302e-01 3.468503e+01
-3.201330e-01 2.703995e+01
-4.066139e-01 2.419115e+01
+2.714439e-01 2.286079e+01
-6.616793e-02 1.825757e+01
-2.411005e-02 1.662949e+01
-2.203323e-03 2.707198e-02
-4.357203e-04 1.075506e-02
+4.823931e-03 1.433385e-01
-3.705830e-03 8.583540e-02
-1.053732e-03 3.052148e-02
-4.036314e-03 4.905365e-02
-1.597859e-03 4.131727e-02
+4.329134e-04 4.285968e-02
+1.663354e-03 3.125715e-02
+4.344386e-04 2.648715e-02
+8.898184e-06 2.651499e-03
-4.530182e-06 1.014465e-03
+3.280941e-05 9.168822e-03
-2.136067e-05 5.642513e-03
-1.315203e-05 2.082404e-03
+2.885355e-05 3.855546e-03
+2.644219e-05 3.440490e-03
-1.718283e-05 3.333621e-03
+6.825907e-06 2.419580e-03
-7.289871e-06 2.201212e-03
-4.323672e-01 1.109403e+01
+3.415977e+00 9.925663e+00
-1.613362e+00 1.723117e+01
-2.207497e-01 1.768649e+01
-1.159874e+00 1.600810e+01
-5.231967e-01 1.611541e+01
-2.564931e-02 1.741056e+01
-5.605069e-01 1.659849e+01
-1.561701e+00 1.697484e+01
-1.218457e+00 1.679740e+01
-1.804625e+00 1.607303e+01
-1.932501e+00 1.286968e+01
+2.332961e+01 1.085682e+00
+1.885356e-04 4.782747e-01
-1.653851e-04 5.405689e-01
+7.740709e-05 8.346601e-01
+1.082048e-04 1.142640e+00
-5.623879e-04 1.154086e+00
+7.194281e-06 1.201632e+00
+2.829337e-04 1.357084e+00
+4.544624e-04 1.428269e+00
+1.582504e-04 1.455151e+00
-5.649792e-06 1.380566e+00
+4.729868e-04 1.281061e+00
-3.911562e-04 1.126910e+00
+1.134903e-04 6.548820e-02
-2.213885e-05 7.477958e-02
-1.104524e-04 9.474659e-02
-7.574307e-05 1.436169e-01
+6.636353e-05 1.984324e-01
-1.102846e-05 2.164994e-01
-7.526085e-05 2.307364e-01
+1.317518e-04 2.613587e-01
+8.510246e-05 2.805051e-01
-1.823146e-04 2.844771e-01
-7.545463e-05 2.721495e-01
+1.240000e-05 2.525929e-01
+1.704568e-04 2.237348e-01
+2.101626e-06 1.307781e-02
-2.226658e-01 3.443364e+02
+2.804434e-01 2.360913e+02
-1.516661e-01 7.057408e+01
+2.009498e-01 4.557828e+01
+1.058808e-01 3.469704e+01
-3.241659e-01 2.702471e+01
-4.082083e-01 2.419138e+01
+2.718785e-01 2.286470e+01
-6.450909e-02 1.826462e+01
-2.367490e-02 1.663780e+01
-2.195805e-03 2.706954e-02
-4.393807e-04 1.075403e-02
+4.853290e-03 1.433345e-01
-3.724792e-03 8.583189e-02
-1.065687e-03 3.052026e-02
-4.010471e-03 4.905337e-02
-1.573998e-03 4.131785e-02
+4.175937e-04 4.285965e-02
+1.669099e-03 3.125559e-02
+4.280274e-04 2.648495e-02
+5.468886e-06 2.651524e-03
-3.974804e-06 1.014507e-03
+4.109051e-05 9.168699e-03
-2.694359e-05 5.642443e-03
-1.651659e-05 2.082469e-03
+2.694954e-05 3.855616e-03
+2.627673e-05 3.440636e-03
-1.686863e-05 3.333750e-03
+9.025780e-06 2.419586e-03
-7.913872e-06 2.201224e-03
-4.322425e-01 1.109272e+01
+3.415891e+00 9.926474e+00
-1.613450e+00 1.723164e+01
-2.208537e-01 1.768640e+01
-1.160513e+00 1.600829e+01
-5.233888e-01 1.611409e+01
-2.551215e-02 1.741233e+01
-5.602569e-01 1.659781e+01
-1.561858e+00 1.697626e+01
-1.218350e+00 1.679785e+01
-1.804318e+00 1.607466e+01
-1.932880e+00 1.286871e+01
+2.332974e+01 1.085447e+00
+1.593694e-04 4.782552e-01
-2.658944e-04 5.405706e-01
-4.685177e-05 8.346659e-01
+1.532385e-04 1.142522e+00
-5.920935e-04 1.154076e+00
-7.587664e-05 1.201688e+00
+4.068603e-04 1.357037e+00
+5.504609e-04 1.428130e+00
-2.939068e-05 1.455379e+00
-8.305593e-05 1.380605e+00
+4.967623e-04 1.280925e+00
-2.427082e-04 1.127170e+00
+1.128906e-04 6.548545e-02
-7.378155e-06 7.478129e-02
-8.641982e-05 9.475072e-02
-4.104730e-05 1.436080e-01
+1.063425e-04 1.984268e-01
+1.928677e-05 2.164654e-01
-6.509412e-05 2.306954e-01
+1.421470e-04 2.613130e-01
+5.530102e-05 2.804520e-01
-2.388856e-04 2.844299e-01
-1.165614e-04 2.721462e-01
-3.580229e-05 2.525768e-01
+2.010134e-04 2.237274e-01
-2.344191e-06 1.307777e-02
-2.248661e-01 3.443929e+02
+2.800065e-01 2.360654e+02
-1.467935e-01 7.060032e+01
+1.972122e-01 4.560157e+01
+1.048081e-01 3.470924e+01
-3.281812e-01 2.700953e+01
-4.097868e-01 2.419172e+01
+2.722937e-01 2.286870e+01
-6.283396e-02 1.827164e+01
-2.324778e-02 1.664621e+01
-2.188097e-03 2.705523e-02
-4.444673e-04 1.074679e-02
+4.900846e-03 1.433156e-01
-3.756208e-03 8.581688e-02
-1.084351e-03 3.051003e-02
-3.979379e-03 4.904558e-02
-1.544678e-03 4.131100e-02
+3.973635e-04 4.285146e-02
+1.680352e-03 3.124823e-02
+4.187469e-04 2.647594e-02
+2.005714e-06 2.651057e-03
-4.521528e-06 1.014290e-03
+5.038712e-05 9.168263e-03
-3.362699e-05 5.642098e-03
-2.009219e-05 2.082250e-03
+2.537024e-05 3.855433e-03
+2.698390e-05 3.440513e-03
-1.627121e-05 3.333598e-03
+1.203757e-05 2.419398e-03
-9.082763e-06 2.200994e-03
-4.321038e-01 1.109174e+01
+3.415694e+00 9.927306e+00
-1.613545e+00 1.723210e+01
-2.209739e-01 1.768672e+01
-1.161278e+00 1.600868e+01
-5.235177e-01 1.611421e+01
-2.530586e-02 1.741496e+01
-5.598321e-01 1.659936e+01
-1.561450e+00 1.697643e+01
-1.218051e+00 1.679648e+01
-1.803745e+00 1.607466e+01
-1.932917e+00 1.286754e+01
+2.332984e+01 1.085204e+00
+1.362306e-04 4.783147e-01
-3.283313e-04 5.407637e-01
-1.562516e-04 8.349514e-01
+2.019717e-04 1.142934e+00
-5.535981e-04 1.154701e+00
-9.554907e-05 1.202453e+00
+5.717563e-04 1.357937e+00
+6.239098e-04 1.429046e+00
-2.400439e-04 1.456438e+00
-1.300955e-04 1.381571e+00
+4.492470e-04 1.281743e+00
-1.171642e-04 1.128170e+00
+1.079720e-04 6.547454e-02
+7.027477e-06 7.475706e-02
-5.714225e-05 9.470370e-02
+2.942649e-06 1.435438e-01
+1.371806e-04 1.983363e-01
+6.797096e-05 2.163189e-01
-4.803818e-05 2.305348e-01
+1.437289e-04 2.611038e-01
+9.205280e-06 2.802158e-01
-3.014752e-04 2.842218e-01
-1.608276e-04 2.719639e-01
-6.760702e-05 2.524042e-01
+2.142234e-04 2.235847e-01
-6.401372e-06 1.306445e-02
-2.270659e-01 3.444500e+02
+2.795674e-01 2.360393e+02
-1.418598e-01 7.062636e+01
+1.934338e-01 4.562482e+01
+1.037124e-01 3.472154e+01
-3.321790e-01 2.699435e+01
-4.113484e-01 2.419212e+01
+2.726907e-01 2.287272e+01
-6.114164e-02 1.827859e+01
-2.282933e-02 1.665465e+01
-2.180253e-03 2.704057e-02
-4.524862e-04 1.073985e-02
+4.960177e-03 1.432891e-01
-3.796427e-03 8.579712e-02
-1.107039e-03 3.049864e-02
-3.944854e-03 4.903594e-02
-1.510740e-03 4.130283e-02
+3.751724e-04 4.284156e-02
+1.696161e-03 3.124013e-02
+4.068855e-04 2.646664e-02
-1.710642e-06 2.648705e-03
-6.054422e-06 1.013022e-03
+5.758170e-05 9.167051e-03
-3.942579e-05 5.640932e-03
-2.270332e-05 2.080907e-03
+2.326762e-05 3.854393e-03
+2.775507e-05 3.439439e-03
-1.469636e-05 3.332463e-03
+1.498047e-05 2.418459e-03
-1.041011e-05 2.199773e-03
-4.319270e-01 1.109161e+01
+3.415625e+00 9.927567e+00
-1.613693e+00 1.723328e+01
-2.209586e-01 1.768668e+01
-1.161990e+00 1.600936e+01
-5.237464e-01 1.611398e+01
-2.508560e-02 1.741625e+01
-5.595816e-01 1.659771e+01
-1.561463e+00 1.697653e+01
-1.218098e+00 1.679609e+01
-1.803676e+00 1.607700e+01
-1.932846e+00 1.286655e+01
+2.332994e+01 1.084954e+00
+1.358845e-04 4.784078e-01
-3.011793e-04 5.409728e-01
-1.922766e-04 8.351780e-01
+2.582699e-04 1.143364e+00
-4.718196e-04 1.155369e+00
-6.043234e-05 1.203300e+00
+6.841115e-04 1.358885e+00
+6.357091e-04 1.430020e+00
-4.711993e-04 1.457548e+00
-1.646919e-04 1.382619e+00
+4.622754e-04 1.282641e+00
-2.458724e-05 1.129369e+00
+9.485586e-05 6.546154e-02
+2.122667e-05 7.472080e-02
-4.361754e-05 9.463839e-02
+5.200377e-05 1.434725e-01
+1.519798e-04 1.982345e-01
+1.119832e-04 2.161618e-01
-4.329807e-05 2.303625e-01
+1.251051e-04 2.608862e-01
-1.831976e-05 2.799308e-01
-3.388638e-04 2.840044e-01
-2.079424e-04 2.717605e-01
-5.557267e-05 2.522118e-01
+2.091000e-04 2.234152e-01
-1.069472e-05 1.304085e-02
-2.292650e-01 3.445073e+02
+2.791222e-01 2.360131e+02
-1.368656e-01 7.065214e+01
+1.896136e-01 4.564801e+01
+1.025946e-01 3.473390e+01
-3.361592e-01 2.697914e+01
-4.128912e-01 2.419254e+01
+2.730722e-01 2.287672e+01
-5.943037e-02 1.828548e+01
-2.242090e-02 1.666311e+01
-2.172647e-03 2.703341e-02
-4.645494e-04 1.073729e-02
+5.018699e-03 1.432681e-01
-3.837747e-03 8.578227e-02
-1.128770e-03 3.049303e-02
-3.910422e-03 4.903006e-02
-1.474748e-03 4.129866e-02
+3.553778e-04 4.283591e-02
+1.713752e-03 3.123557e-02
+3.935901e-04 2.646199e-02
-6.080113e-06 2.644246e-03
-7.659165e-06 1.010573e-03
+5.964081e-05 9.164805e-03
-4.221032e-05 5.638719e-03
-2.332760e-05 2.078201e-03
+1.984940e-05 3.852344e-03
+2.742602e-05 3.437303e-03
-1.217030e-05 3.330197e-03
+1.660155e-05 2.416625e-03
-1.128795e-05 2.197380e-03
-4.318174e-01 1.109196e+01
+3.415602e+00 9.927647e+00
-1.613866e+00 1.723351e+01
-2.210123e-01 1.768665e+01
-1.162384e+00 1.600905e+01
-5.237491e-01 1.611405e+01
-2.464856e-02 1.741776e+01
-5.593357e-01 1.659685e+01
-1.561576e+00 1.697410e+01
-1.217801e+00 1.679449e+01
-1.803733e+00 1.607747e+01
-1.932887e+00 1.286444e+01
+2.333004e+01 1.084861e+00
+1.268701e-04 4.784731e-01
-2.852689e-04 5.411611e-01
-2.240858e-04 8.354792e-01
+2.778144e-04 1.143810e+00
-3.207906e-04 1.156060e+00
-2.508616e-05 1.204273e+00
+7.835251e-04 1.359796e+00
+5.881794e-04 1.431094e+00
-7.360044e-04 1.458776e+00
-2.463112e-04 1.383639e+00
+4.899016e-04 1.283526e+00
+2.563472e-05 1.130660e+00
+8.665998e-05 6.544223e-02
+4.360461e-05 7.469747e-02
-5.678163e-05 9.459452e-02
+8.533094e-05 1.434101e-01
+1.563234e-04 1.981668e-01
+1.146316e-04 2.160344e-01
-5.848781e-05 2.302489e-01
+9.809301e-05 2.607515e-01
-2.088619e-05 2.797335e-01
-3.469150e-04 2.838324e-01
-2.698567e-04 2.716093e-01
-3.757701e-05 2.520857e-01
+2.027118e-04 2.233007e-01
-1.428490e-05 1.301828e-02
-2.314635e-01 3.445649e+02
+2.786654e-01 2.359865e+02
-1.318121e-01 7.067758e+01
+1.857500e-01 4.567119e+01
+1.014560e-01 3.474626e+01
-3.401222e-01 2.696386e+01
-4.144123e-01 2.419296e+01
+2.734419e-01 2.288064e+01
-5.769764e-02 1.829233e+01
-2.202437e-02 1.667159e+01
-2.166093e-03 2.701900e-02
-4.802343e-04 1.073079e-02
+5.076213e-03 1.432448e-01
-3.880321e-03 8.576481e-02
-1.149513e-03 3.048392e-02
-3.875936e-03 4.902093e-02
-1.436733e-03 4.129080e-02
+3.368168e-04 4.282637e-02
+1.732861e-03 3.122839e-02
+3.787848e-04 2.645393e-02
-1.146939e-05 2.641193e-03
-8.095399e-06 1.008914e-03
+5.913745e-05 9.162978e-03
-4.342853e-05 5.637012e-03
-2.312545e-05 2.076261e-03
+1.593469e-05 3.850856e-03
+2.613026e-05 3.435861e-03
-1.072252e-05 3.328632e-03
+1.697033e-05 2.415302e-03
-1.174142e-05 2.195689e-03
