-5.762713e+00 7.827697e+00
+4.207949e+00 1.168097e+01
-2.008730e+00 1.718823e+01
-8.682457e+00 1.574446e+01
+6.984618e-01 1.582364e+01
-2.742233e+00 2.104424e+01
-2.305955e+00 2.409147e+01
-4.635492e+00 2.076813e+01
-1.949758e+00 2.707671e+01
+5.191246e-01 2.339341e+01
-1.100393e-01 2.477206e+01
+1.947298e+00 2.817108e+01
+2.356127e+01 5.960853e-01
-2.473040e-04 4.609874e-01
-3.995774e-04 5.051946e-01
-2.206065e-04 8.580280e-01
+7.605961e-04 9.152771e-01
+9.208872e-04 1.070649e+00
-2.410072e-04 1.397742e+00
+6.403595e-04 1.558124e+00
+3.646114e-04 1.506819e+00
+1.114185e-04 1.761908e+00
+4.327015e-04 1.647782e+00
+4.703630e-04 1.659036e+00
-1.382430e-05 1.614694e+00
+4.188619e-05 3.696345e-02
-5.872826e-05 8.054902e-02
-5.817720e-05 8.789480e-02
-5.740734e-05 1.517241e-01
-3.358528e-05 1.723550e-01
-3.809348e-05 2.079076e-01
+1.610451e-04 2.711371e-01
-8.240850e-05 2.969854e-01
-8.916914e-05 2.973719e-01
+5.096756e-06 3.420943e-01
-1.805985e-05 3.189679e-01
-1.935577e-04 3.178728e-01
+1.417904e-04 3.170212e-01
-2.617953e-05 7.678642e-03
-2.092769e-01 3.439957e+02
+2.829828e-01 2.362485e+02
-1.805621e-01 7.041409e+01
+2.231531e-01 4.543739e+01
+1.121851e-01 3.462519e+01
-2.996337e-01 2.711752e+01
-3.983597e-01 2.419030e+01
+2.691382e-01 2.284203e+01
-7.448914e-02 1.822201e+01
-2.633516e-02 1.658777e+01
-2.303396e-03 2.704348e-02
-3.872409e-04 1.073676e-02
+4.686655e-03 1.433054e-01
-3.608649e-03 8.581089e-02
-1.006417e-03 3.048764e-02
-4.222186e-03 4.901423e-02
-1.743738e-03 4.126448e-02
+5.478944e-04 4.280784e-02
+1.619559e-03 3.124385e-02
+4.799552e-04 2.647469e-02
+2.649414e-05 2.643010e-03
-9.760124e-06 1.009583e-03
-1.155645e-05 9.165225e-03
+3.936043e-06 5.638856e-03
+4.333728e-06 2.076730e-03
+3.200324e-05 3.851642e-03
+1.807519e-05 3.435433e-03
-2.111433e-05 3.328284e-03
+8.519317e-08 2.416339e-03
-4.956703e-06 2.197127e-03
-5.762926e+00 7.826771e+00
+4.207452e+00 1.168063e+01
-2.009147e+00 1.718805e+01
-8.682034e+00 1.574708e+01
+6.988771e-01 1.582483e+01
-2.742237e+00 2.104299e+01
-2.305617e+00 2.409459e+01
-4.635345e+00 2.076689e+01
-1.949487e+00 2.707476e+01
+5.195561e-01 2.339350e+01
-1.099367e-01 2.476838e+01
+1.947240e+00 2.817254e+01
+2.356127e+01 5.959922e-01
-3.121249e-04 4.618456e-01
-4.037953e-04 5.058103e-01
-2.710304e-04 8.590683e-01
+6.744569e-04 9.160001e-01
+8.674461e-04 1.071466e+00
-1.746605e-04 1.398913e+00
+6.697357e-04 1.559036e+00
+3.447133e-04 1.507760e+00
+1.736400e-04 1.763281e+00
+4.613111e-04 1.648778e+00
+3.769894e-04 1.660236e+00
+1.139823e-04 1.616075e+00
+2.478997e-05 3.701080e-02
-4.506337e-05 8.077318e-02
-4.514330e-05 8.811947e-02
-3.717145e-05 1.521609e-01
-4.936368e-05 1.728307e-01
-3.099446e-05 2.084718e-01
+1.539328e-04 2.718834e-01
-6.453382e-05 2.978237e-01
-7.898530e-05 2.981863e-01
-2.102815e-05 3.430249e-01
-4.100532e-06 3.198425e-01
-1.255971e-04 3.186913e-01
+1.436809e-04 3.178303e-01
-2.786234e-05 7.700689e-03
-2.115639e-01 3.440533e+02
+2.825847e-01 2.362219e+02
-1.757382e-01 7.044114e+01
+2.194501e-01 4.546115e+01
+1.111275e-01 3.463703e+01
-3.037986e-01 2.710176e+01
-4.000563e-01 2.419029e+01
+2.696313e-01 2.284568e+01
-7.282787e-02 1.822916e+01
-2.587863e-02 1.659604e+01
-2.273844e-03 2.705695e-02
-4.024441e-04 1.074480e-02
+4.711958e-03 1.433183e-01
-3.629671e-03 8.582195e-02
-1.013356e-03 3.050052e-02
-4.180768e-03 4.902708e-02
-1.716238e-03 4.128133e-02
+5.187071e-04 4.282589e-02
+1.633038e-03 3.125023e-02
+4.685831e-04 2.648156e-02
+2.651508e-05 2.644932e-03
-9.800734e-06 1.010686e-03
-1.905812e-06 9.166090e-03
-8.610914e-07 5.639685e-03
+1.970784e-06 2.077953e-03
+3.365997e-05 3.852519e-03
+2.057237e-05 3.436578e-03
-2.122435e-05 3.329431e-03
+2.315933e-06 2.417039e-03
-5.827449e-06 2.198063e-03
-5.763303e+00 7.826385e+00
+4.207089e+00 1.168098e+01
-2.009524e+00 1.718706e+01
-8.681523e+00 1.574874e+01
+6.994339e-01 1.582631e+01
-2.742260e+00 2.104234e+01
-2.305122e+00 2.409794e+01
-4.635337e+00 2.076539e+01
-1.949172e+00 2.707469e+01
+5.201921e-01 2.338919e+01
-1.099530e-01 2.476273e+01
+1.947369e+00 2.817545e+01
+2.356124e+01 5.958989e-01
-3.409639e-04 4.626076e-01
-4.323990e-04 5.064191e-01
-3.005102e-04 8.601132e-01
+5.502325e-04 9.166644e-01
+7.617664e-04 1.072388e+00
-1.028632e-04 1.399911e+00
+6.826518e-04 1.559954e+00
+2.980205e-04 1.508627e+00
+1.683938e-04 1.764850e+00
+4.808194e-04 1.649813e+00
+3.539828e-04 1.661478e+00
+2.174760e-04 1.617541e+00
-3.870458e-06 3.705532e-02
-2.050218e-05 8.101070e-02
-3.000125e-05 8.835355e-02
-3.256780e-05 1.525907e-01
-5.060689e-05 1.733036e-01
-3.068316e-05 2.090279e-01
+1.341254e-04 2.726524e-01
-7.807099e-05 2.986486e-01
-7.759210e-05 2.989944e-01
-3.665193e-05 3.439396e-01
-1.393114e-05 3.206758e-01
-6.682454e-05 3.195117e-01
+8.936477e-05 3.186133e-01
-2.816155e-05 7.723051e-03
-2.138196e-01 3.441107e+02
+2.821719e-01 2.361956e+02
-1.709184e-01 7.046806e+01
+2.157466e-01 4.548481e+01
+1.100757e-01 3.464899e+01
-3.079317e-01 2.708610e+01
-4.017355e-01 2.419045e+01
+2.701053e-01 2.284936e+01
-7.116049e-02 1.823630e+01
-2.542907e-02 1.660441e+01
-2.246800e-03 2.706289e-02
-4.154293e-04 1.074864e-02
+4.738661e-03 1.433276e-01
-3.649605e-03 8.582907e-02
-1.020964e-03 3.050867e-02
-4.139571e-03 4.903698e-02
-1.686799e-03 4.129448e-02
+4.919728e-04 4.283905e-02
+1.644352e-03 3.125350e-02
+4.581991e-04 2.648470e-02
+2.317411e-05 2.648093e-03
-8.509395e-06 1.012477e-03
+7.200438e-06 9.167477e-03
-5.513849e-06 5.641051e-03
-1.679929e-06 2.079995e-03
+3.456811e-05 3.853865e-03
+2.413271e-05 3.438281e-03
-2.039327e-05 3.331250e-03
+2.913347e-06 2.418240e-03
-6.243834e-06 2.199558e-03
-5.763630e+00 7.825929e+00
+4.206674e+00 1.168123e+01
-2.009810e+00 1.718632e+01
-8.681150e+00 1.574807e+01
+7.001454e-01 1.582606e+01
-2.742236e+00 2.103953e+01
-2.304391e+00 2.409919e+01
-4.634917e+00 2.076437e+01
-1.948984e+00 2.707728e+01
+5.207131e-01 2.338680e+01
-1.096817e-01 2.476092e+01
+1.947777e+00 2.817788e+01
+2.356119e+01 5.958123e-01
-3.553408e-04 4.632988e-01
-4.339017e-04 5.070310e-01
-3.402601e-04 8.611700e-01
+4.495643e-04 9.175309e-01
+6.873093e-04 1.073387e+00
-5.442441e-05 1.400788e+00
+6.309445e-04 1.561200e+00
+2.331527e-04 1.509659e+00
+1.155164e-04 1.766216e+00
+4.915137e-04 1.650812e+00
+3.413822e-04 1.662707e+00
+2.539994e-04 1.618899e+00
-3.366917e-05 3.710115e-02
-5.294686e-06 8.123838e-02
-9.295779e-06 8.859030e-02
-4.570714e-05 1.530103e-01
-2.877853e-05 1.737399e-01
-4.158836e-05 2.095887e-01
+9.592547e-05 2.734280e-01
-1.195956e-04 2.994030e-01
-9.699039e-05 2.998012e-01
-3.435055e-05 3.448900e-01
-4.000446e-05 3.215436e-01
-4.901061e-05 3.203866e-01
-2.360259e-06 3.194380e-01
-2.531221e-05 7.744791e-03
-2.160504e-01 3.441679e+02
+2.817483e-01 2.361694e+02
-1.661020e-01 7.049482e+01
+2.120442e-01 4.550833e+01
+1.090274e-01 3.466101e+01
-3.120326e-01 2.707056e+01
-4.033920e-01 2.419069e+01
+2.705637e-01 2.285308e+01
-6.949189e-02 1.824343e+01
-2.498482e-02 1.661282e+01
-2.225069e-03 2.706892e-02
-4.254768e-04 1.075257e-02
+4.766158e-03 1.433375e-01
-3.668367e-03 8.583568e-02
-1.030545e-03 3.051680e-02
-4.097804e-03 4.904717e-02
-1.653027e-03 4.130773e-02
+4.679580e-04 4.285150e-02
+1.651967e-03 3.125657e-02
+4.487850e-04 2.648745e-02
+1.756975e-05 2.650604e-03
-6.574916e-06 1.013907e-03
+1.599682e-05 9.168580e-03
-1.045532e-05 5.642182e-03
-5.863252e-06 2.081683e-03
+3.315945e-05 3.854993e-03
+2.615297e-05 3.439698e-03
-1.878415e-05 3.332804e-03
+3.363125e-06 2.419221e-03
-6.383746e-06 2.200764e-03
-5.763936e+00 7.825250e+00
+4.206133e+00 1.168182e+01
-2.010158e+00 1.718460e+01
-8.680916e+00 1.574546e+01
+7.005538e-01 1.582714e+01
-2.742178e+00 2.103714e+01
-2.303896e+00 2.410053e+01
-4.634716e+00 2.076113e+01
-1.948985e+00 2.707818e+01
+5.211931e-01 2.338415e+01
-1.093048e-01 2.475967e+01
+1.948102e+00 2.818231e+01
+2.356111e+01 5.957247e-01
-3.462619e-04 4.640299e-01
-4.283292e-04 5.077381e-01
-4.076665e-04 8.621681e-01
+4.242338e-04 9.184216e-01
+6.257709e-04 1.074315e+00
-1.340333e-05 1.401880e+00
+4.863233e-04 1.562429e+00
+1.491624e-04 1.510520e+00
+1.006239e-04 1.767381e+00
+4.224018e-04 1.651774e+00
+3.305929e-04 1.663712e+00
+1.634425e-04 1.620215e+00
-5.243208e-05 3.714291e-02
+2.315508e-06 8.139388e-02
+1.696290e-05 8.877487e-02
-5.780262e-05 1.533255e-01
+7.514396e-06 1.740953e-01
-3.537402e-05 2.100582e-01
+5.734802e-05 2.740253e-01
-1.470645e-04 3.000479e-01
-1.030318e-04 3.004912e-01
-1.667009e-06 3.457307e-01
-6.089083e-05 3.223022e-01
-5.377338e-05 3.211435e-01
-8.279343e-05 3.201750e-01
-1.848254e-05 7.762043e-03
-2.182639e-01 3.442244e+02
+2.813171e-01 2.361433e+02
-1.612884e-01 7.052138e+01
+2.083441e-01 4.553172e+01
+1.079795e-01 3.467302e+01
-3.161000e-01 2.705515e+01
-4.050194e-01 2.419092e+01
+2.710093e-01 2.285688e+01
-6.782676e-02 1.825051e+01
-2.454520e-02 1.662118e+01
-2.210842e-03 2.707442e-02
-4.320599e-04 1.075610e-02
+4.794571e-03 1.433425e-01
-3.686868e-03 8.583891e-02
-1.041778e-03 3.052271e-02
-4.062157e-03 4.905394e-02
-1.621720e-03 4.131668e-02
+4.482331e-04 4.285970e-02
+1.657609e-03 3.125871e-02
+4.408499e-04 2.648934e-02
+1.232748e-05 2.651475e-03
-5.085560e-06 1.014423e-03
+2.452832e-05 9.168944e-03
-1.577774e-05 5.642582e-03
-9.787459e-06 2.082339e-03
+3.075755e-05 3.855477e-03
+2.660766e-05 3.440344e-03
-1.749704e-05 3.333493e-03
+4.626033e-06 2.419575e-03
-6.665870e-06 2.201200e-03
-5.764322e+00 7.825156e+00
+4.205741e+00 1.168241e+01
-2.010698e+00 1.718291e+01
-8.680528e+00 1.574454e+01
+7.010571e-01 1.582845e+01
-2.742217e+00 2.103470e+01
-2.303493e+00 2.410456e+01
-4.634832e+00 2.076128e+01
-1.948925e+00 2.707734e+01
+5.216764e-01 2.338051e+01
-1.090548e-01 2.475669e+01
+1.948151e+00 2.818624e+01
+2.356105e+01 5.956163e-01
-3.473541e-04 4.645842e-01
-3.927607e-04 5.083942e-01
-4.826656e-04 8.630147e-01
+4.722464e-04 9.192218e-01
+5.872022e-04 1.075306e+00
+1.612246e-05 1.402904e+00
+3.039550e-04 1.563688e+00
+1.761029e-05 1.511567e+00
+1.441015e-04 1.768830e+00
+3.550250e-04 1.653010e+00
+2.614702e-04 1.665186e+00
+8.348695e-06 1.621910e+00
-6.483193e-05 3.718186e-02
+5.718886e-06 8.147174e-02
+3.728715e-05 8.887995e-02
-6.259597e-05 1.535086e-01
+3.249672e-05 1.743242e-01
-3.294754e-05 2.103544e-01
+2.394722e-05 2.743695e-01
-1.482794e-04 3.004715e-01
-9.805766e-05 3.009362e-01
+3.988852e-05 3.462406e-01
-7.087789e-05 3.227716e-01
-6.161314e-05 3.216233e-01
-1.340315e-04 3.206256e-01
-1.207011e-05 7.772388e-03
-2.204648e-01 3.442804e+02
+2.808802e-01 2.361173e+02
-1.564773e-01 7.054775e+01
+2.046470e-01 4.555502e+01
+1.069302e-01 3.468503e+01
-3.201330e-01 2.703995e+01
-4.066139e-01 2.419115e+01
+2.714439e-01 2.286079e+01
-6.616793e-02 1.825757e+01
-2.411005e-02 1.662949e+01
-2.203323e-03 2.707198e-02
-4.357203e-04 1.075506e-02
+4.823931e-03 1.433385e-01
-3.705830e-03 8.583540e-02
-1.053732e-03 3.052148e-02
-4.036314e-03 4.905365e-02
-1.597859e-03 4.131727e-02
+4.329134e-04 4.285968e-02
+1.663354e-03 3.125715e-02
+4.344386e-04 2.648715e-02
+8.898184e-06 2.651499e-03
-4.530182e-06 1.014465e-03
+3.280941e-05 9.168822e-03
-2.136067e-05 5.642513e-03
-1.315203e-05 2.082404e-03
+2.885355e-05 3.855546e-03
+2.644219e-05 3.440490e-03
-1.718283e-05 3.333621e-03
+6.825907e-06 2.419580e-03
-7.289871e-06 2.201212e-03
-5.764708e+00 7.825062e+00
+4.205348e+00 1.168301e+01
-2.011238e+00 1.718121e+01
-8.680141e+00 1.574363e+01
+7.015604e-01 1.582976e+01
-2.742257e+00 2.103225e+01
-2.303089e+00 2.410858e+01
-4.634947e+00 2.076142e+01
-1.948865e+00 2.707649e+01
+5.221598e-01 2.337687e+01
-1.088048e-01 2.475372e+01
+1.948199e+00 2.819017e+01
+2.356099e+01 5.955079e-01
-3.484462e-04 4.651385e-01
-3.571922e-04 5.090504e-01
-5.576646e-04 8.638614e-01
+5.202590e-04 9.200220e-01
+5.486336e-04 1.076296e+00
+4.564825e-05 1.403928e+00
+1.215866e-04 1.564946e+00
-1.139419e-04 1.512615e+00
+1.875791e-04 1.770279e+00
+2.876482e-04 1.654245e+00
+1.923475e-04 1.666660e+00
-1.467451e-04 1.623604e+00
-7.723178e-05 3.722081e-02
+9.122264e-06 8.154960e-02
+5.761141e-05 8.898502e-02
-6.738933e-05 1.536917e-01
+5.747905e-05 1.745531e-01
-3.052106e-05 2.106507e-01
-9.453585e-06 2.747138e-01
-1.494943e-04 3.008951e-01
-9.308350e-05 3.013812e-01
+8.144405e-05 3.467504e-01
-8.086496e-05 3.232411e-01
-6.945290e-05 3.221031e-01
-1.852696e-04 3.210762e-01
-5.657685e-06 7.782732e-03
-2.226658e-01 3.443364e+02
+2.804434e-01 2.360913e+02
-1.516661e-01 7.057408e+01
+2.009498e-01 4.557828e+01
+1.058808e-01 3.469704e+01
-3.241659e-01 2.702471e+01
-4.082083e-01 2.419138e+01
+2.718785e-01 2.286470e+01
-6.450909e-02 1.826462e+01
-2.367490e-02 1.663780e+01
-2.195805e-03 2.706954e-02
-4.393807e-04 1.075403e-02
+4.853290e-03 1.433345e-01
-3.724792e-03 8.583189e-02
-1.065687e-03 3.052026e-02
-4.010471e-03 4.905337e-02
-1.573998e-03 4.131785e-02
+4.175937e-04 4.285965e-02
+1.669099e-03 3.125559e-02
+4.280274e-04 2.648495e-02
+5.468886e-06 2.651524e-03
-3.974804e-06 1.014507e-03
+4.109051e-05 9.168699e-03
-2.694359e-05 5.642443e-03
-1.651659e-05 2.082469e-03
+2.694954e-05 3.855616e-03
+2.627673e-05 3.440636e-03
-1.686863e-05 3.333750e-03
+9.025780e-06 2.419586e-03
-7.913872e-06 2.201224e-03
-5.765027e+00 7.825511e+00
+4.204927e+00 1.168386e+01
-2.011794e+00 1.718062e+01
-8.679972e+00 1.574285e+01
+7.019882e-01 1.582971e+01
-2.742154e+00 2.103189e+01
-2.302916e+00 2.411480e+01
-4.635038e+00 2.076254e+01
-1.948675e+00 2.707332e+01
+5.226390e-01 2.337092e+01
-1.088680e-01 2.475420e+01
+1.948197e+00 2.819148e+01
+2.356091e+01 5.953892e-01
-3.514339e-04 4.651048e-01
-2.878664e-04 5.091536e-01
-6.403026e-04 8.637269e-01
+5.406752e-04 9.199890e-01
+4.674268e-04 1.076418e+00
+4.170700e-05 1.403660e+00
-2.903362e-05 1.564635e+00
-2.622914e-04 1.512293e+00
+1.928754e-04 1.770081e+00
+1.756039e-04 1.653768e+00
+1.228058e-04 1.666620e+00
-3.383888e-04 1.623735e+00
-9.308687e-05 3.721367e-02
+1.055407e-05 8.153394e-02
+7.863516e-05 8.897172e-02
-6.701238e-05 1.536765e-01
+9.387536e-05 1.745346e-01
-3.235132e-05 2.106272e-01
-6.770429e-05 2.746635e-01
-1.477764e-04 3.008878e-01
-6.853187e-05 3.013865e-01
+1.396133e-04 3.467335e-01
-7.430071e-05 3.232289e-01
-4.839465e-05 3.221211e-01
-2.417115e-04 3.210909e-01
+3.914894e-06 7.782969e-03
-2.248661e-01 3.443929e+02
+2.800065e-01 2.360654e+02
-1.467935e-01 7.060032e+01
+1.972122e-01 4.560157e+01
+1.048081e-01 3.470924e+01
-3.281812e-01 2.700953e+01
-4.097868e-01 2.419172e+01
+2.722937e-01 2.286870e+01
-6.283396e-02 1.827164e+01
-2.324778e-02 1.664621e+01
-2.188097e-03 2.705523e-02
-4.444673e-04 1.074679e-02
+4.900846e-03 1.433156e-01
-3.756208e-03 8.581688e-02
-1.084351e-03 3.051003e-02
-3.979379e-03 4.904558e-02
-1.544678e-03 4.131100e-02
+3.973635e-04 4.285146e-02
+1.680352e-03 3.124823e-02
+4.187469e-04 2.647594e-02
+2.005714e-06 2.651057e-03
-4.521528e-06 1.014290e-03
+5.038712e-05 9.168263e-03
-3.362699e-05 5.642098e-03
-2.009219e-05 2.082250e-03
+2.537024e-05 3.855433e-03
+2.698390e-05 3.440513e-03
-1.627121e-05 3.333598e-03
+1.203757e-05 2.419398e-03
-9.082763e-06 2.200994e-03
-5.765381e+00 7.825961e+00
+4.204525e+00 1.168590e+01
-2.012417e+00 1.717918e+01
-8.679805e+00 1.574307e+01
+7.021431e-01 1.582878e+01
-2.742027e+00 2.103088e+01
-2.302721e+00 2.411872e+01
-4.635324e+00 2.076487e+01
-1.948576e+00 2.707068e+01
+5.232040e-01 2.336486e+01
-1.088684e-01 2.474902e+01
+1.948249e+00 2.819230e+01
+2.356080e+01 5.952531e-01
-3.582285e-04 4.648783e-01
-2.225237e-04 5.091139e-01
-7.336404e-04 8.634566e-01
+5.280291e-04 9.200281e-01
+3.587082e-04 1.076656e+00
-5.082449e-05 1.403703e+00
-1.443856e-04 1.564613e+00
-3.521335e-04 1.512380e+00
+2.905177e-04 1.770284e+00
+1.404908e-04 1.653715e+00
+1.126026e-04 1.666893e+00
-5.539070e-04 1.623779e+00
-9.915754e-05 3.721224e-02
+8.062482e-06 8.144413e-02
+1.007409e-04 8.888398e-02
-5.965626e-05 1.535247e-01
+1.396453e-04 1.743573e-01
-2.523922e-05 2.104209e-01
-1.282915e-04 2.743582e-01
-1.653640e-04 3.006478e-01
-3.774127e-05 3.011539e-01
+2.072237e-04 3.464132e-01
-6.984355e-05 3.229211e-01
-2.713520e-05 3.218739e-01
-2.913314e-04 3.208652e-01
+1.651844e-05 7.775105e-03
-2.270659e-01 3.444500e+02
+2.795674e-01 2.360393e+02
-1.418598e-01 7.062636e+01
+1.934338e-01 4.562482e+01
+1.037124e-01 3.472154e+01
-3.321790e-01 2.699435e+01
-4.113484e-01 2.419212e+01
+2.726907e-01 2.287272e+01
-6.114164e-02 1.827859e+01
-2.282933e-02 1.665465e+01
-2.180253e-03 2.704057e-02
-4.524862e-04 1.073985e-02
+4.960177e-03 1.432891e-01
-3.796427e-03 8.579712e-02
-1.107039e-03 3.049864e-02
-3.944854e-03 4.903594e-02
-1.510740e-03 4.130283e-02
+3.751724e-04 4.284156e-02
+1.696161e-03 3.124013e-02
+4.068855e-04 2.646664e-02
-1.710642e-06 2.648705e-03
-6.054422e-06 1.013022e-03
+5.758170e-05 9.167051e-03
-3.942579e-05 5.640932e-03
-2.270332e-05 2.080907e-03
+2.326762e-05 3.854393e-03
+2.775507e-05 3.439439e-03
-1.469636e-05 3.332463e-03
+1.498047e-05 2.418459e-03
-1.041011e-05 2.199773e-03
-5.765727e+00 7.826784e+00
+4.204282e+00 1.168800e+01
-2.013044e+00 1.717632e+01
-8.679774e+00 1.574184e+01
+7.022213e-01 1.582888e+01
-2.742079e+00 2.103006e+01
-2.302378e+00 2.412198e+01
-4.635597e+00 2.076448e+01
-1.948622e+00 2.706924e+01
+5.235028e-01 2.335929e+01
-1.089023e-01 2.474832e+01
+1.948091e+00 2.819396e+01
+2.356068e+01 5.951507e-01
-3.729775e-04 4.646364e-01
-1.516920e-04 5.090107e-01
-7.957768e-04 8.632074e-01
+5.889842e-04 9.200053e-01
+2.424618e-04 1.076627e+00
-2.233103e-04 1.403873e+00
-2.627076e-04 1.564729e+00
-3.733420e-04 1.512621e+00
+4.250555e-04 1.770392e+00
+1.496688e-04 1.653907e+00
+2.172203e-04 1.667256e+00
-7.835071e-04 1.623607e+00
-9.431967e-05 3.721571e-02
-3.800743e-06 8.129536e-02
+1.213389e-04 8.875137e-02
-5.627348e-05 1.532780e-01
+2.021659e-04 1.741053e-01
+4.218215e-06 2.101538e-01
-1.540777e-04 2.739486e-01
-2.114934e-04 3.002753e-01
-3.688779e-05 3.008104e-01
+2.670969e-04 3.459646e-01
-8.386925e-05 3.224666e-01
-1.950276e-05 3.214743e-01
-3.233921e-04 3.204758e-01
+2.972803e-05 7.762242e-03
-2.292650e-01 3.445073e+02
+2.791222e-01 2.360131e+02
-1.368656e-01 7.065214e+01
+1.896136e-01 4.564801e+01
+1.025946e-01 3.473390e+01
-3.361592e-01 2.697914e+01
-4.128912e-01 2.419254e+01
+2.730722e-01 2.287672e+01
-5.943037e-02 1.828548e+01
-2.242090e-02 1.666311e+01
-2.172647e-03 2.703341e-02
-4.645494e-04 1.073729e-02
+5.018699e-03 1.432681e-01
-3.837747e-03 8.578227e-02
-1.128770e-03 3.049303e-02
-3.910422e-03 4.903006e-02
-1.474748e-03 4.129866e-02
+3.553778e-04 4.283591e-02
+1.713752e-03 3.123557e-02
+3.935901e-04 2.646199e-02
-6.080113e-06 2.644246e-03
-7.659165e-06 1.010573e-03
+5.964081e-05 9.164805e-03
-4.221032e-05 5.638719e-03
-2.332760e-05 2.078201e-03
+1.984940e-05 3.852344e-03
+2.742602e-05 3.437303e-03
-1.217030e-05 3.330197e-03
+1.660155e-05 2.416625e-03
-1.128795e-05 2.197380e-03
-5.766062e+00 7.827796e+00
+4.203925e+00 1.168920e+01
-2.013731e+00 1.717542e+01
-8.679950e+00 1.574033e+01
+7.021626e-01 1.582876e+01
-2.742414e+00 2.102802e+01
-2.302048e+00 2.412510e+01
-4.635572e+00 2.076500e+01
-1.948069e+00 2.707090e+01
+5.243173e-01 2.335622e+01
-1.087794e-01 2.474370e+01
+1.947893e+00 2.819183e+01
+2.356061e+01 5.950630e-01
-4.043141e-04 4.643593e-01
-6.131612e-05 5.089282e-01
-8.424375e-04 8.629479e-01
+6.462086e-04 9.198890e-01
+1.533720e-04 1.076532e+00
-3.842350e-04 1.403952e+00
-4.601982e-04 1.565026e+00
-4.060711e-04 1.512895e+00
+5.692609e-04 1.770401e+00
+1.038320e-04 1.654000e+00
+2.652240e-04 1.667429e+00
-9.902311e-04 1.623626e+00
-8.150888e-05 3.720938e-02
-2.646505e-05 8.112944e-02
+1.570196e-04 8.860737e-02
-5.789722e-05 1.530219e-01
+2.639359e-04 1.738703e-01
+6.271904e-05 2.099121e-01
-1.347163e-04 2.735704e-01
-2.594642e-04 2.999094e-01
-1.036618e-04 3.005059e-01
+2.699738e-04 3.455570e-01
-1.520665e-04 3.221072e-01
-4.224710e-05 3.210670e-01
-3.463546e-04 3.200217e-01
+3.772886e-05 7.751330e-03
-2.314635e-01 3.445649e+02
+2.786654e-01 2.359865e+02
-1.318121e-01 7.067758e+01
+1.857500e-01 4.567119e+01
+1.014560e-01 3.474626e+01
-3.401222e-01 2.696386e+01
-4.144123e-01 2.419296e+01
+2.734419e-01 2.288064e+01
-5.769764e-02 1.829233e+01
-2.202437e-02 1.667159e+01
-2.166093e-03 2.701900e-02
-4.802343e-04 1.073079e-02
+5.076213e-03 1.432448e-01
-3.880321e-03 8.576481e-02
-1.149513e-03 3.048392e-02
-3.875936e-03 4.902093e-02
-1.436733e-03 4.129080e-02
+3.368168e-04 4.282637e-02
+1.732861e-03 3.122839e-02
+3.787848e-04 2.645393e-02
-1.146939e-05 2.641193e-03
-8.095399e-06 1.008914e-03
+5.913745e-05 9.162978e-03
-4.342853e-05 5.637012e-03
-2.312545e-05 2.076261e-03
+1.593469e-05 3.850856e-03
+2.613026e-05 3.435861e-03
-1.072252e-05 3.328632e-03
+1.697033e-05 2.415302e-03
-1.174142e-05 2.195689e-03
