+3.870068e+00 4.568009e+00
+4.625317e+00 6.101988e+00
-2.116179e+00 8.179515e+00
-2.222053e+00 1.028256e+01
-3.911305e+00 1.079175e+01
-2.197797e+00 1.217392e+01
+1.024621e-01 1.281112e+01
-4.658145e-02 1.345235e+01
-1.550863e+00 1.304899e+01
-8.031535e-01 1.320022e+01
-8.545863e-01 1.124496e+01
-6.464926e-01 1.018883e+01
+2.332972e+01 1.330724e+00
+1.770821e-04 2.456513e-01
-2.468574e-04 3.985490e-01
+4.436940e-04 5.374718e-01
+1.961742e-04 7.523124e-01
-6.786788e-04 8.742454e-01
-1.198784e-03 1.072534e+00
-2.510797e-04 1.211852e+00
+4.201487e-04 1.388542e+00
-1.621914e-04 1.338566e+00
-3.806659e-04 1.339432e+00
-1.174387e-04 1.144202e+00
+3.318132e-04 1.071514e+00
+1.310708e-05 7.117433e-02
+3.719825e-06 4.242082e-02
+8.606322e-05 7.217761e-02
-1.702886e-04 1.000504e-01
-1.202376e-04 1.429505e-01
-2.992912e-05 1.702589e-01
+1.322159e-04 2.121635e-01
-4.871568e-05 2.422162e-01
+3.152741e-05 2.806087e-01
+2.115403e-04 2.684056e-01
+1.149288e-04 2.700122e-01
+1.149528e-04 2.293705e-01
+4.602158e-05 2.146134e-01
-3.020317e-06 1.467375e-02
-2.092769e-01 3.439957e+02
+2.829828e-01 2.362485e+02
-1.805621e-01 7.041409e+01
+2.231531e-01 4.543739e+01
+1.121851e-01 3.462519e+01
-2.996337e-01 2.711752e+01
-3.983597e-01 2.419030e+01
+2.691382e-01 2.284203e+01
-7.448914e-02 1.822201e+01
-2.633516e-02 1.658777e+01
-2.303396e-03 2.704348e-02
-3.872409e-04 1.073676e-02
+4.686655e-03 1.433054e-01
-3.608649e-03 8.581089e-02
-1.006417e-03 3.048764e-02
-4.222186e-03 4.901423e-02
-1.743738e-03 4.126448e-02
+5.478944e-04 4.280784e-02
+1.619559e-03 3.124385e-02
+4.799552e-04 2.647469e-02
+2.649414e-05 2.643010e-03
-9.760124e-06 1.009583e-03
-1.155645e-05 9.165225e-03
+3.936043e-06 5.638856e-03
+4.333728e-06 2.076730e-03
+3.200324e-05 3.851642e-03
+1.807519e-05 3.435433e-03
-2.111433e-05 3.328284e-03
+8.519317e-08 2.416339e-03
-4.956703e-06 2.197127e-03
+3.870250e+00 4.568021e+00
+4.625196e+00 6.102032e+00
-2.116128e+00 8.179979e+00
-2.222116e+00 1.028237e+01
-3.911989e+00 1.079113e+01
-2.198389e+00 1.217590e+01
+1.023345e-01 1.281301e+01
-4.646470e-02 1.345401e+01
-1.550982e+00 1.304552e+01
-8.033945e-01 1.320002e+01
-8.546930e-01 1.124436e+01
-6.461477e-01 1.018842e+01
+2.332971e+01 1.330530e+00
+1.817066e-04 2.456215e-01
-2.181793e-04 3.984663e-01
+3.336331e-04 5.373387e-01
+1.181724e-04 7.519123e-01
-7.008291e-04 8.738646e-01
-1.061405e-03 1.072110e+00
-2.512324e-04 1.211401e+00
+3.622489e-04 1.388124e+00
-9.428747e-05 1.337570e+00
-2.699161e-04 1.338667e+00
-9.514829e-05 1.143751e+00
+2.714585e-04 1.070832e+00
+6.809131e-06 7.127106e-02
-9.295045e-06 4.248106e-02
+7.544028e-05 7.231140e-02
-1.311493e-04 1.002212e-01
-1.070488e-04 1.432059e-01
+9.122225e-06 1.706019e-01
+1.610801e-04 2.126119e-01
-3.546402e-05 2.427517e-01
+1.155221e-05 2.812367e-01
+2.135233e-04 2.690105e-01
+1.083167e-04 2.706369e-01
+1.156082e-04 2.298397e-01
+1.915830e-05 2.150628e-01
+4.832936e-06 1.471693e-02
-2.115639e-01 3.440533e+02
+2.825847e-01 2.362219e+02
-1.757382e-01 7.044114e+01
+2.194501e-01 4.546115e+01
+1.111275e-01 3.463703e+01
-3.037986e-01 2.710176e+01
-4.000563e-01 2.419029e+01
+2.696313e-01 2.284568e+01
-7.282787e-02 1.822916e+01
-2.587863e-02 1.659604e+01
-2.273844e-03 2.705695e-02
-4.024441e-04 1.074480e-02
+4.711958e-03 1.433183e-01
-3.629671e-03 8.582195e-02
-1.013356e-03 3.050052e-02
-4.180768e-03 4.902708e-02
-1.716238e-03 4.128133e-02
+5.187071e-04 4.282589e-02
+1.633038e-03 3.125023e-02
+4.685831e-04 2.648156e-02
+2.651508e-05 2.644932e-03
-9.800734e-06 1.010686e-03
-1.905812e-06 9.166090e-03
-8.610914e-07 5.639685e-03
+1.970784e-06 2.077953e-03
+3.365997e-05 3.852519e-03
+2.057237e-05 3.436578e-03
-2.122435e-05 3.329431e-03
+2.315933e-06 2.417039e-03
-5.827449e-06 2.198063e-03
+3.870374e+00 4.567900e+00
+4.624996e+00 6.101969e+00
-2.115985e+00 8.180540e+00
-2.222251e+00 1.028225e+01
-3.912480e+00 1.079040e+01
-2.198895e+00 1.217732e+01
+1.022153e-01 1.281227e+01
-4.627609e-02 1.345475e+01
-1.550879e+00 1.304268e+01
-8.035796e-01 1.319886e+01
-8.550939e-01 1.124343e+01
-6.461746e-01 1.018763e+01
+2.332969e+01 1.330327e+00
+1.746047e-04 2.455776e-01
-1.668585e-04 3.983946e-01
+2.819882e-04 5.372446e-01
+4.091759e-05 7.515231e-01
-6.534949e-04 8.733994e-01
-8.411284e-04 1.071606e+00
-2.276086e-04 1.211019e+00
+3.406966e-04 1.387627e+00
+1.049553e-04 1.336757e+00
-1.002200e-04 1.337794e+00
-3.874706e-05 1.143253e+00
+2.160212e-04 1.070043e+00
-1.152313e-07 7.136757e-02
-1.271113e-05 4.253936e-02
+7.374371e-05 7.243847e-02
-9.246531e-05 1.003902e-01
-7.872462e-05 1.434569e-01
+5.230039e-05 1.709476e-01
+1.799502e-04 2.130724e-01
-1.917283e-05 2.432686e-01
+9.262350e-06 2.818592e-01
+1.753666e-04 2.695612e-01
+6.201036e-05 2.712537e-01
+1.236242e-04 2.303306e-01
+9.281243e-06 2.155492e-01
+1.028036e-05 1.476049e-02
-2.138196e-01 3.441107e+02
+2.821719e-01 2.361956e+02
-1.709184e-01 7.046806e+01
+2.157466e-01 4.548481e+01
+1.100757e-01 3.464899e+01
-3.079317e-01 2.708610e+01
-4.017355e-01 2.419045e+01
+2.701053e-01 2.284936e+01
-7.116049e-02 1.823630e+01
-2.542907e-02 1.660441e+01
-2.246800e-03 2.706289e-02
-4.154293e-04 1.074864e-02
+4.738661e-03 1.433276e-01
-3.649605e-03 8.582907e-02
-1.020964e-03 3.050867e-02
-4.139571e-03 4.903698e-02
-1.686799e-03 4.129448e-02
+4.919728e-04 4.283905e-02
+1.644352e-03 3.125350e-02
+4.581991e-04 2.648470e-02
+2.317411e-05 2.648093e-03
-8.509395e-06 1.012477e-03
+7.200438e-06 9.167477e-03
-5.513849e-06 5.641051e-03
-1.679929e-06 2.079995e-03
+3.456811e-05 3.853865e-03
+2.413271e-05 3.438281e-03
-2.039327e-05 3.331250e-03
+2.913347e-06 2.418240e-03
-6.243834e-06 2.199558e-03
+3.870582e+00 4.567840e+00
+4.624921e+00 6.101603e+00
-2.115951e+00 8.180755e+00
-2.222164e+00 1.028264e+01
-3.913014e+00 1.078958e+01
-2.199305e+00 1.217771e+01
+1.019751e-01 1.281296e+01
-4.601725e-02 1.345504e+01
-1.550575e+00 1.303958e+01
-8.032892e-01 1.319752e+01
-8.548145e-01 1.124277e+01
-6.461795e-01 1.018548e+01
+2.332968e+01 1.330089e+00
+1.555108e-04 2.455421e-01
-1.213617e-04 3.983189e-01
+2.688451e-04 5.371483e-01
-1.467148e-05 7.511403e-01
-5.361534e-04 8.729738e-01
-6.576203e-04 1.071263e+00
-2.259448e-04 1.210615e+00
+3.241619e-04 1.386980e+00
+2.245556e-04 1.335887e+00
-6.998572e-05 1.337226e+00
+3.215085e-05 1.142843e+00
+1.816772e-04 1.069244e+00
+6.807516e-06 7.146545e-02
-8.261979e-06 4.260505e-02
+6.591877e-05 7.258690e-02
-6.039694e-05 1.005921e-01
-5.466603e-05 1.437437e-01
+7.691764e-05 1.713282e-01
+1.792658e-04 2.135692e-01
-3.154353e-06 2.438795e-01
+1.812904e-05 2.825921e-01
+9.398081e-05 2.701966e-01
-2.589101e-05 2.719268e-01
+9.237913e-05 2.308789e-01
-5.955000e-06 2.161030e-01
+1.229838e-05 1.480180e-02
-2.160504e-01 3.441679e+02
+2.817483e-01 2.361694e+02
-1.661020e-01 7.049482e+01
+2.120442e-01 4.550833e+01
+1.090274e-01 3.466101e+01
-3.120326e-01 2.707056e+01
-4.033920e-01 2.419069e+01
+2.705637e-01 2.285308e+01
-6.949189e-02 1.824343e+01
-2.498482e-02 1.661282e+01
-2.225069e-03 2.706892e-02
-4.254768e-04 1.075257e-02
+4.766158e-03 1.433375e-01
-3.668367e-03 8.583568e-02
-1.030545e-03 3.051680e-02
-4.097804e-03 4.904717e-02
-1.653027e-03 4.130773e-02
+4.679580e-04 4.285150e-02
+1.651967e-03 3.125657e-02
+4.487850e-04 2.648745e-02
+1.756975e-05 2.650604e-03
-6.574916e-06 1.013907e-03
+1.599682e-05 9.168580e-03
-1.045532e-05 5.642182e-03
-5.863252e-06 2.081683e-03
+3.315945e-05 3.854993e-03
+2.615297e-05 3.439698e-03
-1.878415e-05 3.332804e-03
+3.363125e-06 2.419221e-03
-6.383746e-06 2.200764e-03
+3.870755e+00 4.567581e+00
+4.624909e+00 6.101146e+00
-2.115734e+00 8.181033e+00
-2.222315e+00 1.028210e+01
-3.913452e+00 1.078829e+01
-2.199717e+00 1.217781e+01
+1.018322e-01 1.281415e+01
-4.570945e-02 1.345667e+01
-1.550027e+00 1.303772e+01
-8.030903e-01 1.319383e+01
-8.547101e-01 1.124173e+01
-6.459771e-01 1.018380e+01
+2.332965e+01 1.329743e+00
+1.590523e-04 2.455038e-01
-6.397264e-05 3.982874e-01
+2.361541e-04 5.370869e-01
-3.588864e-05 7.508262e-01
-4.613369e-04 8.725205e-01
-4.968391e-04 1.070876e+00
-2.102590e-04 1.210044e+00
+3.457253e-04 1.386499e+00
+2.085987e-04 1.334920e+00
-1.731967e-04 1.336724e+00
+1.162575e-04 1.142514e+00
+1.707700e-04 1.068626e+00
+2.058782e-05 7.155839e-02
+4.384750e-06 4.266610e-02
+5.303577e-05 7.272387e-02
-5.271976e-05 1.007879e-01
-2.510898e-05 1.440160e-01
+7.555850e-05 1.716894e-01
+1.643244e-04 2.140298e-01
+8.818351e-06 2.444831e-01
+2.170178e-05 2.832951e-01
-1.095311e-05 2.708657e-01
-1.004258e-04 2.725574e-01
+4.870446e-05 2.313847e-01
-4.170879e-05 2.166099e-01
+1.183003e-05 1.483381e-02
-2.182639e-01 3.442244e+02
+2.813171e-01 2.361433e+02
-1.612884e-01 7.052138e+01
+2.083441e-01 4.553172e+01
+1.079795e-01 3.467302e+01
-3.161000e-01 2.705515e+01
-4.050194e-01 2.419092e+01
+2.710093e-01 2.285688e+01
-6.782676e-02 1.825051e+01
-2.454520e-02 1.662118e+01
-2.210842e-03 2.707442e-02
-4.320599e-04 1.075610e-02
+4.794571e-03 1.433425e-01
-3.686868e-03 8.583891e-02
-1.041778e-03 3.052271e-02
-4.062157e-03 4.905394e-02
-1.621720e-03 4.131668e-02
+4.482331e-04 4.285970e-02
+1.657609e-03 3.125871e-02
+4.408499e-04 2.648934e-02
+1.232748e-05 2.651475e-03
-5.085560e-06 1.014423e-03
+2.452832e-05 9.168944e-03
-1.577774e-05 5.642582e-03
-9.787459e-06 2.082339e-03
+3.075755e-05 3.855477e-03
+2.660766e-05 3.440344e-03
-1.749704e-05 3.333493e-03
+4.626033e-06 2.419575e-03
-6.665870e-06 2.201200e-03
+3.870817e+00 4.567376e+00
+4.624768e+00 6.100938e+00
-2.115466e+00 8.181482e+00
-2.222452e+00 1.028219e+01
-3.913789e+00 1.078737e+01
-2.200155e+00 1.217916e+01
+1.016716e-01 1.281400e+01
-4.552081e-02 1.345567e+01
-1.550038e+00 1.303522e+01
-8.035981e-01 1.319331e+01
-8.547521e-01 1.124222e+01
-6.456533e-01 1.018286e+01
+2.332971e+01 1.329270e+00
+1.647371e-04 2.455466e-01
-2.725940e-05 3.984331e-01
+1.984638e-04 5.372901e-01
-5.726050e-05 7.509816e-01
-3.964700e-04 8.726256e-01
-3.518058e-04 1.071073e+00
-1.773962e-04 1.210532e+00
+3.840505e-04 1.387275e+00
+1.205417e-04 1.334995e+00
-3.643832e-04 1.337071e+00
+1.003545e-04 1.142986e+00
+1.042944e-04 1.068835e+00
+3.114420e-05 7.163586e-02
+1.938572e-05 4.270653e-02
+4.060616e-05 7.281282e-02
-5.496710e-05 1.009203e-01
+5.926736e-07 1.441988e-01
+6.240847e-05 1.719394e-01
+1.591198e-04 2.143394e-01
+2.217876e-05 2.448933e-01
+2.086177e-05 2.837462e-01
-8.542009e-05 2.713212e-01
-1.237202e-04 2.730071e-01
+3.731167e-06 2.317294e-01
-8.995887e-05 2.169487e-01
+7.454239e-06 1.485223e-02
-2.204648e-01 3.442804e+02
+2.808802e-01 2.361173e+02
-1.564773e-01 7.054775e+01
+2.046470e-01 4.555502e+01
+1.069302e-01 3.468503e+01
-3.201330e-01 2.703995e+01
-4.066139e-01 2.419115e+01
+2.714439e-01 2.286079e+01
-6.616793e-02 1.825757e+01
-2.411005e-02 1.662949e+01
-2.203323e-03 2.707198e-02
-4.357203e-04 1.075506e-02
+4.823931e-03 1.433385e-01
-3.705830e-03 8.583540e-02
-1.053732e-03 3.052148e-02
-4.036314e-03 4.905365e-02
-1.597859e-03 4.131727e-02
+4.329134e-04 4.285968e-02
+1.663354e-03 3.125715e-02
+4.344386e-04 2.648715e-02
+8.898184e-06 2.651499e-03
-4.530182e-06 1.014465e-03
+3.280941e-05 9.168822e-03
-2.136067e-05 5.642513e-03
-1.315203e-05 2.082404e-03
+2.885355e-05 3.855546e-03
+2.644219e-05 3.440490e-03
-1.718283e-05 3.333621e-03
+6.825907e-06 2.419580e-03
-7.289871e-06 2.201212e-03
+3.870880e+00 4.567171e+00
+4.624628e+00 6.100730e+00
-2.115197e+00 8.181930e+00
-2.222590e+00 1.028227e+01
-3.914126e+00 1.078646e+01
-2.200593e+00 1.218051e+01
+1.015111e-01 1.281385e+01
-4.533217e-02 1.345467e+01
-1.550050e+00 1.303272e+01
-8.041058e-01 1.319278e+01
-8.547941e-01 1.124271e+01
-6.453294e-01 1.018191e+01
+2.332976e+01 1.328796e+00
+1.704219e-04 2.455893e-01
+9.453841e-06 3.985787e-01
+1.607735e-04 5.374933e-01
-7.863237e-05 7.511370e-01
-3.316031e-04 8.727307e-01
-2.067726e-04 1.071270e+00
-1.445334e-04 1.211021e+00
+4.223757e-04 1.388051e+00
+3.248477e-05 1.335070e+00
-5.555697e-04 1.337417e+00
+8.445152e-05 1.143457e+00
+3.781874e-05 1.069043e+00
+4.170057e-05 7.171333e-02
+3.438668e-05 4.274696e-02
+2.817654e-05 7.290177e-02
-5.721445e-05 1.010528e-01
+2.629432e-05 1.443815e-01
+4.925845e-05 1.721893e-01
+1.539151e-04 2.146490e-01
+3.553917e-05 2.453035e-01
+2.002176e-05 2.841972e-01
-1.598871e-04 2.717768e-01
-1.470146e-04 2.734569e-01
-4.124213e-05 2.320740e-01
-1.382090e-04 2.172876e-01
+3.078446e-06 1.487066e-02
-2.226658e-01 3.443364e+02
+2.804434e-01 2.360913e+02
-1.516661e-01 7.057408e+01
+2.009498e-01 4.557828e+01
+1.058808e-01 3.469704e+01
-3.241659e-01 2.702471e+01
-4.082083e-01 2.419138e+01
+2.718785e-01 2.286470e+01
-6.450909e-02 1.826462e+01
-2.367490e-02 1.663780e+01
-2.195805e-03 2.706954e-02
-4.393807e-04 1.075403e-02
+4.853290e-03 1.433345e-01
-3.724792e-03 8.583189e-02
-1.065687e-03 3.052026e-02
-4.010471e-03 4.905337e-02
-1.573998e-03 4.131785e-02
+4.175937e-04 4.285965e-02
+1.669099e-03 3.125559e-02
+4.280274e-04 2.648495e-02
+5.468886e-06 2.651524e-03
-3.974804e-06 1.014507e-03
+4.109051e-05 9.168699e-03
-2.694359e-05 5.642443e-03
-1.651659e-05 2.082469e-03
+2.694954e-05 3.855616e-03
+2.627673e-05 3.440636e-03
-1.686863e-05 3.333750e-03
+9.025780e-06 2.419586e-03
-7.913872e-06 2.201224e-03
+3.870962e+00 4.566885e+00
+4.624659e+00 6.100961e+00
-2.115014e+00 8.182487e+00
-2.222823e+00 1.028328e+01
-3.914433e+00 1.078624e+01
-2.200708e+00 1.218129e+01
+1.011814e-01 1.281398e+01
-4.517825e-02 1.345571e+01
-1.549772e+00 1.303331e+01
-8.045527e-01 1.319358e+01
-8.547339e-01 1.124276e+01
-6.452212e-01 1.018065e+01
+2.332982e+01 1.328298e+00
+1.912701e-04 2.455524e-01
+3.301040e-05 3.985720e-01
+1.361735e-04 5.374824e-01
-8.820983e-05 7.510813e-01
-2.379300e-04 8.725570e-01
-9.812229e-06 1.071071e+00
-1.078616e-04 1.211032e+00
+3.801313e-04 1.388004e+00
-1.390557e-04 1.334720e+00
-7.474900e-04 1.337131e+00
-6.330005e-06 1.143343e+00
-5.329278e-05 1.068866e+00
+4.482906e-05 7.169928e-02
+4.935095e-05 4.274196e-02
+9.241981e-06 7.289782e-02
-4.862399e-05 1.010479e-01
+5.637169e-05 1.443536e-01
+2.670628e-05 1.721605e-01
+1.144655e-04 2.146017e-01
+6.610411e-05 2.452909e-01
+4.468610e-05 2.841846e-01
-2.330832e-04 2.717604e-01
-1.810218e-04 2.734526e-01
-8.110186e-05 2.320326e-01
-1.792194e-04 2.172419e-01
-4.601668e-08 1.487029e-02
-2.248661e-01 3.443929e+02
+2.800065e-01 2.360654e+02
-1.467935e-01 7.060032e+01
+1.972122e-01 4.560157e+01
+1.048081e-01 3.470924e+01
-3.281812e-01 2.700953e+01
-4.097868e-01 2.419172e+01
+2.722937e-01 2.286870e+01
-6.283396e-02 1.827164e+01
-2.324778e-02 1.664621e+01
-2.188097e-03 2.705523e-02
-4.444673e-04 1.074679e-02
+4.900846e-03 1.433156e-01
-3.756208e-03 8.581688e-02
-1.084351e-03 3.051003e-02
-3.979379e-03 4.904558e-02
-1.544678e-03 4.131100e-02
+3.973635e-04 4.285146e-02
+1.680352e-03 3.124823e-02
+4.187469e-04 2.647594e-02
+2.005714e-06 2.651057e-03
-4.521528e-06 1.014290e-03
+5.038712e-05 9.168263e-03
-3.362699e-05 5.642098e-03
-2.009219e-05 2.082250e-03
+2.537024e-05 3.855433e-03
+2.698390e-05 3.440513e-03
-1.627121e-05 3.333598e-03
+1.203757e-05 2.419398e-03
-9.082763e-06 2.200994e-03
+3.871015e+00 4.566831e+00
+4.624586e+00 6.101026e+00
-2.115024e+00 8.182915e+00
-2.223108e+00 1.028310e+01
-3.914572e+00 1.078519e+01
-2.200591e+00 1.218032e+01
+1.011585e-01 1.281421e+01
-4.518641e-02 1.345411e+01
-1.549660e+00 1.303135e+01
-8.048650e-01 1.319566e+01
-8.547899e-01 1.124414e+01
-6.450550e-01 1.018050e+01
+2.332984e+01 1.327845e+00
+2.052370e-04 2.456097e-01
+2.610809e-05 3.987830e-01
+1.704323e-04 5.377772e-01
-7.983469e-05 7.515647e-01
-1.651382e-04 8.731713e-01
+1.279285e-04 1.071631e+00
-2.585744e-05 1.211979e+00
+3.852918e-04 1.389129e+00
-3.287392e-04 1.335474e+00
-9.394267e-04 1.338061e+00
-1.166783e-04 1.143946e+00
-1.997758e-04 1.069667e+00
+4.198280e-05 7.168404e-02
+6.005295e-05 4.271612e-02
-1.060581e-05 7.284583e-02
-5.030009e-05 1.009825e-01
+8.537274e-05 1.442277e-01
-3.073162e-06 1.720129e-01
+3.749648e-05 2.144016e-01
+9.275748e-05 2.450990e-01
+1.055095e-04 2.839029e-01
-2.916604e-04 2.714985e-01
-2.193024e-04 2.732261e-01
-9.019374e-05 2.318374e-01
-1.941383e-04 2.170477e-01
+2.439874e-06 1.485509e-02
-2.270659e-01 3.444500e+02
+2.795674e-01 2.360393e+02
-1.418598e-01 7.062636e+01
+1.934338e-01 4.562482e+01
+1.037124e-01 3.472154e+01
-3.321790e-01 2.699435e+01
-4.113484e-01 2.419212e+01
+2.726907e-01 2.287272e+01
-6.114164e-02 1.827859e+01
-2.282933e-02 1.665465e+01
-2.180253e-03 2.704057e-02
-4.524862e-04 1.073985e-02
+4.960177e-03 1.432891e-01
-3.796427e-03 8.579712e-02
-1.107039e-03 3.049864e-02
-3.944854e-03 4.903594e-02
-1.510740e-03 4.130283e-02
+3.751724e-04 4.284156e-02
+1.696161e-03 3.124013e-02
+4.068855e-04 2.646664e-02
-1.710642e-06 2.648705e-03
-6.054422e-06 1.013022e-03
+5.758170e-05 9.167051e-03
-3.942579e-05 5.640932e-03
-2.270332e-05 2.080907e-03
+2.326762e-05 3.854393e-03
+2.775507e-05 3.439439e-03
-1.469636e-05 3.332463e-03
+1.498047e-05 2.418459e-03
-1.041011e-05 2.199773e-03
+3.871158e+00 4.566445e+00
+4.624500e+00 6.100748e+00
-2.114871e+00 8.182874e+00
-2.223309e+00 1.028349e+01
-3.914651e+00 1.078504e+01
-2.200330e+00 1.218228e+01
+1.010012e-01 1.281410e+01
-4.551638e-02 1.345140e+01
-1.549883e+00 1.303182e+01
-8.052482e-01 1.319803e+01
-8.551622e-01 1.124488e+01
-6.450409e-01 1.018106e+01
+2.332985e+01 1.327395e+00
+2.224610e-04 2.456718e-01
+1.910464e-06 3.990277e-01
+2.294508e-04 5.380475e-01
-5.855728e-05 7.521073e-01
-1.289165e-04 8.736920e-01
+1.240546e-04 1.072255e+00
+1.195032e-04 1.212912e+00
+4.942717e-04 1.390530e+00
-5.029969e-04 1.336358e+00
-1.184919e-03 1.339300e+00
-1.916753e-04 1.144739e+00
-2.823749e-04 1.070719e+00
+4.838056e-05 7.167232e-02
+7.076515e-05 4.268402e-02
-2.046310e-05 7.278318e-02
-7.927176e-05 1.009139e-01
+9.713707e-05 1.440925e-01
-3.637097e-05 1.718768e-01
-4.687048e-05 2.141949e-01
+9.965553e-05 2.448831e-01
+1.801312e-04 2.835651e-01
-3.081370e-04 2.712188e-01
-2.447805e-04 2.729714e-01
-6.084530e-05 2.315978e-01
-1.847377e-04 2.168248e-01
+9.194750e-06 1.483036e-02
-2.292650e-01 3.445073e+02
+2.791222e-01 2.360131e+02
-1.368656e-01 7.065214e+01
+1.896136e-01 4.564801e+01
+1.025946e-01 3.473390e+01
-3.361592e-01 2.697914e+01
-4.128912e-01 2.419254e+01
+2.730722e-01 2.287672e+01
-5.943037e-02 1.828548e+01
-2.242090e-02 1.666311e+01
-2.172647e-03 2.703341e-02
-4.645494e-04 1.073729e-02
+5.018699e-03 1.432681e-01
-3.837747e-03 8.578227e-02
-1.128770e-03 3.049303e-02
-3.910422e-03 4.903006e-02
-1.474748e-03 4.129866e-02
+3.553778e-04 4.283591e-02
+1.713752e-03 3.123557e-02
+3.935901e-04 2.646199e-02
-6.080113e-06 2.644246e-03
-7.659165e-06 1.010573e-03
+5.964081e-05 9.164805e-03
-4.221032e-05 5.638719e-03
-2.332760e-05 2.078201e-03
+1.984940e-05 3.852344e-03
+2.742602e-05 3.437303e-03
-1.217030e-05 3.330197e-03
+1.660155e-05 2.416625e-03
-1.128795e-05 2.197380e-03
+3.871231e+00 4.566104e+00
+4.624353e+00 6.100461e+00
-2.114548e+00 8.182879e+00
-2.223510e+00 1.028398e+01
-3.914849e+00 1.078679e+01
-2.200276e+00 1.218249e+01
+1.010532e-01 1.281352e+01
-4.546578e-02 1.344934e+01
-1.549885e+00 1.303138e+01
-8.055656e-01 1.319906e+01
-8.554230e-01 1.124498e+01
-6.453354e-01 1.018012e+01
+2.332984e+01 1.327028e+00
+2.243269e-04 2.457387e-01
-2.478397e-05 3.992390e-01
+2.313018e-04 5.383536e-01
-4.321538e-05 7.525248e-01
-9.614296e-05 8.741292e-01
+2.935405e-05 1.072923e+00
+2.155322e-04 1.213906e+00
+6.918522e-04 1.391600e+00
-6.536144e-04 1.337042e+00
-1.425368e-03 1.340400e+00
-1.679480e-04 1.145657e+00
-2.787759e-04 1.071855e+00
+7.449414e-05 7.165064e-02
+8.924300e-05 4.266043e-02
-1.040190e-05 7.274456e-02
-1.254478e-04 1.008681e-01
+1.042757e-04 1.440144e-01
-6.132792e-05 1.718152e-01
-9.903503e-05 2.140591e-01
+6.090718e-05 2.447523e-01
+2.080809e-04 2.833571e-01
-3.261027e-04 2.710552e-01
-2.528129e-04 2.728455e-01
-3.416099e-05 2.314149e-01
-1.649421e-04 2.166761e-01
+1.402635e-05 1.480834e-02
-2.314635e-01 3.445649e+02
+2.786654e-01 2.359865e+02
-1.318121e-01 7.067758e+01
+1.857500e-01 4.567119e+01
+1.014560e-01 3.474626e+01
-3.401222e-01 2.696386e+01
-4.144123e-01 2.419296e+01
+2.734419e-01 2.288064e+01
-5.769764e-02 1.829233e+01
-2.202437e-02 1.667159e+01
-2.166093e-03 2.701900e-02
-4.802343e-04 1.073079e-02
+5.076213e-03 1.432448e-01
-3.880321e-03 8.576481e-02
-1.149513e-03 3.048392e-02
-3.875936e-03 4.902093e-02
-1.436733e-03 4.129080e-02
+3.368168e-04 4.282637e-02
+1.732861e-03 3.122839e-02
+3.787848e-04 2.645393e-02
-1.146939e-05 2.641193e-03
-8.095399e-06 1.008914e-03
+5.913745e-05 9.162978e-03
-4.342853e-05 5.637012e-03
-2.312545e-05 2.076261e-03
+1.593469e-05 3.850856e-03
+2.613026e-05 3.435861e-03
-1.072252e-05 3.328632e-03
+1.697033e-05 2.415302e-03
-1.174142e-05 2.195689e-03
