-4.655734e-01 7.350421e+00
+3.259174e+00 7.131535e+00
-2.029358e+00 1.164910e+01
-2.320156e-01 1.290719e+01
-1.086467e+00 1.244107e+01
-6.404154e-01 1.313942e+01
+1.156403e-01 1.417011e+01
-6.282690e-01 1.425402e+01
-1.528187e+00 1.452373e+01
-1.284061e+00 1.425442e+01
-1.972708e+00 1.392182e+01
-2.002501e+00 1.151522e+01
+2.362615e+01 8.908926e-01
+4.682880e-04 3.485258e-01
+3.700721e-04 4.521400e-01
+5.515275e-04 6.764965e-01
+1.868625e-04 9.338229e-01
-2.044039e-04 1.008908e+00
+5.399433e-04 1.093970e+00
-2.477222e-04 1.226915e+00
-2.633445e-04 1.329761e+00
+3.057982e-04 1.358266e+00
-2.916492e-04 1.294323e+00
-1.646682e-04 1.202281e+00
-1.073840e-03 1.075414e+00
+4.588277e-05 6.727530e-02
-5.762472e-05 5.719262e-02
-1.169013e-04 8.169535e-02
-9.441755e-06 1.213822e-01
-4.815305e-05 1.672296e-01
-1.725131e-04 1.927455e-01
-2.036978e-04 2.124926e-01
-7.108071e-06 2.381444e-01
+1.035421e-04 2.622804e-01
+1.315044e-04 2.665426e-01
+1.300660e-04 2.557907e-01
+2.189208e-04 2.371477e-01
+7.511774e-05 2.132654e-01
+3.315836e-05 1.340462e-02
-2.092769e-01 3.439957e+02
+2.829828e-01 2.362485e+02
-1.805621e-01 7.041409e+01
+2.231531e-01 4.543739e+01
+1.121851e-01 3.462519e+01
-2.996337e-01 2.711752e+01
-3.983597e-01 2.419030e+01
+2.691382e-01 2.284203e+01
-7.448914e-02 1.822201e+01
-2.633516e-02 1.658777e+01
-2.303396e-03 2.704348e-02
-3.872409e-04 1.073676e-02
+4.686655e-03 1.433054e-01
-3.608649e-03 8.581089e-02
-1.006417e-03 3.048764e-02
-4.222186e-03 4.901423e-02
-1.743738e-03 4.126448e-02
+5.478944e-04 4.280784e-02
+1.619559e-03 3.124385e-02
+4.799552e-04 2.647469e-02
+2.649414e-05 2.643010e-03
-9.760124e-06 1.009583e-03
-1.155645e-05 9.165225e-03
+3.936043e-06 5.638856e-03
+4.333728e-06 2.076730e-03
+3.200324e-05 3.851642e-03
+1.807519e-05 3.435433e-03
-2.111433e-05 3.328284e-03
+8.519317e-08 2.416339e-03
-4.956703e-06 2.197127e-03
-4.652618e-01 7.349282e+00
+3.259256e+00 7.132180e+00
-2.029161e+00 1.164928e+01
-2.318800e-01 1.290602e+01
-1.086937e+00 1.244293e+01
-6.401067e-01 1.313953e+01
+1.157701e-01 1.417085e+01
-6.283650e-01 1.425666e+01
-1.527846e+00 1.452349e+01
-1.284170e+00 1.425314e+01
-1.972639e+00 1.392052e+01
-2.003010e+00 1.151274e+01
+2.362621e+01 8.905368e-01
+4.165335e-04 3.485911e-01
+3.182358e-04 4.521817e-01
+5.716707e-04 6.763861e-01
+1.858585e-04 9.335610e-01
-3.506390e-04 1.008594e+00
+3.197604e-04 1.093503e+00
-1.976238e-04 1.226315e+00
-1.654102e-04 1.329293e+00
+3.748956e-04 1.357591e+00
-1.941103e-04 1.293626e+00
-9.004211e-05 1.201613e+00
-8.629139e-04 1.075049e+00
+7.316287e-05 6.737889e-02
-6.670757e-05 5.727235e-02
-1.103865e-04 8.184861e-02
-2.622705e-05 1.215865e-01
-5.114360e-05 1.674862e-01
-1.558771e-04 1.931255e-01
-1.897569e-04 2.128832e-01
+1.286776e-06 2.385764e-01
+1.290745e-04 2.628422e-01
+1.108694e-04 2.670724e-01
+1.237879e-04 2.562959e-01
+2.152746e-04 2.376123e-01
+9.765446e-05 2.136900e-01
+2.744251e-05 1.344386e-02
-2.115639e-01 3.440533e+02
+2.825847e-01 2.362219e+02
-1.757382e-01 7.044114e+01
+2.194501e-01 4.546115e+01
+1.111275e-01 3.463703e+01
-3.037986e-01 2.710176e+01
-4.000563e-01 2.419029e+01
+2.696313e-01 2.284568e+01
-7.282787e-02 1.822916e+01
-2.587863e-02 1.659604e+01
-2.273844e-03 2.705695e-02
-4.024441e-04 1.074480e-02
+4.711958e-03 1.433183e-01
-3.629671e-03 8.582195e-02
-1.013356e-03 3.050052e-02
-4.180768e-03 4.902708e-02
-1.716238e-03 4.128133e-02
+5.187071e-04 4.282589e-02
+1.633038e-03 3.125023e-02
+4.685831e-04 2.648156e-02
+2.651508e-05 2.644932e-03
-9.800734e-06 1.010686e-03
-1.905812e-06 9.166090e-03
-8.610914e-07 5.639685e-03
+1.970784e-06 2.077953e-03
+3.365997e-05 3.852519e-03
+2.057237e-05 3.436578e-03
-2.122435e-05 3.329431e-03
+2.315933e-06 2.417039e-03
-5.827449e-06 2.198063e-03
-4.650284e-01 7.348962e+00
+3.259367e+00 7.132735e+00
-2.028699e+00 1.164957e+01
-2.317070e-01 1.290497e+01
-1.087514e+00 1.244457e+01
-6.403200e-01 1.313939e+01
+1.154755e-01 1.416947e+01
-6.282271e-01 1.425634e+01
-1.527488e+00 1.452249e+01
-1.284236e+00 1.425051e+01
-1.972518e+00 1.392043e+01
-2.003413e+00 1.151094e+01
+2.362630e+01 8.902197e-01
+3.465169e-04 3.486588e-01
+2.570531e-04 4.522047e-01
+5.359389e-04 6.762565e-01
+1.671604e-04 9.332375e-01
-4.239597e-04 1.008319e+00
+2.355517e-04 1.093110e+00
-1.652981e-04 1.225810e+00
-2.677223e-05 1.328952e+00
+4.940324e-04 1.356868e+00
-1.198977e-04 1.293129e+00
-2.479034e-06 1.200901e+00
-7.509596e-04 1.074510e+00
+9.301508e-05 6.748514e-02
-6.351610e-05 5.735171e-02
-1.096031e-04 8.200849e-02
-7.163657e-05 1.217925e-01
-5.467033e-05 1.677471e-01
-1.103286e-04 1.935009e-01
-1.273402e-04 2.132979e-01
+3.355510e-05 2.390062e-01
+1.382874e-04 2.633962e-01
+6.813223e-05 2.676117e-01
+9.944124e-05 2.567878e-01
+1.955355e-04 2.381067e-01
+8.930125e-05 2.141517e-01
+2.003487e-05 1.348176e-02
-2.138196e-01 3.441107e+02
+2.821719e-01 2.361956e+02
-1.709184e-01 7.046806e+01
+2.157466e-01 4.548481e+01
+1.100757e-01 3.464899e+01
-3.079317e-01 2.708610e+01
-4.017355e-01 2.419045e+01
+2.701053e-01 2.284936e+01
-7.116049e-02 1.823630e+01
-2.542907e-02 1.660441e+01
-2.246800e-03 2.706289e-02
-4.154293e-04 1.074864e-02
+4.738661e-03 1.433276e-01
-3.649605e-03 8.582907e-02
-1.020964e-03 3.050867e-02
-4.139571e-03 4.903698e-02
-1.686799e-03 4.129448e-02
+4.919728e-04 4.283905e-02
+1.644352e-03 3.125350e-02
+4.581991e-04 2.648470e-02
+2.317411e-05 2.648093e-03
-8.509395e-06 1.012477e-03
+7.200438e-06 9.167477e-03
-5.513849e-06 5.641051e-03
-1.679929e-06 2.079995e-03
+3.456811e-05 3.853865e-03
+2.413271e-05 3.438281e-03
-2.039327e-05 3.331250e-03
+2.913347e-06 2.418240e-03
-6.243834e-06 2.199558e-03
-4.647584e-01 7.348229e+00
+3.259456e+00 7.132638e+00
-2.028224e+00 1.164915e+01
-2.315557e-01 1.290522e+01
-1.087968e+00 1.244546e+01
-6.402747e-01 1.313867e+01
+1.153806e-01 1.417029e+01
-6.281333e-01 1.425574e+01
-1.526804e+00 1.452168e+01
-1.284146e+00 1.424818e+01
-1.972407e+00 1.391970e+01
-2.003670e+00 1.150925e+01
+2.362643e+01 8.899450e-01
+2.931463e-04 3.486896e-01
+1.746900e-04 4.522568e-01
+4.268841e-04 6.762024e-01
+9.693196e-05 9.329329e-01
-4.689617e-04 1.008025e+00
+1.698444e-04 1.092681e+00
-1.131800e-04 1.225261e+00
+9.765395e-05 1.328556e+00
+5.149425e-04 1.356278e+00
-6.394262e-06 1.292584e+00
+1.176794e-04 1.200329e+00
-6.768362e-04 1.073855e+00
+1.050059e-04 6.758925e-02
-5.217023e-05 5.744029e-02
-1.138604e-04 8.217503e-02
-1.072982e-04 1.220075e-01
-4.239750e-05 1.680475e-01
-6.653005e-05 1.939296e-01
-7.625216e-05 2.137753e-01
+7.195477e-05 2.395534e-01
+1.313904e-04 2.640434e-01
-8.029034e-06 2.682398e-01
+6.480295e-05 2.573853e-01
+1.697646e-04 2.386664e-01
+7.552315e-05 2.147230e-01
+1.188114e-05 1.352055e-02
-2.160504e-01 3.441679e+02
+2.817483e-01 2.361694e+02
-1.661020e-01 7.049482e+01
+2.120442e-01 4.550833e+01
+1.090274e-01 3.466101e+01
-3.120326e-01 2.707056e+01
-4.033920e-01 2.419069e+01
+2.705637e-01 2.285308e+01
-6.949189e-02 1.824343e+01
-2.498482e-02 1.661282e+01
-2.225069e-03 2.706892e-02
-4.254768e-04 1.075257e-02
+4.766158e-03 1.433375e-01
-3.668367e-03 8.583568e-02
-1.030545e-03 3.051680e-02
-4.097804e-03 4.904717e-02
-1.653027e-03 4.130773e-02
+4.679580e-04 4.285150e-02
+1.651967e-03 3.125657e-02
+4.487850e-04 2.648745e-02
+1.756975e-05 2.650604e-03
-6.574916e-06 1.013907e-03
+1.599682e-05 9.168580e-03
-1.045532e-05 5.642182e-03
-5.863252e-06 2.081683e-03
+3.315945e-05 3.854993e-03
+2.615297e-05 3.439698e-03
-1.878415e-05 3.332804e-03
+3.363125e-06 2.419221e-03
-6.383746e-06 2.200764e-03
-4.645764e-01 7.347260e+00
+3.259469e+00 7.132907e+00
-2.028018e+00 1.164905e+01
-2.315334e-01 1.290417e+01
-1.088443e+00 1.244635e+01
-6.399949e-01 1.313844e+01
+1.153865e-01 1.417043e+01
-6.278146e-01 1.425624e+01
-1.525910e+00 1.452086e+01
-1.283947e+00 1.424708e+01
-1.972070e+00 1.392078e+01
-2.004430e+00 1.150828e+01
+2.362653e+01 8.897302e-01
+2.601937e-04 3.487289e-01
+6.531847e-05 4.522999e-01
+2.828504e-04 6.761199e-01
+7.037266e-05 9.326122e-01
-4.878476e-04 1.007841e+00
+1.713449e-04 1.092426e+00
+4.307713e-05 1.224821e+00
+2.049978e-04 1.328218e+00
+4.376437e-04 1.355919e+00
+3.567294e-05 1.291986e+00
+2.399528e-04 1.199714e+00
-6.014075e-04 1.073481e+00
+1.097590e-04 6.768902e-02
-3.699609e-05 5.752082e-02
-1.142889e-04 8.232881e-02
-1.094260e-04 1.222082e-01
-1.122161e-05 1.683396e-01
-4.033548e-05 1.943183e-01
-6.621548e-05 2.142374e-01
+1.060893e-04 2.400575e-01
+1.140949e-04 2.646308e-01
-8.680237e-05 2.688209e-01
+2.280516e-05 2.580038e-01
+1.282061e-04 2.392229e-01
+1.012641e-04 2.152452e-01
+6.755223e-06 1.355107e-02
-2.182639e-01 3.442244e+02
+2.813171e-01 2.361433e+02
-1.612884e-01 7.052138e+01
+2.083441e-01 4.553172e+01
+1.079795e-01 3.467302e+01
-3.161000e-01 2.705515e+01
-4.050194e-01 2.419092e+01
+2.710093e-01 2.285688e+01
-6.782676e-02 1.825051e+01
-2.454520e-02 1.662118e+01
-2.210842e-03 2.707442e-02
-4.320599e-04 1.075610e-02
+4.794571e-03 1.433425e-01
-3.686868e-03 8.583891e-02
-1.041778e-03 3.052271e-02
-4.062157e-03 4.905394e-02
-1.621720e-03 4.131668e-02
+4.482331e-04 4.285970e-02
+1.657609e-03 3.125871e-02
+4.408499e-04 2.648934e-02
+1.232748e-05 2.651475e-03
-5.085560e-06 1.014423e-03
+2.452832e-05 9.168944e-03
-1.577774e-05 5.642582e-03
-9.787459e-06 2.082339e-03
+3.075755e-05 3.855477e-03
+2.660766e-05 3.440344e-03
-1.749704e-05 3.333493e-03
+4.626033e-06 2.419575e-03
-6.665870e-06 2.201200e-03
-4.642935e-01 7.345948e+00
+3.259542e+00 7.133046e+00
-2.027868e+00 1.164902e+01
-2.315913e-01 1.290331e+01
-1.089065e+00 1.244650e+01
-6.398747e-01 1.313832e+01
+1.154907e-01 1.417222e+01
-6.276195e-01 1.425607e+01
-1.525718e+00 1.452027e+01
-1.283879e+00 1.424496e+01
-1.971754e+00 1.392143e+01
-2.004932e+00 1.150598e+01
+2.362663e+01 8.894849e-01
+2.278932e-04 3.488240e-01
-4.675880e-05 4.525121e-01
+1.756105e-04 6.762785e-01
+8.953580e-05 9.327638e-01
-5.133088e-04 1.008136e+00
+1.000134e-04 1.092862e+00
+1.639990e-04 1.225295e+00
+3.174872e-04 1.328804e+00
+2.782105e-04 1.356492e+00
+1.857743e-05 1.292508e+00
+3.485688e-04 1.199851e+00
-4.995448e-04 1.074080e+00
+1.113380e-04 6.777541e-02
-2.630534e-05 5.756936e-02
-1.077243e-04 8.242869e-02
-8.771761e-05 1.223473e-01
+2.871290e-05 1.685410e-01
-2.218210e-05 1.945623e-01
-6.896145e-05 2.145322e-01
+1.246981e-04 2.403837e-01
+9.925326e-05 2.650062e-01
-1.332162e-04 2.692070e-01
-2.099688e-05 2.584195e-01
+7.562947e-05 2.396198e-01
+1.410897e-04 2.155898e-01
+4.462108e-06 1.356804e-02
-2.204648e-01 3.442804e+02
+2.808802e-01 2.361173e+02
-1.564773e-01 7.054775e+01
+2.046470e-01 4.555502e+01
+1.069302e-01 3.468503e+01
-3.201330e-01 2.703995e+01
-4.066139e-01 2.419115e+01
+2.714439e-01 2.286079e+01
-6.616793e-02 1.825757e+01
-2.411005e-02 1.662949e+01
-2.203323e-03 2.707198e-02
-4.357203e-04 1.075506e-02
+4.823931e-03 1.433385e-01
-3.705830e-03 8.583540e-02
-1.053732e-03 3.052148e-02
-4.036314e-03 4.905365e-02
-1.597859e-03 4.131727e-02
+4.329134e-04 4.285968e-02
+1.663354e-03 3.125715e-02
+4.344386e-04 2.648715e-02
+8.898184e-06 2.651499e-03
-4.530182e-06 1.014465e-03
+3.280941e-05 9.168822e-03
-2.136067e-05 5.642513e-03
-1.315203e-05 2.082404e-03
+2.885355e-05 3.855546e-03
+2.644219e-05 3.440490e-03
-1.718283e-05 3.333621e-03
+6.825907e-06 2.419580e-03
-7.289871e-06 2.201212e-03
-4.640107e-01 7.344635e+00
+3.259615e+00 7.133185e+00
-2.027718e+00 1.164899e+01
-2.316492e-01 1.290244e+01
-1.089687e+00 1.244665e+01
-6.397546e-01 1.313821e+01
+1.155949e-01 1.417401e+01
-6.274244e-01 1.425590e+01
-1.525527e+00 1.451968e+01
-1.283812e+00 1.424284e+01
-1.971439e+00 1.392207e+01
-2.005434e+00 1.150368e+01
+2.362673e+01 8.892397e-01
+1.955927e-04 3.489190e-01
-1.588361e-04 4.527243e-01
+6.837063e-05 6.764370e-01
+1.086989e-04 9.329154e-01
-5.387701e-04 1.008432e+00
+2.868189e-05 1.093297e+00
+2.849209e-04 1.225769e+00
+4.299766e-04 1.329391e+00
+1.187773e-04 1.357065e+00
+1.481923e-06 1.293030e+00
+4.571848e-04 1.199987e+00
-3.976822e-04 1.074679e+00
+1.129169e-04 6.786179e-02
-1.561459e-05 5.761790e-02
-1.011598e-04 8.252857e-02
-6.600923e-05 1.224863e-01
+6.864742e-05 1.687423e-01
-4.028717e-06 1.948062e-01
-7.170742e-05 2.148271e-01
+1.433068e-04 2.407098e-01
+8.441163e-05 2.653817e-01
-1.796300e-04 2.695930e-01
-6.479892e-05 2.588352e-01
+2.305288e-05 2.400168e-01
+1.809154e-04 2.159345e-01
+2.168994e-06 1.358501e-02
-2.226658e-01 3.443364e+02
+2.804434e-01 2.360913e+02
-1.516661e-01 7.057408e+01
+2.009498e-01 4.557828e+01
+1.058808e-01 3.469704e+01
-3.241659e-01 2.702471e+01
-4.082083e-01 2.419138e+01
+2.718785e-01 2.286470e+01
-6.450909e-02 1.826462e+01
-2.367490e-02 1.663780e+01
-2.195805e-03 2.706954e-02
-4.393807e-04 1.075403e-02
+4.853290e-03 1.433345e-01
-3.724792e-03 8.583189e-02
-1.065687e-03 3.052026e-02
-4.010471e-03 4.905337e-02
-1.573998e-03 4.131785e-02
+4.175937e-04 4.285965e-02
+1.669099e-03 3.125559e-02
+4.280274e-04 2.648495e-02
+5.468886e-06 2.651524e-03
-3.974804e-06 1.014507e-03
+4.109051e-05 9.168699e-03
-2.694359e-05 5.642443e-03
-1.651659e-05 2.082469e-03
+2.694954e-05 3.855616e-03
+2.627673e-05 3.440636e-03
-1.686863e-05 3.333750e-03
+9.025780e-06 2.419586e-03
-7.913872e-06 2.201224e-03
-4.638811e-01 7.343321e+00
+3.259515e+00 7.134023e+00
-2.027809e+00 1.164939e+01
-2.317626e-01 1.290236e+01
-1.090308e+00 1.244677e+01
-6.399527e-01 1.313687e+01
+1.157291e-01 1.417551e+01
-6.272116e-01 1.425539e+01
-1.525706e+00 1.452130e+01
-1.283696e+00 1.424317e+01
-1.971150e+00 1.392358e+01
-2.005804e+00 1.150240e+01
+2.362685e+01 8.889152e-01
+1.717296e-04 3.489010e-01
-2.532557e-04 4.527203e-01
-4.630470e-05 6.764384e-01
+1.508463e-04 9.327922e-01
-5.602647e-04 1.008436e+00
-4.459149e-05 1.093323e+00
+4.182244e-04 1.225740e+00
+5.338492e-04 1.329275e+00
-6.403746e-05 1.357271e+00
-6.704053e-05 1.293074e+00
+4.943977e-04 1.199808e+00
-2.394770e-04 1.074934e+00
+1.123186e-04 6.785909e-02
+5.740070e-08 5.761946e-02
-7.317662e-05 8.253265e-02
-2.975157e-05 1.224766e-01
+1.120423e-04 1.687363e-01
+2.886456e-05 1.947746e-01
-5.668777e-05 2.147874e-01
+1.554061e-04 2.406576e-01
+5.478595e-05 2.653296e-01
-2.336500e-04 2.695473e-01
-1.038918e-04 2.588277e-01
-2.663492e-05 2.400004e-01
+2.084871e-04 2.159292e-01
-2.188002e-06 1.358499e-02
-2.248661e-01 3.443929e+02
+2.800065e-01 2.360654e+02
-1.467935e-01 7.060032e+01
+1.972122e-01 4.560157e+01
+1.048081e-01 3.470924e+01
-3.281812e-01 2.700953e+01
-4.097868e-01 2.419172e+01
+2.722937e-01 2.286870e+01
-6.283396e-02 1.827164e+01
-2.324778e-02 1.664621e+01
-2.188097e-03 2.705523e-02
-4.444673e-04 1.074679e-02
+4.900846e-03 1.433156e-01
-3.756208e-03 8.581688e-02
-1.084351e-03 3.051003e-02
-3.979379e-03 4.904558e-02
-1.544678e-03 4.131100e-02
+3.973635e-04 4.285146e-02
+1.680352e-03 3.124823e-02
+4.187469e-04 2.647594e-02
+2.005714e-06 2.651057e-03
-4.521528e-06 1.014290e-03
+5.038712e-05 9.168263e-03
-3.362699e-05 5.642098e-03
-2.009219e-05 2.082250e-03
+2.537024e-05 3.855433e-03
+2.698390e-05 3.440513e-03
-1.627121e-05 3.333598e-03
+1.203757e-05 2.419398e-03
-9.082763e-06 2.200994e-03
-4.637340e-01 7.342307e+00
+3.259320e+00 7.134806e+00
-2.027909e+00 1.164972e+01
-2.318751e-01 1.290268e+01
-1.091054e+00 1.244722e+01
-6.400599e-01 1.313701e+01
+1.159543e-01 1.417789e+01
-6.267848e-01 1.425686e+01
-1.525344e+00 1.452143e+01
-1.283394e+00 1.424174e+01
-1.970574e+00 1.392344e+01
-2.005830e+00 1.150119e+01
+2.362696e+01 8.885732e-01
+1.539537e-04 3.489617e-01
-3.111128e-04 4.529110e-01
-1.466011e-04 6.767294e-01
+2.036449e-04 9.332084e-01
-5.167077e-04 1.009066e+00
-5.121783e-05 1.094061e+00
+5.921645e-04 1.226659e+00
+6.172539e-04 1.330228e+00
-2.658378e-04 1.358322e+00
-1.009069e-04 1.294036e+00
+4.585156e-04 1.200587e+00
-1.073496e-04 1.075945e+00
+1.074683e-04 6.784818e-02
+1.504043e-05 5.759531e-02
-4.127950e-05 8.248503e-02
+1.391027e-05 1.224111e-01
+1.458183e-04 1.686447e-01
+7.817103e-05 1.946297e-01
-3.940263e-05 2.146264e-01
+1.575462e-04 2.404432e-01
+6.266747e-06 2.650943e-01
-2.945614e-04 2.693416e-01
-1.462932e-04 2.586440e-01
-6.029413e-05 2.398276e-01
+2.185781e-04 2.157914e-01
-6.183702e-06 1.357167e-02
-2.270659e-01 3.444500e+02
+2.795674e-01 2.360393e+02
-1.418598e-01 7.062636e+01
+1.934338e-01 4.562482e+01
+1.037124e-01 3.472154e+01
-3.321790e-01 2.699435e+01
-4.113484e-01 2.419212e+01
+2.726907e-01 2.287272e+01
-6.114164e-02 1.827859e+01
-2.282933e-02 1.665465e+01
-2.180253e-03 2.704057e-02
-4.524862e-04 1.073985e-02
+4.960177e-03 1.432891e-01
-3.796427e-03 8.579712e-02
-1.107039e-03 3.049864e-02
-3.944854e-03 4.903594e-02
-1.510740e-03 4.130283e-02
+3.751724e-04 4.284156e-02
+1.696161e-03 3.124013e-02
+4.068855e-04 2.646664e-02
-1.710642e-06 2.648705e-03
-6.054422e-06 1.013022e-03
+5.758170e-05 9.167051e-03
-3.942579e-05 5.640932e-03
-2.270332e-05 2.080907e-03
+2.326762e-05 3.854393e-03
+2.775507e-05 3.439439e-03
-1.469636e-05 3.332463e-03
+1.498047e-05 2.418459e-03
-1.041011e-05 2.199773e-03
-4.635535e-01 7.342201e+00
+3.259261e+00 7.135118e+00
-2.028042e+00 1.165067e+01
-2.318731e-01 1.290269e+01
-1.091718e+00 1.244814e+01
-6.402223e-01 1.313675e+01
+1.161959e-01 1.417922e+01
-6.265081e-01 1.425533e+01
-1.525369e+00 1.452151e+01
-1.283443e+00 1.424136e+01
-1.970499e+00 1.392548e+01
-2.005746e+00 1.149992e+01
+2.362706e+01 8.881846e-01
+1.580405e-04 3.490525e-01
-2.801578e-04 4.531190e-01
-1.813406e-04 6.769601e-01
+2.684197e-04 9.336326e-01
-4.319770e-04 1.009751e+00
-2.339541e-06 1.094894e+00
+7.132389e-04 1.227596e+00
+6.369723e-04 1.331218e+00
-4.961766e-04 1.359420e+00
-1.285558e-04 1.295040e+00
+4.736249e-04 1.201464e+00
-2.345298e-05 1.077154e+00
+9.442453e-05 6.783509e-02
+2.958049e-05 5.756011e-02
-2.537709e-05 8.241979e-02
+6.176239e-05 1.223386e-01
+1.630459e-04 1.685433e-01
+1.219507e-04 1.944736e-01
-4.007298e-05 2.144518e-01
+1.395994e-04 2.402282e-01
-2.670944e-05 2.648126e-01
-3.318053e-04 2.691284e-01
-1.911411e-04 2.584431e-01
-4.983653e-05 2.396335e-01
+2.123879e-04 2.156238e-01
-1.045085e-05 1.354809e-02
-2.292650e-01 3.445073e+02
+2.791222e-01 2.360131e+02
-1.368656e-01 7.065214e+01
+1.896136e-01 4.564801e+01
+1.025946e-01 3.473390e+01
-3.361592e-01 2.697914e+01
-4.128912e-01 2.419254e+01
+2.730722e-01 2.287672e+01
-5.943037e-02 1.828548e+01
-2.242090e-02 1.666311e+01
-2.172647e-03 2.703341e-02
-4.645494e-04 1.073729e-02
+5.018699e-03 1.432681e-01
-3.837747e-03 8.578227e-02
-1.128770e-03 3.049303e-02
-3.910422e-03 4.903006e-02
-1.474748e-03 4.129866e-02
+3.553778e-04 4.283591e-02
+1.713752e-03 3.123557e-02
+3.935901e-04 2.646199e-02
-6.080113e-06 2.644246e-03
-7.659165e-06 1.010573e-03
+5.964081e-05 9.164805e-03
-4.221032e-05 5.638719e-03
-2.332760e-05 2.078201e-03
+1.984940e-05 3.852344e-03
+2.742602e-05 3.437303e-03
-1.217030e-05 3.330197e-03
+1.660155e-05 2.416625e-03
-1.128795e-05 2.197380e-03
-4.634359e-01 7.342553e+00
+3.259231e+00 7.135289e+00
-2.028207e+00 1.165067e+01
-2.319028e-01 1.290276e+01
-1.092097e+00 1.244782e+01
-6.401830e-01 1.313709e+01
+1.166475e-01 1.418079e+01
-6.262498e-01 1.425461e+01
-1.525481e+00 1.451935e+01
-1.283119e+00 1.423995e+01
-1.970553e+00 1.392579e+01
-2.005781e+00 1.149774e+01
+2.362716e+01 8.879044e-01
+1.519699e-04 3.491200e-01
-2.652105e-04 4.533071e-01
-2.155554e-04 6.772629e-01
+2.906043e-04 9.340796e-01
-2.837838e-04 1.010445e+00
+2.914290e-05 1.095828e+00
+8.171410e-04 1.228501e+00
+5.897578e-04 1.332308e+00
-7.583940e-04 1.360647e+00
-2.015691e-04 1.296047e+00
+5.076799e-04 1.202329e+00
+2.532672e-05 1.078467e+00
+8.619532e-05 6.781574e-02
+5.215551e-05 5.753742e-02
-3.478816e-05 8.237632e-02
+9.528710e-05 1.222770e-01
+1.662063e-04 1.684781e-01
+1.263101e-04 1.943470e-01
-6.126296e-05 2.143397e-01
+1.127264e-04 2.400951e-01
-3.430738e-05 2.646168e-01
-3.407761e-04 2.689587e-01
-2.514399e-04 2.582909e-01
-3.241299e-05 2.395053e-01
+2.087588e-04 2.155128e-01
-1.404090e-05 1.352553e-02
-2.314635e-01 3.445649e+02
+2.786654e-01 2.359865e+02
-1.318121e-01 7.067758e+01
+1.857500e-01 4.567119e+01
+1.014560e-01 3.474626e+01
-3.401222e-01 2.696386e+01
-4.144123e-01 2.419296e+01
+2.734419e-01 2.288064e+01
-5.769764e-02 1.829233e+01
-2.202437e-02 1.667159e+01
-2.166093e-03 2.701900e-02
-4.802343e-04 1.073079e-02
+5.076213e-03 1.432448e-01
-3.880321e-03 8.576481e-02
-1.149513e-03 3.048392e-02
-3.875936e-03 4.902093e-02
-1.436733e-03 4.129080e-02
+3.368168e-04 4.282637e-02
+1.732861e-03 3.122839e-02
+3.787848e-04 2.645393e-02
-1.146939e-05 2.641193e-03
-8.095399e-06 1.008914e-03
+5.913745e-05 9.162978e-03
-4.342853e-05 5.637012e-03
-2.312545e-05 2.076261e-03
+1.593469e-05 3.850856e-03
+2.613026e-05 3.435861e-03
-1.072252e-05 3.328632e-03
+1.697033e-05 2.415302e-03
-1.174142e-05 2.195689e-03
