-5.627185e-01 3.362720e+00
+2.966504e+00 3.778111e+00
-2.642022e+00 5.349837e+00
-2.001421e-01 6.934189e+00
-1.056389e+00 8.020967e+00
-8.345025e-01 9.164191e+00
+3.232738e-01 9.881173e+00
-6.830533e-01 1.102505e+01
-1.495000e+00 1.117497e+01
-1.376171e+00 1.105595e+01
-2.205392e+00 1.119550e+01
-2.105766e+00 9.610767e+00
+2.370268e+01 8.649996e-01
+4.480548e-04 1.958499e-01
+3.580970e-04 3.279499e-01
+5.454669e-04 4.561137e-01
+1.808176e-04 6.368358e-01
-1.634076e-04 8.040184e-01
+5.792637e-04 9.283153e-01
-2.914822e-04 1.023013e+00
-2.939036e-04 1.172429e+00
+2.554855e-04 1.194999e+00
-3.409447e-04 1.151215e+00
-2.235096e-04 1.074096e+00
-1.130464e-03 9.863882e-01
+4.518789e-05 6.900254e-02
-5.669352e-05 3.686669e-02
-1.173600e-04 6.475786e-02
-1.662036e-05 9.069234e-02
-5.694308e-05 1.247691e-01
-1.807946e-04 1.624499e-01
-2.196791e-04 1.878304e-01
-6.342278e-06 2.054962e-01
+8.987544e-05 2.375844e-01
+1.240801e-04 2.406488e-01
+1.407743e-04 2.333654e-01
+2.173029e-04 2.169843e-01
+8.202195e-05 1.995721e-01
+3.315668e-05 1.376647e-02
-2.092769e-01 3.439957e+02
+2.829828e-01 2.362485e+02
-1.805621e-01 7.041409e+01
+2.231531e-01 4.543739e+01
+1.121851e-01 3.462519e+01
-2.996337e-01 2.711752e+01
-3.983597e-01 2.419030e+01
+2.691382e-01 2.284203e+01
-7.448914e-02 1.822201e+01
-2.633516e-02 1.658777e+01
-2.303396e-03 2.704348e-02
-3.872409e-04 1.073676e-02
+4.686655e-03 1.433054e-01
-3.608649e-03 8.581089e-02
-1.006417e-03 3.048764e-02
-4.222186e-03 4.901423e-02
-1.743738e-03 4.126448e-02
+5.478944e-04 4.280784e-02
+1.619559e-03 3.124385e-02
+4.799552e-04 2.647469e-02
+2.649414e-05 2.643010e-03
-9.760124e-06 1.009583e-03
-1.155645e-05 9.165225e-03
+3.936043e-06 5.638856e-03
+4.333728e-06 2.076730e-03
+3.200324e-05 3.851642e-03
+1.807519e-05 3.435433e-03
-2.111433e-05 3.328284e-03
+8.519317e-08 2.416339e-03
-4.956703e-06 2.197127e-03
-5.624165e-01 3.361670e+00
+2.966595e+00 3.778808e+00
-2.641833e+00 5.350270e+00
-2.000159e-01 6.933187e+00
-1.056828e+00 8.022918e+00
-8.341548e-01 9.164497e+00
+3.233630e-01 9.881965e+00
-6.831822e-01 1.102775e+01
-1.494708e+00 1.117447e+01
-1.376288e+00 1.105474e+01
-2.205347e+00 1.119387e+01
-2.106323e+00 9.608060e+00
+2.370275e+01 8.646501e-01
+3.967967e-04 1.959174e-01
+3.085283e-04 3.279852e-01
+5.608101e-04 4.559970e-01
+1.757910e-04 6.365673e-01
-3.129970e-04 8.037131e-01
+3.558497e-04 9.278384e-01
-2.371957e-04 1.022439e+00
-1.999414e-04 1.171960e+00
+3.245385e-04 1.194280e+00
-2.372832e-04 1.150524e+00
-1.452787e-04 1.073451e+00
-9.092886e-04 9.860426e-01
+7.275813e-05 6.910618e-02
-6.628936e-05 3.694646e-02
-1.121015e-04 6.491164e-02
-3.363066e-05 9.089526e-02
-5.935284e-05 1.250277e-01
-1.644082e-04 1.628321e-01
-2.056666e-04 1.882190e-01
+3.780091e-06 2.059271e-01
+1.172303e-04 2.381468e-01
+1.043657e-04 2.411767e-01
+1.313373e-04 2.338706e-01
+2.138190e-04 2.174466e-01
+1.097726e-04 1.999964e-01
+2.748134e-05 1.380572e-02
-2.115639e-01 3.440533e+02
+2.825847e-01 2.362219e+02
-1.757382e-01 7.044114e+01
+2.194501e-01 4.546115e+01
+1.111275e-01 3.463703e+01
-3.037986e-01 2.710176e+01
-4.000563e-01 2.419029e+01
+2.696313e-01 2.284568e+01
-7.282787e-02 1.822916e+01
-2.587863e-02 1.659604e+01
-2.273844e-03 2.705695e-02
-4.024441e-04 1.074480e-02
+4.711958e-03 1.433183e-01
-3.629671e-03 8.582195e-02
-1.013356e-03 3.050052e-02
-4.180768e-03 4.902708e-02
-1.716238e-03 4.128133e-02
+5.187071e-04 4.282589e-02
+1.633038e-03 3.125023e-02
+4.685831e-04 2.648156e-02
+2.651508e-05 2.644932e-03
-9.800734e-06 1.010686e-03
-1.905812e-06 9.166090e-03
-8.610914e-07 5.639685e-03
+1.970784e-06 2.077953e-03
+3.365997e-05 3.852519e-03
+2.057237e-05 3.436578e-03
-2.122435e-05 3.329431e-03
+2.315933e-06 2.417039e-03
-5.827449e-06 2.198063e-03
-5.621922e-01 3.361421e+00
+2.966702e+00 3.779382e+00
-2.641374e+00 5.351135e+00
-1.998493e-01 6.932225e+00
-1.057376e+00 8.024645e+00
-8.343498e-01 9.164393e+00
+3.230375e-01 9.880902e+00
-6.830687e-01 1.102749e+01
-1.494366e+00 1.117335e+01
-1.376372e+00 1.105229e+01
-2.205258e+00 1.119387e+01
-2.106741e+00 9.606423e+00
+2.370284e+01 8.643493e-01
+3.262680e-04 1.959875e-01
+2.465432e-04 3.280046e-01
+5.199503e-04 4.558540e-01
+1.527354e-04 6.362413e-01
-3.904585e-04 8.034491e-01
+2.673679e-04 9.274500e-01
-2.018270e-04 1.021933e+00
-6.404731e-05 1.171630e+00
+4.440152e-04 1.193512e+00
-1.597161e-04 1.150026e+00
-5.320304e-05 1.072739e+00
-7.852699e-04 9.855197e-01
+9.273783e-05 6.921257e-02
-6.249896e-05 3.702592e-02
-1.109295e-04 6.507160e-02
-7.748593e-05 9.110179e-02
-6.106184e-05 1.252897e-01
-1.187744e-04 1.632095e-01
-1.411481e-04 1.886314e-01
+3.904183e-05 2.063572e-01
+1.289226e-04 2.387011e-01
+6.106338e-05 2.417126e-01
+1.053941e-04 2.343631e-01
+1.970599e-04 2.179392e-01
+1.027026e-04 2.004607e-01
+2.000643e-05 1.384361e-02
-2.138196e-01 3.441107e+02
+2.821719e-01 2.361956e+02
-1.709184e-01 7.046806e+01
+2.157466e-01 4.548481e+01
+1.100757e-01 3.464899e+01
-3.079317e-01 2.708610e+01
-4.017355e-01 2.419045e+01
+2.701053e-01 2.284936e+01
-7.116049e-02 1.823630e+01
-2.542907e-02 1.660441e+01
-2.246800e-03 2.706289e-02
-4.154293e-04 1.074864e-02
+4.738661e-03 1.433276e-01
-3.649605e-03 8.582907e-02
-1.020964e-03 3.050867e-02
-4.139571e-03 4.903698e-02
-1.686799e-03 4.129448e-02
+4.919728e-04 4.283905e-02
+1.644352e-03 3.125350e-02
+4.581991e-04 2.648470e-02
+2.317411e-05 2.648093e-03
-8.509395e-06 1.012477e-03
+7.200438e-06 9.167477e-03
-5.513849e-06 5.641051e-03
-1.679929e-06 2.079995e-03
+3.456811e-05 3.853865e-03
+2.413271e-05 3.438281e-03
-2.039327e-05 3.331250e-03
+2.913347e-06 2.418240e-03
-6.243834e-06 2.199558e-03
-5.619394e-01 3.360807e+00
+2.966793e+00 3.779306e+00
-2.640917e+00 5.351325e+00
-1.997076e-01 6.932586e+00
-1.057806e+00 8.025802e+00
-8.342953e-01 9.163904e+00
+3.229419e-01 9.881955e+00
-6.830211e-01 1.102707e+01
-1.493753e+00 1.117239e+01
-1.376325e+00 1.105012e+01
-2.205187e+00 1.119321e+01
-2.107010e+00 9.604897e+00
+2.370297e+01 8.640749e-01
+2.747419e-04 1.960195e-01
+1.602719e-04 3.280527e-01
+4.095024e-04 4.557879e-01
+7.938947e-05 6.359444e-01
-4.427724e-04 8.031671e-01
+1.950389e-04 9.270191e-01
-1.392649e-04 1.021379e+00
+6.295520e-05 1.171227e+00
+4.633660e-04 1.192919e+00
-4.237802e-05 1.149487e+00
+7.158055e-05 1.072161e+00
-6.972943e-04 9.848585e-01
+1.046639e-04 6.931680e-02
-4.939116e-05 3.711474e-02
-1.135752e-04 6.523784e-02
-1.098880e-04 9.131667e-02
-4.629386e-05 1.255898e-01
-7.283189e-05 1.636396e-01
-8.644930e-05 1.891080e-01
+7.895286e-05 2.069053e-01
+1.256875e-04 2.393486e-01
-1.239118e-05 2.423328e-01
+7.215322e-05 2.349600e-01
+1.746435e-04 2.184963e-01
+8.647274e-05 2.010352e-01
+1.178831e-05 1.388238e-02
-2.160504e-01 3.441679e+02
+2.817483e-01 2.361694e+02
-1.661020e-01 7.049482e+01
+2.120442e-01 4.550833e+01
+1.090274e-01 3.466101e+01
-3.120326e-01 2.707056e+01
-4.033920e-01 2.419069e+01
+2.705637e-01 2.285308e+01
-6.949189e-02 1.824343e+01
-2.498482e-02 1.661282e+01
-2.225069e-03 2.706892e-02
-4.254768e-04 1.075257e-02
+4.766158e-03 1.433375e-01
-3.668367e-03 8.583568e-02
-1.030545e-03 3.051680e-02
-4.097804e-03 4.904717e-02
-1.653027e-03 4.130773e-02
+4.679580e-04 4.285150e-02
+1.651967e-03 3.125657e-02
+4.487850e-04 2.648745e-02
+1.756975e-05 2.650604e-03
-6.574916e-06 1.013907e-03
+1.599682e-05 9.168580e-03
-1.045532e-05 5.642182e-03
-5.863252e-06 2.081683e-03
+3.315945e-05 3.854993e-03
+2.615297e-05 3.439698e-03
-1.878415e-05 3.332804e-03
+3.363125e-06 2.419221e-03
-6.383746e-06 2.200764e-03
-5.617779e-01 3.359916e+00
+2.966789e+00 3.779586e+00
-2.640734e+00 5.351520e+00
-1.997086e-01 6.931660e+00
-1.058269e+00 8.026787e+00
-8.339785e-01 9.163801e+00
+3.229110e-01 9.882395e+00
-6.827133e-01 1.102763e+01
-1.492911e+00 1.117140e+01
-1.376151e+00 1.104921e+01
-2.204882e+00 1.119431e+01
-2.107792e+00 9.603799e+00
+2.370307e+01 8.638321e-01
+2.460468e-04 1.960586e-01
+5.376295e-05 3.280930e-01
+2.653299e-04 4.556922e-01
+5.169332e-05 6.356243e-01
-4.655616e-04 8.029919e-01
+1.931178e-04 9.267525e-01
+2.569177e-05 1.020932e+00
+1.684221e-04 1.170901e+00
+3.820244e-04 1.192530e+00
+8.951935e-06 1.148907e+00
+2.027229e-04 1.071532e+00
-6.157880e-04 9.844940e-01
+1.092816e-04 6.941665e-02
-3.232368e-05 3.719534e-02
-1.103540e-04 6.539168e-02
-1.085998e-04 9.151670e-02
-1.177016e-05 1.258823e-01
-4.345113e-05 1.640297e-01
-7.294606e-05 1.895698e-01
+1.147280e-04 2.074069e-01
+1.105957e-04 2.399383e-01
-8.806142e-05 2.429089e-01
+3.170908e-05 2.355768e-01
+1.359953e-04 2.190501e-01
+1.092205e-04 2.015607e-01
+6.678618e-06 1.391290e-02
-2.182639e-01 3.442244e+02
+2.813171e-01 2.361433e+02
-1.612884e-01 7.052138e+01
+2.083441e-01 4.553172e+01
+1.079795e-01 3.467302e+01
-3.161000e-01 2.705515e+01
-4.050194e-01 2.419092e+01
+2.710093e-01 2.285688e+01
-6.782676e-02 1.825051e+01
-2.454520e-02 1.662118e+01
-2.210842e-03 2.707442e-02
-4.320599e-04 1.075610e-02
+4.794571e-03 1.433425e-01
-3.686868e-03 8.583891e-02
-1.041778e-03 3.052271e-02
-4.062157e-03 4.905394e-02
-1.621720e-03 4.131668e-02
+4.482331e-04 4.285970e-02
+1.657609e-03 3.125871e-02
+4.408499e-04 2.648934e-02
+1.232748e-05 2.651475e-03
-5.085560e-06 1.014423e-03
+2.452832e-05 9.168944e-03
-1.577774e-05 5.642582e-03
-9.787459e-06 2.082339e-03
+3.075755e-05 3.855477e-03
+2.660766e-05 3.440344e-03
-1.749704e-05 3.333493e-03
+4.626033e-06 2.419575e-03
-6.665870e-06 2.201200e-03
-5.615020e-01 3.358684e+00
+2.966844e+00 3.779748e+00
-2.640599e+00 5.351688e+00
-1.997868e-01 6.930966e+00
-1.058869e+00 8.027044e+00
-8.338395e-01 9.163854e+00
+3.230087e-01 9.884149e+00
-6.825518e-01 1.102749e+01
-1.492771e+00 1.117077e+01
-1.376101e+00 1.104714e+01
-2.204602e+00 1.119489e+01
-2.108298e+00 9.601265e+00
+2.370317e+01 8.635865e-01
+2.201373e-04 1.961529e-01
-5.232718e-05 3.282976e-01
+1.612658e-04 4.558417e-01
+7.273630e-05 6.357787e-01
-4.917639e-04 8.033119e-01
+1.173719e-04 9.271750e-01
+1.529866e-04 1.021405e+00
+2.785245e-04 1.171514e+00
+2.266577e-04 1.193061e+00
+4.512636e-06 1.149448e+00
+3.220723e-04 1.071664e+00
-5.086227e-04 9.850912e-01
+1.108084e-04 6.950309e-02
-2.047618e-05 3.724384e-02
-9.979512e-05 6.549146e-02
-8.428145e-05 9.165531e-02
+3.137013e-05 1.260849e-01
-2.169240e-05 1.642754e-01
-7.231983e-05 1.898656e-01
+1.341080e-04 2.077307e-01
+9.702429e-05 2.403155e-01
-1.310077e-04 2.432966e-01
-1.152248e-05 2.359908e-01
+8.566322e-05 2.194454e-01
+1.465120e-04 2.019075e-01
+4.457518e-06 1.392988e-02
-2.204648e-01 3.442804e+02
+2.808802e-01 2.361173e+02
-1.564773e-01 7.054775e+01
+2.046470e-01 4.555502e+01
+1.069302e-01 3.468503e+01
-3.201330e-01 2.703995e+01
-4.066139e-01 2.419115e+01
+2.714439e-01 2.286079e+01
-6.616793e-02 1.825757e+01
-2.411005e-02 1.662949e+01
-2.203323e-03 2.707198e-02
-4.357203e-04 1.075506e-02
+4.823931e-03 1.433385e-01
-3.705830e-03 8.583540e-02
-1.053732e-03 3.052148e-02
-4.036314e-03 4.905365e-02
-1.597859e-03 4.131727e-02
+4.329134e-04 4.285968e-02
+1.663354e-03 3.125715e-02
+4.344386e-04 2.648715e-02
+8.898184e-06 2.651499e-03
-4.530182e-06 1.014465e-03
+3.280941e-05 9.168822e-03
-2.136067e-05 5.642513e-03
-1.315203e-05 2.082404e-03
+2.885355e-05 3.855546e-03
+2.644219e-05 3.440490e-03
-1.718283e-05 3.333621e-03
+6.825907e-06 2.419580e-03
-7.289871e-06 2.201212e-03
-5.612261e-01 3.357452e+00
+2.966900e+00 3.779910e+00
-2.640465e+00 5.351857e+00
-1.998650e-01 6.930272e+00
-1.059468e+00 8.027301e+00
-8.337004e-01 9.163907e+00
+3.231064e-01 9.885902e+00
-6.823902e-01 1.102735e+01
-1.492631e+00 1.117014e+01
-1.376052e+00 1.104507e+01
-2.204322e+00 1.119548e+01
-2.108805e+00 9.598731e+00
+2.370326e+01 8.633409e-01
+1.942278e-04 1.962471e-01
-1.584173e-04 3.285022e-01
+5.720162e-05 4.559912e-01
+9.377928e-05 6.359331e-01
-5.179663e-04 8.036319e-01
+4.162590e-05 9.275975e-01
+2.802815e-04 1.021877e+00
+3.886268e-04 1.172126e+00
+7.129093e-05 1.193593e+00
+7.333731e-08 1.149989e+00
+4.414217e-04 1.071796e+00
-4.014574e-04 9.856882e-01
+1.123352e-04 6.958953e-02
-8.628672e-06 3.729234e-02
-8.923628e-05 6.559123e-02
-5.996314e-05 9.179393e-02
+7.451043e-05 1.262876e-01
+6.632852e-08 1.645211e-01
-7.169361e-05 1.901614e-01
+1.534880e-04 2.080544e-01
+8.345283e-05 2.406926e-01
-1.739540e-04 2.436844e-01
-5.475404e-05 2.364047e-01
+3.533115e-05 2.198407e-01
+1.838035e-04 2.022544e-01
+2.236417e-06 1.394686e-02
-2.226658e-01 3.443364e+02
+2.804434e-01 2.360913e+02
-1.516661e-01 7.057408e+01
+2.009498e-01 4.557828e+01
+1.058808e-01 3.469704e+01
-3.241659e-01 2.702471e+01
-4.082083e-01 2.419138e+01
+2.718785e-01 2.286470e+01
-6.450909e-02 1.826462e+01
-2.367490e-02 1.663780e+01
-2.195805e-03 2.706954e-02
-4.393807e-04 1.075403e-02
+4.853290e-03 1.433345e-01
-3.724792e-03 8.583189e-02
-1.065687e-03 3.052026e-02
-4.010471e-03 4.905337e-02
-1.573998e-03 4.131785e-02
+4.175937e-04 4.285965e-02
+1.669099e-03 3.125559e-02
+4.280274e-04 2.648495e-02
+5.468886e-06 2.651524e-03
-3.974804e-06 1.014507e-03
+4.109051e-05 9.168699e-03
-2.694359e-05 5.642443e-03
-1.651659e-05 2.082469e-03
+2.694954e-05 3.855616e-03
+2.627673e-05 3.440636e-03
-1.686863e-05 3.333750e-03
+9.025780e-06 2.419586e-03
-7.913872e-06 2.201224e-03
-5.610983e-01 3.356170e+00
+2.966781e+00 3.780698e+00
-2.640557e+00 5.352132e+00
-2.000028e-01 6.930245e+00
-1.060083e+00 8.027460e+00
-8.339052e-01 9.162581e+00
+3.232392e-01 9.887140e+00
-6.822271e-01 1.102699e+01
-1.492841e+00 1.117187e+01
-1.375930e+00 1.104516e+01
-2.204054e+00 1.119690e+01
-2.109154e+00 9.597209e+00
+2.370339e+01 8.630314e-01
+1.766797e-04 1.962289e-01
-2.440282e-04 3.284907e-01
-5.134131e-05 4.559856e-01
+1.371100e-04 6.358150e-01
-5.340311e-04 8.036634e-01
-2.567251e-05 9.276090e-01
+4.219047e-04 1.021858e+00
+4.982627e-04 1.172040e+00
-1.020431e-04 1.193760e+00
-5.969986e-05 1.150070e+00
+4.932069e-04 1.071591e+00
-2.391020e-04 9.859460e-01
+1.117490e-04 6.958692e-02
+7.883845e-06 3.729352e-02
-5.819885e-05 6.559460e-02
-2.235813e-05 9.178243e-02
+1.220806e-04 1.262818e-01
+3.604866e-05 1.644934e-01
-5.309875e-05 1.901231e-01
+1.651230e-04 2.079992e-01
+5.470777e-05 2.406420e-01
-2.253687e-04 2.436396e-01
-9.495044e-05 2.363930e-01
-1.384193e-05 2.198212e-01
+2.057292e-04 2.022514e-01
-2.047324e-06 1.394685e-02
-2.248661e-01 3.443929e+02
+2.800065e-01 2.360654e+02
-1.467935e-01 7.060032e+01
+1.972122e-01 4.560157e+01
+1.048081e-01 3.470924e+01
-3.281812e-01 2.700953e+01
-4.097868e-01 2.419172e+01
+2.722937e-01 2.286870e+01
-6.283396e-02 1.827164e+01
-2.324778e-02 1.664621e+01
-2.188097e-03 2.705523e-02
-4.444673e-04 1.074679e-02
+4.900846e-03 1.433156e-01
-3.756208e-03 8.581688e-02
-1.084351e-03 3.051003e-02
-3.979379e-03 4.904558e-02
-1.544678e-03 4.131100e-02
+3.973635e-04 4.285146e-02
+1.680352e-03 3.124823e-02
+4.187469e-04 2.647594e-02
+2.005714e-06 2.651057e-03
-4.521528e-06 1.014290e-03
+5.038712e-05 9.168263e-03
-3.362699e-05 5.642098e-03
-2.009219e-05 2.082250e-03
+2.537024e-05 3.855433e-03
+2.698390e-05 3.440513e-03
-1.627121e-05 3.333598e-03
+1.203757e-05 2.419398e-03
-9.082763e-06 2.200994e-03
-5.609484e-01 3.355148e+00
+2.966582e+00 3.781376e+00
-2.640669e+00 5.352275e+00
-2.001297e-01 6.930570e+00
-1.060819e+00 8.027938e+00
-8.340032e-01 9.162722e+00
+3.234763e-01 9.889223e+00
-6.818189e-01 1.102833e+01
-1.492527e+00 1.117198e+01
-1.375626e+00 1.104374e+01
-2.203486e+00 1.119676e+01
-2.109167e+00 9.595936e+00
+2.370349e+01 8.626713e-01
+1.658632e-04 1.962893e-01
-2.948032e-04 3.286764e-01
-1.441127e-04 4.562793e-01
+1.970997e-04 6.362427e-01
-4.863130e-04 8.043145e-01
-2.309669e-05 9.283354e-01
+6.037882e-04 1.022786e+00
+5.914965e-04 1.173029e+00
-2.908701e-04 1.194781e+00
-8.145728e-05 1.151058e+00
+4.736045e-04 1.072359e+00
-1.054151e-04 9.869706e-01
+1.069662e-04 6.957603e-02
+2.308491e-05 3.726917e-02
-2.515890e-05 6.554590e-02
+2.078977e-05 9.171419e-02
+1.588034e-04 1.261894e-01
+8.603064e-05 1.643513e-01
-3.646742e-05 1.899618e-01
+1.654305e-04 2.077828e-01
+4.033260e-06 2.404084e-01
-2.848598e-04 2.434359e-01
-1.388778e-04 2.362095e-01
-4.808936e-05 2.196456e-01
+2.105342e-04 2.021180e-01
-5.997497e-06 1.393355e-02
-2.270659e-01 3.444500e+02
+2.795674e-01 2.360393e+02
-1.418598e-01 7.062636e+01
+1.934338e-01 4.562482e+01
+1.037124e-01 3.472154e+01
-3.321790e-01 2.699435e+01
-4.113484e-01 2.419212e+01
+2.726907e-01 2.287272e+01
-6.114164e-02 1.827859e+01
-2.282933e-02 1.665465e+01
-2.180253e-03 2.704057e-02
-4.524862e-04 1.073985e-02
+4.960177e-03 1.432891e-01
-3.796427e-03 8.579712e-02
-1.107039e-03 3.049864e-02
-3.944854e-03 4.903594e-02
-1.510740e-03 4.130283e-02
+3.751724e-04 4.284156e-02
+1.696161e-03 3.124013e-02
+4.068855e-04 2.646664e-02
-1.710642e-06 2.648705e-03
-6.054422e-06 1.013022e-03
+5.758170e-05 9.167051e-03
-3.942579e-05 5.640932e-03
-2.270332e-05 2.080907e-03
+2.326762e-05 3.854393e-03
+2.775507e-05 3.439439e-03
-1.469636e-05 3.332463e-03
+1.498047e-05 2.418459e-03
-1.041011e-05 2.199773e-03
-5.607678e-01 3.355058e+00
+2.966526e+00 3.781712e+00
-2.640793e+00 5.352964e+00
-2.001506e-01 6.930663e+00
-1.061443e+00 8.028992e+00
-8.341124e-01 9.162508e+00
+3.237329e-01 9.890411e+00
-6.815356e-01 1.102685e+01
-1.492565e+00 1.117210e+01
-1.375689e+00 1.104331e+01
-2.203407e+00 1.119860e+01
-2.109073e+00 9.594389e+00
+2.370359e+01 8.622170e-01
+1.750059e-04 1.963767e-01
-2.606031e-04 3.288815e-01
-1.783364e-04 4.565106e-01
+2.709092e-04 6.366659e-01
-3.993683e-04 8.050339e-01
+3.438517e-05 9.291547e-01
+7.268161e-04 1.023719e+00
+6.170633e-04 1.174037e+00
-5.142924e-04 1.195853e+00
-1.070468e-04 1.152034e+00
+4.954909e-04 1.073219e+00
-3.422253e-05 9.881902e-01
+9.396843e-05 6.956288e-02
+3.727276e-05 3.723430e-02
-8.436712e-06 6.548041e-02
+6.683883e-05 9.163969e-02
+1.774251e-04 1.260886e-01
+1.285983e-04 1.641969e-01
-4.319101e-05 1.897860e-01
+1.459445e-04 2.075699e-01
-3.427186e-05 2.401304e-01
-3.235759e-04 2.432268e-01
-1.837651e-04 2.360145e-01
-3.918338e-05 2.194509e-01
+2.016309e-04 2.019521e-01
-1.025136e-05 1.390999e-02
-2.292650e-01 3.445073e+02
+2.791222e-01 2.360131e+02
-1.368656e-01 7.065214e+01
+1.896136e-01 4.564801e+01
+1.025946e-01 3.473390e+01
-3.361592e-01 2.697914e+01
-4.128912e-01 2.419254e+01
+2.730722e-01 2.287672e+01
-5.943037e-02 1.828548e+01
-2.242090e-02 1.666311e+01
-2.172647e-03 2.703341e-02
-4.645494e-04 1.073729e-02
+5.018699e-03 1.432681e-01
-3.837747e-03 8.578227e-02
-1.128770e-03 3.049303e-02
-3.910422e-03 4.903006e-02
-1.474748e-03 4.129866e-02
+3.553778e-04 4.283591e-02
+1.713752e-03 3.123557e-02
+3.935901e-04 2.646199e-02
-6.080113e-06 2.644246e-03
-7.659165e-06 1.010573e-03
+5.964081e-05 9.164805e-03
-4.221032e-05 5.638719e-03
-2.332760e-05 2.078201e-03
+1.984940e-05 3.852344e-03
+2.742602e-05 3.437303e-03
-1.217030e-05 3.330197e-03
+1.660155e-05 2.416625e-03
-1.128795e-05 2.197380e-03
-5.606429e-01 3.355404e+00
+2.966485e+00 3.781900e+00
-2.640946e+00 5.352656e+00
-2.001710e-01 6.930835e+00
-1.061812e+00 8.028621e+00
-8.340385e-01 9.163012e+00
+3.241986e-01 9.891910e+00
-6.812711e-01 1.102614e+01
-1.492680e+00 1.117011e+01
-1.375342e+00 1.104204e+01
-2.203446e+00 1.119875e+01
-2.109097e+00 9.592100e+00
+2.370369e+01 8.618621e-01
+1.717925e-04 1.964450e-01
-2.486384e-04 3.290689e-01
-2.163589e-04 4.568118e-01
+2.947159e-04 6.371175e-01
-2.569700e-04 8.057410e-01
+5.882017e-05 9.300582e-01
+8.297991e-04 1.024615e+00
+5.665832e-04 1.175145e+00
-7.697827e-04 1.197067e+00
-1.770419e-04 1.153054e+00
+5.374789e-04 1.074074e+00
+1.020802e-05 9.895161e-01
+8.568949e-05 6.954351e-02
+5.927646e-05 3.721149e-02
-1.521323e-05 6.543661e-02
+9.892417e-05 9.157796e-02
+1.788197e-04 1.260258e-01
+1.337075e-04 1.640727e-01
-7.113112e-05 1.896742e-01
+1.179301e-04 2.074398e-01
-4.660486e-05 2.399363e-01
-3.353721e-04 2.430597e-01
-2.440643e-04 2.358634e-01
-2.324286e-05 2.193200e-01
+1.987618e-04 2.018452e-01
-1.384374e-05 1.388744e-02
-2.314635e-01 3.445649e+02
+2.786654e-01 2.359865e+02
-1.318121e-01 7.067758e+01
+1.857500e-01 4.567119e+01
+1.014560e-01 3.474626e+01
-3.401222e-01 2.696386e+01
-4.144123e-01 2.419296e+01
+2.734419e-01 2.288064e+01
-5.769764e-02 1.829233e+01
-2.202437e-02 1.667159e+01
-2.166093e-03 2.701900e-02
-4.802343e-04 1.073079e-02
+5.076213e-03 1.432448e-01
-3.880321e-03 8.576481e-02
-1.149513e-03 3.048392e-02
-3.875936e-03 4.902093e-02
-1.436733e-03 4.129080e-02
+3.368168e-04 4.282637e-02
+1.732861e-03 3.122839e-02
+3.787848e-04 2.645393e-02
-1.146939e-05 2.641193e-03
-8.095399e-06 1.008914e-03
+5.913745e-05 9.162978e-03
-4.342853e-05 5.637012e-03
-2.312545e-05 2.076261e-03
+1.593469e-05 3.850856e-03
+2.613026e-05 3.435861e-03
-1.072252e-05 3.328632e-03
+1.697033e-05 2.415302e-03
-1.174142e-05 2.195689e-03
