-4.497769e+00 1.905277e+01
+4.739257e+00 1.796635e+01
-7.155080e-01 2.928524e+01
-6.631361e+00 3.214738e+01
+5.784398e-01 2.374689e+01
-2.047457e+00 2.557822e+01
-1.834929e+00 2.795693e+01
-3.449713e+00 2.622611e+01
-1.843426e+00 2.905327e+01
+4.099285e-01 2.660624e+01
-8.829768e-02 2.657308e+01
+1.553336e+00 2.784164e+01
+2.023949e+01 2.256774e+00
-3.127175e-04 7.679472e-01
-4.677257e-04 7.537471e-01
-2.624334e-04 1.233937e+00
+7.501639e-04 1.491672e+00
+7.494849e-04 1.480438e+00
-3.800268e-04 1.587503e+00
+4.760320e-04 1.787389e+00
+2.246207e-04 1.757357e+00
-8.823005e-05 1.911594e+00
+1.352147e-04 1.784753e+00
+3.363820e-04 1.771943e+00
-8.951147e-05 1.662581e+00
+3.689009e-05 4.873968e-02
-4.619588e-05 1.172667e-01
-3.537690e-05 1.230749e-01
-5.917572e-05 2.007139e-01
-6.391313e-05 2.497869e-01
-2.142569e-05 2.662528e-01
+1.514217e-04 2.951089e-01
-1.228259e-04 3.324344e-01
-1.416936e-04 3.335065e-01
+5.982591e-06 3.612828e-01
+1.071295e-05 3.373390e-01
-1.474122e-04 3.342724e-01
+1.620166e-04 3.183984e-01
-2.056835e-05 8.254261e-03
-2.092769e-01 3.439957e+02
+2.829828e-01 2.362485e+02
-1.805621e-01 7.041409e+01
+2.231531e-01 4.543739e+01
+1.121851e-01 3.462519e+01
-2.996337e-01 2.711752e+01
-3.983597e-01 2.419030e+01
+2.691382e-01 2.284203e+01
-7.448914e-02 1.822201e+01
-2.633516e-02 1.658777e+01
-2.303396e-03 2.704348e-02
-3.872409e-04 1.073676e-02
+4.686655e-03 1.433054e-01
-3.608649e-03 8.581089e-02
-1.006417e-03 3.048764e-02
-4.222186e-03 4.901423e-02
-1.743738e-03 4.126448e-02
+5.478944e-04 4.280784e-02
+1.619559e-03 3.124385e-02
+4.799552e-04 2.647469e-02
+2.649414e-05 2.643010e-03
-9.760124e-06 1.009583e-03
-1.155645e-05 9.165225e-03
+3.936043e-06 5.638856e-03
+4.333728e-06 2.076730e-03
+3.200324e-05 3.851642e-03
+1.807519e-05 3.435433e-03
-2.111433e-05 3.328284e-03
+8.519317e-08 2.416339e-03
-4.956703e-06 2.197127e-03
-4.498026e+00 1.905256e+01
+4.738704e+00 1.796646e+01
-7.159002e-01 2.928608e+01
-6.630934e+00 3.214852e+01
+5.787105e-01 2.374837e+01
-2.047649e+00 2.557609e+01
-1.834753e+00 2.796069e+01
-3.449639e+00 2.622505e+01
-1.843226e+00 2.905280e+01
+4.103188e-01 2.660619e+01
-8.819347e-02 2.656665e+01
+1.553212e+00 2.784075e+01
+2.023949e+01 2.256916e+00
-3.620277e-04 7.687377e-01
-4.666625e-04 7.542973e-01
-3.040257e-04 1.234855e+00
+6.478303e-04 1.492252e+00
+7.174270e-04 1.481071e+00
-3.329303e-04 1.588436e+00
+5.147513e-04 1.788064e+00
+2.109338e-04 1.758229e+00
-2.762740e-06 1.912795e+00
+1.955321e-04 1.785507e+00
+2.813523e-04 1.772868e+00
+8.471789e-05 1.663782e+00
+2.473125e-05 4.878623e-02
-3.139177e-05 1.174797e-01
-2.752615e-05 1.232865e-01
-3.329322e-05 2.011185e-01
-6.767341e-05 2.502390e-01
-4.965315e-06 2.668036e-01
+1.535788e-04 2.958227e-01
-8.794339e-05 3.332340e-01
-1.207566e-04 3.343064e-01
-1.431442e-05 3.621669e-01
+1.451804e-05 3.381851e-01
-9.180320e-05 3.350572e-01
+1.676874e-04 3.191614e-01
-2.175954e-05 8.276358e-03
-2.115639e-01 3.440533e+02
+2.825847e-01 2.362219e+02
-1.757382e-01 7.044114e+01
+2.194501e-01 4.546115e+01
+1.111275e-01 3.463703e+01
-3.037986e-01 2.710176e+01
-4.000563e-01 2.419029e+01
+2.696313e-01 2.284568e+01
-7.282787e-02 1.822916e+01
-2.587863e-02 1.659604e+01
-2.273844e-03 2.705695e-02
-4.024441e-04 1.074480e-02
+4.711958e-03 1.433183e-01
-3.629671e-03 8.582195e-02
-1.013356e-03 3.050052e-02
-4.180768e-03 4.902708e-02
-1.716238e-03 4.128133e-02
+5.187071e-04 4.282589e-02
+1.633038e-03 3.125023e-02
+4.685831e-04 2.648156e-02
+2.651508e-05 2.644932e-03
-9.800734e-06 1.010686e-03
-1.905812e-06 9.166090e-03
-8.610914e-07 5.639685e-03
+1.970784e-06 2.077953e-03
+3.365997e-05 3.852519e-03
+2.057237e-05 3.436578e-03
-2.122435e-05 3.329431e-03
+2.315933e-06 2.417039e-03
-5.827449e-06 2.198063e-03
-4.498437e+00 1.905320e+01
+4.738254e+00 1.796686e+01
-7.163102e-01 2.928660e+01
-6.630441e+00 3.214699e+01
+5.792043e-01 2.375089e+01
-2.047823e+00 2.557238e+01
-1.834409e+00 2.796353e+01
-3.449750e+00 2.622333e+01
-1.843082e+00 2.905360e+01
+4.107235e-01 2.660263e+01
-8.821021e-02 2.655990e+01
+1.553388e+00 2.784322e+01
+2.023947e+01 2.256986e+00
-3.787200e-04 7.694468e-01
-4.848694e-04 7.548184e-01
-3.105527e-04 1.235774e+00
+5.306671e-04 1.492814e+00
+6.482922e-04 1.481733e+00
-2.380246e-04 1.589261e+00
+5.497474e-04 1.788834e+00
+1.634969e-04 1.758986e+00
-6.824908e-06 1.914144e+00
+2.210750e-04 1.786308e+00
+2.834177e-04 1.773785e+00
+2.091252e-04 1.664947e+00
+4.927797e-07 4.882954e-02
-7.967890e-06 1.177057e-01
-1.513382e-05 1.235042e-01
-1.980683e-05 2.015158e-01
-5.395588e-05 2.506775e-01
-5.681638e-06 2.673536e-01
+1.400837e-04 2.965381e-01
-9.173855e-05 3.340128e-01
-1.068267e-04 3.350970e-01
-1.706716e-05 3.630351e-01
+1.505354e-05 3.389995e-01
-4.372064e-05 3.358416e-01
+9.751570e-05 3.199206e-01
-2.319498e-05 8.298667e-03
-2.138196e-01 3.441107e+02
+2.821719e-01 2.361956e+02
-1.709184e-01 7.046806e+01
+2.157466e-01 4.548481e+01
+1.100757e-01 3.464899e+01
-3.079317e-01 2.708610e+01
-4.017355e-01 2.419045e+01
+2.701053e-01 2.284936e+01
-7.116049e-02 1.823630e+01
-2.542907e-02 1.660441e+01
-2.246800e-03 2.706289e-02
-4.154293e-04 1.074864e-02
+4.738661e-03 1.433276e-01
-3.649605e-03 8.582907e-02
-1.020964e-03 3.050867e-02
-4.139571e-03 4.903698e-02
-1.686799e-03 4.129448e-02
+4.919728e-04 4.283905e-02
+1.644352e-03 3.125350e-02
+4.581991e-04 2.648470e-02
+2.317411e-05 2.648093e-03
-8.509395e-06 1.012477e-03
+7.200438e-06 9.167477e-03
-5.513849e-06 5.641051e-03
-1.679929e-06 2.079995e-03
+3.456811e-05 3.853865e-03
+2.413271e-05 3.438281e-03
-2.039327e-05 3.331250e-03
+2.913347e-06 2.418240e-03
-6.243834e-06 2.199558e-03
-4.498789e+00 1.905354e+01
+4.737799e+00 1.796754e+01
-7.165654e-01 2.928695e+01
-6.630085e+00 3.214376e+01
+5.797955e-01 2.375150e+01
-2.047929e+00 2.556815e+01
-1.833766e+00 2.796345e+01
-3.449466e+00 2.622145e+01
-1.843023e+00 2.905703e+01
+4.110034e-01 2.660078e+01
-8.802061e-02 2.655624e+01
+1.553774e+00 2.784543e+01
+2.023943e+01 2.257072e+00
-3.813502e-04 7.700960e-01
-4.822738e-04 7.553334e-01
-3.337899e-04 1.236697e+00
+4.573094e-04 1.493542e+00
+6.075433e-04 1.482498e+00
-1.745811e-04 1.589916e+00
+5.148770e-04 1.789977e+00
+9.511894e-05 1.759923e+00
-2.319682e-05 1.915403e+00
+2.597664e-04 1.787110e+00
+2.722129e-04 1.774731e+00
+2.339629e-04 1.666054e+00
-2.679232e-05 4.887459e-02
+5.844307e-06 1.179241e-01
+2.617278e-06 1.237274e-01
-2.804419e-05 2.019149e-01
-2.117723e-05 2.510954e-01
-2.274070e-05 2.679018e-01
+1.028058e-04 2.972741e-01
-1.274967e-04 3.347254e-01
-1.054356e-04 3.358828e-01
-8.797579e-08 3.639288e-01
+1.430766e-05 3.398238e-01
-2.779134e-05 3.366745e-01
-1.097570e-05 3.207121e-01
-2.214115e-05 8.320287e-03
-2.160504e-01 3.441679e+02
+2.817483e-01 2.361694e+02
-1.661020e-01 7.049482e+01
+2.120442e-01 4.550833e+01
+1.090274e-01 3.466101e+01
-3.120326e-01 2.707056e+01
-4.033920e-01 2.419069e+01
+2.705637e-01 2.285308e+01
-6.949189e-02 1.824343e+01
-2.498482e-02 1.661282e+01
-2.225069e-03 2.706892e-02
-4.254768e-04 1.075257e-02
+4.766158e-03 1.433375e-01
-3.668367e-03 8.583568e-02
-1.030545e-03 3.051680e-02
-4.097804e-03 4.904717e-02
-1.653027e-03 4.130773e-02
+4.679580e-04 4.285150e-02
+1.651967e-03 3.125657e-02
+4.487850e-04 2.648745e-02
+1.756975e-05 2.650604e-03
-6.574916e-06 1.013907e-03
+1.599682e-05 9.168580e-03
-1.045532e-05 5.642182e-03
-5.863252e-06 2.081683e-03
+3.315945e-05 3.854993e-03
+2.615297e-05 3.439698e-03
-1.878415e-05 3.332804e-03
+3.363125e-06 2.419221e-03
-6.383746e-06 2.200764e-03
-4.499103e+00 1.905366e+01
+4.737255e+00 1.796809e+01
-7.168861e-01 2.928684e+01
-6.629886e+00 3.213956e+01
+5.801459e-01 2.375239e+01
-2.047926e+00 2.556448e+01
-1.833353e+00 2.796420e+01
-3.449397e+00 2.621879e+01
-1.843118e+00 2.905897e+01
+4.113493e-01 2.659843e+01
-8.767574e-02 2.655283e+01
+1.554066e+00 2.784931e+01
+2.023936e+01 2.257222e+00
-3.610599e-04 7.707981e-01
-4.650187e-04 7.559103e-01
-3.729368e-04 1.237560e+00
+4.510680e-04 1.494254e+00
+5.530210e-04 1.483228e+00
-1.329636e-04 1.590693e+00
+3.759188e-04 1.790985e+00
+3.493879e-05 1.760679e+00
+2.333862e-05 1.916508e+00
+2.836593e-04 1.787976e+00
+2.794117e-04 1.775380e+00
+1.132912e-04 1.667178e+00
-4.454289e-05 4.891570e-02
+1.241498e-05 1.180738e-01
+2.535112e-05 1.239050e-01
-3.788820e-05 2.022230e-01
+1.587632e-05 2.514470e-01
-2.954263e-05 2.683594e-01
+5.567261e-05 2.978551e-01
-1.515671e-04 3.353374e-01
-8.817569e-05 3.365536e-01
+4.379749e-05 3.647291e-01
+1.737379e-05 3.405280e-01
-2.845953e-05 3.374061e-01
-9.716348e-05 3.214075e-01
-1.678139e-05 8.337454e-03
-2.182639e-01 3.442244e+02
+2.813171e-01 2.361433e+02
-1.612884e-01 7.052138e+01
+2.083441e-01 4.553172e+01
+1.079795e-01 3.467302e+01
-3.161000e-01 2.705515e+01
-4.050194e-01 2.419092e+01
+2.710093e-01 2.285688e+01
-6.782676e-02 1.825051e+01
-2.454520e-02 1.662118e+01
-2.210842e-03 2.707442e-02
-4.320599e-04 1.075610e-02
+4.794571e-03 1.433425e-01
-3.686868e-03 8.583891e-02
-1.041778e-03 3.052271e-02
-4.062157e-03 4.905394e-02
-1.621720e-03 4.131668e-02
+4.482331e-04 4.285970e-02
+1.657609e-03 3.125871e-02
+4.408499e-04 2.648934e-02
+1.232748e-05 2.651475e-03
-5.085560e-06 1.014423e-03
+2.452832e-05 9.168944e-03
-1.577774e-05 5.642582e-03
-9.787459e-06 2.082339e-03
+3.075755e-05 3.855477e-03
+2.660766e-05 3.440344e-03
-1.749704e-05 3.333493e-03
+4.626033e-06 2.419575e-03
-6.665870e-06 2.201200e-03
-4.499510e+00 1.905443e+01
+4.736772e+00 1.796833e+01
-7.174043e-01 2.928729e+01
-6.629383e+00 3.213581e+01
+5.806153e-01 2.375332e+01
-2.048145e+00 2.556023e+01
-1.833071e+00 2.796680e+01
-3.449600e+00 2.621967e+01
-1.843068e+00 2.905862e+01
+4.117130e-01 2.659524e+01
-8.750796e-02 2.654834e+01
+1.554050e+00 2.785238e+01
+2.023931e+01 2.257271e+00
-3.527213e-04 7.713421e-01
-4.234941e-04 7.564519e-01
-4.285898e-04 1.238345e+00
+5.061339e-04 1.494964e+00
+5.174328e-04 1.484075e+00
-1.103839e-04 1.591508e+00
+1.865223e-04 1.791981e+00
-6.361057e-05 1.761645e+00
+1.165137e-04 1.917979e+00
+3.128345e-04 1.789098e+00
+2.460933e-04 1.776576e+00
-5.698047e-05 1.668649e+00
-5.583510e-05 4.895430e-02
+1.482289e-05 1.181487e-01
+4.284951e-05 1.240079e-01
-4.010616e-05 2.024042e-01
+3.723655e-05 2.516720e-01
-3.875094e-05 2.686486e-01
+1.624645e-05 2.981941e-01
-1.467553e-04 3.357456e-01
-6.211646e-05 3.369928e-01
+8.540691e-05 3.652208e-01
+1.811197e-05 3.409593e-01
-2.954093e-05 3.378787e-01
-1.452153e-04 3.218377e-01
-1.129601e-05 8.347750e-03
-2.204648e-01 3.442804e+02
+2.808802e-01 2.361173e+02
-1.564773e-01 7.054775e+01
+2.046470e-01 4.555502e+01
+1.069302e-01 3.468503e+01
-3.201330e-01 2.703995e+01
-4.066139e-01 2.419115e+01
+2.714439e-01 2.286079e+01
-6.616793e-02 1.825757e+01
-2.411005e-02 1.662949e+01
-2.203323e-03 2.707198e-02
-4.357203e-04 1.075506e-02
+4.823931e-03 1.433385e-01
-3.705830e-03 8.583540e-02
-1.053732e-03 3.052148e-02
-4.036314e-03 4.905365e-02
-1.597859e-03 4.131727e-02
+4.329134e-04 4.285968e-02
+1.663354e-03 3.125715e-02
+4.344386e-04 2.648715e-02
+8.898184e-06 2.651499e-03
-4.530182e-06 1.014465e-03
+3.280941e-05 9.168822e-03
-2.136067e-05 5.642513e-03
-1.315203e-05 2.082404e-03
+2.885355e-05 3.855546e-03
+2.644219e-05 3.440490e-03
-1.718283e-05 3.333621e-03
+6.825907e-06 2.419580e-03
-7.289871e-06 2.201212e-03
-4.499917e+00 1.905520e+01
+4.736288e+00 1.796857e+01
-7.179225e-01 2.928774e+01
-6.628881e+00 3.213206e+01
+5.810847e-01 2.375425e+01
-2.048365e+00 2.555598e+01
-1.832789e+00 2.796940e+01
-3.449803e+00 2.622055e+01
-1.843018e+00 2.905827e+01
+4.120767e-01 2.659206e+01
-8.734018e-02 2.654385e+01
+1.554033e+00 2.785545e+01
+2.023925e+01 2.257320e+00
-3.443826e-04 7.718861e-01
-3.819695e-04 7.569935e-01
-4.842429e-04 1.239130e+00
+5.611998e-04 1.495675e+00
+4.818445e-04 1.484923e+00
-8.780415e-05 1.592323e+00
-2.874233e-06 1.792977e+00
-1.621599e-04 1.762611e+00
+2.096888e-04 1.919449e+00
+3.420098e-04 1.790221e+00
+2.127748e-04 1.777772e+00
-2.272521e-04 1.670120e+00
-6.712731e-05 4.899290e-02
+1.723081e-05 1.182236e-01
+6.034791e-05 1.241108e-01
-4.232413e-05 2.025855e-01
+5.859678e-05 2.518971e-01
-4.795924e-05 2.689379e-01
-2.317971e-05 2.985330e-01
-1.419436e-04 3.361538e-01
-3.605723e-05 3.374319e-01
+1.270163e-04 3.657126e-01
+1.885016e-05 3.413905e-01
-3.062233e-05 3.383514e-01
-1.932670e-04 3.222680e-01
-5.810625e-06 8.358046e-03
-2.226658e-01 3.443364e+02
+2.804434e-01 2.360913e+02
-1.516661e-01 7.057408e+01
+2.009498e-01 4.557828e+01
+1.058808e-01 3.469704e+01
-3.241659e-01 2.702471e+01
-4.082083e-01 2.419138e+01
+2.718785e-01 2.286470e+01
-6.450909e-02 1.826462e+01
-2.367490e-02 1.663780e+01
-2.195805e-03 2.706954e-02
-4.393807e-04 1.075403e-02
+4.853290e-03 1.433345e-01
-3.724792e-03 8.583189e-02
-1.065687e-03 3.052026e-02
-4.010471e-03 4.905337e-02
-1.573998e-03 4.131785e-02
+4.175937e-04 4.285965e-02
+1.669099e-03 3.125559e-02
+4.280274e-04 2.648495e-02
+5.468886e-06 2.651524e-03
-3.974804e-06 1.014507e-03
+4.109051e-05 9.168699e-03
-2.694359e-05 5.642443e-03
-1.651659e-05 2.082469e-03
+2.694954e-05 3.855616e-03
+2.627673e-05 3.440636e-03
-1.686863e-05 3.333750e-03
+9.025780e-06 2.419586e-03
-7.913872e-06 2.201224e-03
-4.500237e+00 1.905607e+01
+4.735806e+00 1.796921e+01
-7.183873e-01 2.928896e+01
-6.628509e+00 3.212924e+01
+5.815547e-01 2.375433e+01
-2.048398e+00 2.555509e+01
-1.832775e+00 2.797337e+01
-3.450057e+00 2.622184e+01
-1.842849e+00 2.905509e+01
+4.125310e-01 2.658666e+01
-8.736486e-02 2.654455e+01
+1.553928e+00 2.785735e+01
+2.023918e+01 2.257288e+00
-3.391172e-04 7.718778e-01
-3.193261e-04 7.570146e-01
-5.459931e-04 1.239011e+00
+5.939410e-04 1.495614e+00
+4.020400e-04 1.484950e+00
-9.672898e-05 1.591860e+00
-1.420061e-04 1.792494e+00
-2.526854e-04 1.762271e+00
+2.718445e-04 1.919406e+00
+3.506041e-04 1.789787e+00
+1.884989e-04 1.777635e+00
-4.136196e-04 1.670128e+00
-8.372397e-05 4.898554e-02
+1.762079e-05 1.182069e-01
+7.808792e-05 1.240986e-01
-4.295196e-05 2.025726e-01
+8.749461e-05 2.518825e-01
-6.601307e-05 2.689092e-01
-9.254596e-05 2.984792e-01
-1.348557e-04 3.361339e-01
+1.392818e-05 3.374278e-01
+1.804946e-04 3.656874e-01
+2.217987e-05 3.413464e-01
-8.509075e-06 3.383653e-01
-2.439884e-04 3.222750e-01
+2.894415e-06 8.358315e-03
-2.248661e-01 3.443929e+02
+2.800065e-01 2.360654e+02
-1.467935e-01 7.060032e+01
+1.972122e-01 4.560157e+01
+1.048081e-01 3.470924e+01
-3.281812e-01 2.700953e+01
-4.097868e-01 2.419172e+01
+2.722937e-01 2.286870e+01
-6.283396e-02 1.827164e+01
-2.324778e-02 1.664621e+01
-2.188097e-03 2.705523e-02
-4.444673e-04 1.074679e-02
+4.900846e-03 1.433156e-01
-3.756208e-03 8.581688e-02
-1.084351e-03 3.051003e-02
-3.979379e-03 4.904558e-02
-1.544678e-03 4.131100e-02
+3.973635e-04 4.285146e-02
+1.680352e-03 3.124823e-02
+4.187469e-04 2.647594e-02
+2.005714e-06 2.651057e-03
-4.521528e-06 1.014290e-03
+5.038712e-05 9.168263e-03
-3.362699e-05 5.642098e-03
-2.009219e-05 2.082250e-03
+2.537024e-05 3.855433e-03
+2.698390e-05 3.440513e-03
-1.627121e-05 3.333598e-03
+1.203757e-05 2.419398e-03
-9.082763e-06 2.200994e-03
-4.500599e+00 1.905682e+01
+4.735312e+00 1.797102e+01
-7.189671e-01 2.928979e+01
-6.628235e+00 3.212845e+01
+5.816930e-01 2.375326e+01
-2.048455e+00 2.555407e+01
-1.832675e+00 2.797651e+01
-3.450390e+00 2.622303e+01
-1.842671e+00 2.905106e+01
+4.130989e-01 2.658037e+01
-8.740125e-02 2.653914e+01
+1.553915e+00 2.785870e+01
+2.023908e+01 2.257282e+00
-3.363210e-04 7.717045e-01
-2.577978e-04 7.569236e-01
-6.094137e-04 1.238796e+00
+6.112021e-04 1.495641e+00
+2.994886e-04 1.485219e+00
-1.936253e-04 1.591850e+00
-2.202326e-04 1.792348e+00
-2.570573e-04 1.762415e+00
+4.324186e-04 1.919662e+00
+4.183076e-04 1.789824e+00
+2.060277e-04 1.777855e+00
-6.512598e-04 1.670127e+00
-9.120539e-05 4.898459e-02
+1.471467e-05 1.181167e-01
+1.013951e-04 1.240151e-01
-3.802890e-05 2.024311e-01
+1.222609e-04 2.517194e-01
-7.549525e-05 2.686912e-01
-1.639254e-04 2.981747e-01
-1.502109e-04 3.358820e-01
+6.011814e-05 3.371698e-01
+2.323158e-04 3.653796e-01
+1.336570e-05 3.410253e-01
+1.570722e-05 3.381228e-01
-2.880315e-04 3.220457e-01
+1.523158e-05 8.350415e-03
-2.270659e-01 3.444500e+02
+2.795674e-01 2.360393e+02
-1.418598e-01 7.062636e+01
+1.934338e-01 4.562482e+01
+1.037124e-01 3.472154e+01
-3.321790e-01 2.699435e+01
-4.113484e-01 2.419212e+01
+2.726907e-01 2.287272e+01
-6.114164e-02 1.827859e+01
-2.282933e-02 1.665465e+01
-2.180253e-03 2.704057e-02
-4.524862e-04 1.073985e-02
+4.960177e-03 1.432891e-01
-3.796427e-03 8.579712e-02
-1.107039e-03 3.049864e-02
-3.944854e-03 4.903594e-02
-1.510740e-03 4.130283e-02
+3.751724e-04 4.284156e-02
+1.696161e-03 3.124013e-02
+4.068855e-04 2.646664e-02
-1.710642e-06 2.648705e-03
-6.054422e-06 1.013022e-03
+5.758170e-05 9.167051e-03
-3.942579e-05 5.640932e-03
-2.270332e-05 2.080907e-03
+2.326762e-05 3.854393e-03
+2.775507e-05 3.439439e-03
-1.469636e-05 3.332463e-03
+1.498047e-05 2.418459e-03
-1.041011e-05 2.199773e-03
-4.500955e+00 1.905802e+01
+4.734930e+00 1.797270e+01
-7.195198e-01 2.928851e+01
-6.628025e+00 3.212612e+01
+5.817761e-01 2.375429e+01
-2.048657e+00 2.555218e+01
-1.832366e+00 2.797848e+01
-3.450643e+00 2.622175e+01
-1.842653e+00 2.905011e+01
+4.135070e-01 2.657566e+01
-8.738657e-02 2.653838e+01
+1.553776e+00 2.786143e+01
+2.023896e+01 2.257239e+00
-3.423799e-04 7.714972e-01
-1.945038e-04 7.567905e-01
-6.640485e-04 1.238570e+00
+6.738912e-04 1.495669e+00
+1.640830e-04 1.485284e+00
-3.962364e-04 1.592040e+00
-3.175309e-04 1.792328e+00
-1.848751e-04 1.762682e+00
+6.031277e-04 1.919741e+00
+4.694141e-04 1.790032e+00
+3.186275e-04 1.778168e+00
-8.766113e-04 1.670017e+00
-8.714615e-05 4.898914e-02
+3.859148e-06 1.179713e-01
+1.287858e-04 1.238891e-01
-4.066934e-05 2.022054e-01
+1.639418e-04 2.514809e-01
-6.148349e-05 2.684238e-01
-1.992167e-04 2.977786e-01
-2.025868e-04 3.355056e-01
+6.146530e-05 3.368108e-01
+2.738511e-04 3.649774e-01
-2.051382e-05 3.405731e-01
+2.438001e-05 3.377616e-01
-3.146896e-04 3.216678e-01
+2.932978e-05 8.337578e-03
-2.292650e-01 3.445073e+02
+2.791222e-01 2.360131e+02
-1.368656e-01 7.065214e+01
+1.896136e-01 4.564801e+01
+1.025946e-01 3.473390e+01
-3.361592e-01 2.697914e+01
-4.128912e-01 2.419254e+01
+2.730722e-01 2.287672e+01
-5.943037e-02 1.828548e+01
-2.242090e-02 1.666311e+01
-2.172647e-03 2.703341e-02
-4.645494e-04 1.073729e-02
+5.018699e-03 1.432681e-01
-3.837747e-03 8.578227e-02
-1.128770e-03 3.049303e-02
-3.910422e-03 4.903006e-02
-1.474748e-03 4.129866e-02
+3.553778e-04 4.283591e-02
+1.713752e-03 3.123557e-02
+3.935901e-04 2.646199e-02
-6.080113e-06 2.644246e-03
-7.659165e-06 1.010573e-03
+5.964081e-05 9.164805e-03
-4.221032e-05 5.638719e-03
-2.332760e-05 2.078201e-03
+1.984940e-05 3.852344e-03
+2.742602e-05 3.437303e-03
-1.217030e-05 3.330197e-03
+1.660155e-05 2.416625e-03
-1.128795e-05 2.197380e-03
-4.501283e+00 1.905949e+01
+4.734486e+00 1.797357e+01
-7.200677e-01 2.928957e+01
-6.627925e+00 3.212350e+01
+5.817734e-01 2.375362e+01
-2.049133e+00 2.554974e+01
-1.831991e+00 2.797878e+01
-3.450531e+00 2.622126e+01
-1.842003e+00 2.905241e+01
+4.143359e-01 2.657330e+01
-8.728463e-02 2.653503e+01
+1.553399e+00 2.785952e+01
+2.023889e+01 2.257067e+00
-3.620284e-04 7.712268e-01
-9.369747e-05 7.566939e-01
-6.983703e-04 1.238346e+00
+7.320463e-04 1.495652e+00
+6.585460e-05 1.485256e+00
-5.718083e-04 1.592172e+00
-4.923769e-04 1.792509e+00
-1.659353e-04 1.762880e+00
+7.449743e-04 1.919790e+00
+4.578092e-04 1.790188e+00
+3.987282e-04 1.778306e+00
-1.082764e-03 1.670029e+00
-7.334886e-05 4.898332e-02
-1.871347e-05 1.178135e-01
+1.700612e-04 1.237513e-01
-5.007145e-05 2.019805e-01
+1.977671e-04 2.512584e-01
-1.415104e-05 2.681978e-01
-1.815041e-04 2.974235e-01
-2.640115e-04 3.351521e-01
-1.684945e-05 3.365166e-01
+2.644283e-04 3.645948e-01
-9.428752e-05 3.401971e-01
+4.908959e-06 3.373881e-01
-3.278826e-04 3.212339e-01
+3.830355e-05 8.326870e-03
-2.314635e-01 3.445649e+02
+2.786654e-01 2.359865e+02
-1.318121e-01 7.067758e+01
+1.857500e-01 4.567119e+01
+1.014560e-01 3.474626e+01
-3.401222e-01 2.696386e+01
-4.144123e-01 2.419296e+01
+2.734419e-01 2.288064e+01
-5.769764e-02 1.829233e+01
-2.202437e-02 1.667159e+01
-2.166093e-03 2.701900e-02
-4.802343e-04 1.073079e-02
+5.076213e-03 1.432448e-01
-3.880321e-03 8.576481e-02
-1.149513e-03 3.048392e-02
-3.875936e-03 4.902093e-02
-1.436733e-03 4.129080e-02
+3.368168e-04 4.282637e-02
+1.732861e-03 3.122839e-02
+3.787848e-04 2.645393e-02
-1.146939e-05 2.641193e-03
-8.095399e-06 1.008914e-03
+5.913745e-05 9.162978e-03
-4.342853e-05 5.637012e-03
-2.312545e-05 2.076261e-03
+1.593469e-05 3.850856e-03
+2.613026e-05 3.435861e-03
-1.072252e-05 3.328632e-03
+1.697033e-05 2.415302e-03
-1.174142e-05 2.195689e-03
