-5.614943e+00 8.273374e+00
+4.324235e+00 1.197905e+01
-1.854969e+00 1.771746e+01
-8.471272e+00 1.665514e+01
+7.567660e-01 1.634448e+01
-2.636673e+00 2.117279e+01
-2.228521e+00 2.420385e+01
-4.534535e+00 2.114261e+01
-1.926808e+00 2.710931e+01
+5.090778e-01 2.346739e+01
-1.274352e-01 2.480162e+01
+1.894475e+00 2.792534e+01
+2.338021e+01 6.883191e-01
-2.474778e-04 4.774439e-01
-4.014567e-04 5.245507e-01
-2.205901e-04 8.858703e-01
+7.668643e-04 9.608893e-01
+9.211945e-04 1.102959e+00
-2.434943e-04 1.411140e+00
+6.299528e-04 1.576505e+00
+3.551791e-04 1.533923e+00
+1.031399e-04 1.780936e+00
+4.300729e-04 1.665522e+00
+4.757437e-04 1.673198e+00
-1.009579e-05 1.623869e+00
+4.172717e-05 3.607071e-02
-5.780943e-05 8.261620e-02
-5.659122e-05 9.059063e-02
-5.699212e-05 1.555705e-01
-3.394468e-05 1.788778e-01
-3.565630e-05 2.126396e-01
+1.633822e-04 2.727865e-01
-8.182428e-05 2.999385e-01
-9.073158e-05 3.015289e-01
+5.569292e-06 3.447745e-01
-1.739014e-05 3.216404e-01
-1.932981e-04 3.202230e-01
+1.418191e-04 3.181100e-01
-2.589911e-05 7.479645e-03
-2.092769e-01 3.439957e+02
+2.829828e-01 2.362485e+02
-1.805621e-01 7.041409e+01
+2.231531e-01 4.543739e+01
+1.121851e-01 3.462519e+01
-2.996337e-01 2.711752e+01
-3.983597e-01 2.419030e+01
+2.691382e-01 2.284203e+01
-7.448914e-02 1.822201e+01
-2.633516e-02 1.658777e+01
-2.303396e-03 2.704348e-02
-3.872409e-04 1.073676e-02
+4.686655e-03 1.433054e-01
-3.608649e-03 8.581089e-02
-1.006417e-03 3.048764e-02
-4.222186e-03 4.901423e-02
-1.743738e-03 4.126448e-02
+5.478944e-04 4.280784e-02
+1.619559e-03 3.124385e-02
+4.799552e-04 2.647469e-02
+2.649414e-05 2.643010e-03
-9.760124e-06 1.009583e-03
-1.155645e-05 9.165225e-03
+3.936043e-06 5.638856e-03
+4.333728e-06 2.076730e-03
+3.200324e-05 3.851642e-03
+1.807519e-05 3.435433e-03
-2.111433e-05 3.328284e-03
+8.519317e-08 2.416339e-03
-4.956703e-06 2.197127e-03
-5.615156e+00 8.272512e+00
+4.323737e+00 1.197878e+01
-1.855384e+00 1.771741e+01
-8.470844e+00 1.665757e+01
+7.571796e-01 1.634559e+01
-2.636677e+00 2.117147e+01
-2.228186e+00 2.420697e+01
-4.534391e+00 2.114134e+01
-1.926542e+00 2.710742e+01
+5.095130e-01 2.346751e+01
-1.273281e-01 2.479776e+01
+1.894417e+00 2.792671e+01
+2.338022e+01 6.882568e-01
-3.116446e-04 4.783004e-01
-4.054735e-04 5.251653e-01
-2.709824e-04 8.869108e-01
+6.795561e-04 9.616094e-01
+8.684529e-04 1.103767e+00
-1.776157e-04 1.412306e+00
+6.604258e-04 1.577416e+00
+3.352641e-04 1.534867e+00
+1.660830e-04 1.782305e+00
+4.592863e-04 1.666508e+00
+3.835885e-04 1.674385e+00
+1.197232e-04 1.625246e+00
+2.483884e-05 3.611805e-02
-4.433371e-05 8.284022e-02
-4.391235e-05 9.081506e-02
-3.674936e-05 1.560071e-01
-4.990047e-05 1.793532e-01
-2.851999e-05 2.132040e-01
+1.557271e-04 2.735323e-01
-6.390594e-05 3.007767e-01
-8.069232e-05 3.023430e-01
-2.099536e-05 3.457042e-01
-4.413057e-06 3.225157e-01
-1.252178e-04 3.210405e-01
+1.439756e-04 3.189182e-01
-2.762337e-05 7.501712e-03
-2.115639e-01 3.440533e+02
+2.825847e-01 2.362219e+02
-1.757382e-01 7.044114e+01
+2.194501e-01 4.546115e+01
+1.111275e-01 3.463703e+01
-3.037986e-01 2.710176e+01
-4.000563e-01 2.419029e+01
+2.696313e-01 2.284568e+01
-7.282787e-02 1.822916e+01
-2.587863e-02 1.659604e+01
-2.273844e-03 2.705695e-02
-4.024441e-04 1.074480e-02
+4.711958e-03 1.433183e-01
-3.629671e-03 8.582195e-02
-1.013356e-03 3.050052e-02
-4.180768e-03 4.902708e-02
-1.716238e-03 4.128133e-02
+5.187071e-04 4.282589e-02
+1.633038e-03 3.125023e-02
+4.685831e-04 2.648156e-02
+2.651508e-05 2.644932e-03
-9.800734e-06 1.010686e-03
-1.905812e-06 9.166090e-03
-8.610914e-07 5.639685e-03
+1.970784e-06 2.077953e-03
+3.365997e-05 3.852519e-03
+2.057237e-05 3.436578e-03
-2.122435e-05 3.329431e-03
+2.315933e-06 2.417039e-03
-5.827449e-06 2.198063e-03
-5.615532e+00 8.272246e+00
+4.323372e+00 1.197919e+01
-1.855761e+00 1.771657e+01
-8.470329e+00 1.665895e+01
+7.577396e-01 1.634703e+01
-2.636704e+00 2.117067e+01
-2.227697e+00 2.421022e+01
-4.534390e+00 2.113981e+01
-1.926233e+00 2.710734e+01
+5.101471e-01 2.346322e+01
-1.273333e-01 2.479199e+01
+1.894556e+00 2.792965e+01
+2.338019e+01 6.881872e-01
-3.402906e-04 4.790615e-01
-4.338317e-04 5.257721e-01
-2.997569e-04 8.879543e-01
+5.544963e-04 9.622744e-01
+7.640519e-04 1.104679e+00
-1.051175e-04 1.413303e+00
+6.751792e-04 1.578339e+00
+2.880927e-04 1.535736e+00
+1.591635e-04 1.783867e+00
+4.767001e-04 1.667538e+00
+3.615356e-04 1.675615e+00
+2.237402e-04 1.626702e+00
-3.750735e-06 3.616263e-02
-2.006397e-05 8.307754e-02
-2.896150e-05 9.104860e-02
-3.192861e-05 1.564368e-01
-5.084180e-05 1.798253e-01
-2.865865e-05 2.137602e-01
+1.354618e-04 2.743006e-01
-7.729521e-05 3.016006e-01
-7.864956e-05 3.031502e-01
-3.651403e-05 3.466176e-01
-1.430916e-05 3.233483e-01
-6.686926e-05 3.218595e-01
+8.887032e-05 3.197018e-01
-2.800552e-05 7.524070e-03
-2.138196e-01 3.441107e+02
+2.821719e-01 2.361956e+02
-1.709184e-01 7.046806e+01
+2.157466e-01 4.548481e+01
+1.100757e-01 3.464899e+01
-3.079317e-01 2.708610e+01
-4.017355e-01 2.419045e+01
+2.701053e-01 2.284936e+01
-7.116049e-02 1.823630e+01
-2.542907e-02 1.660441e+01
-2.246800e-03 2.706289e-02
-4.154293e-04 1.074864e-02
+4.738661e-03 1.433276e-01
-3.649605e-03 8.582907e-02
-1.020964e-03 3.050867e-02
-4.139571e-03 4.903698e-02
-1.686799e-03 4.129448e-02
+4.919728e-04 4.283905e-02
+1.644352e-03 3.125350e-02
+4.581991e-04 2.648470e-02
+2.317411e-05 2.648093e-03
-8.509395e-06 1.012477e-03
+7.200438e-06 9.167477e-03
-5.513849e-06 5.641051e-03
-1.679929e-06 2.079995e-03
+3.456811e-05 3.853865e-03
+2.413271e-05 3.438281e-03
-2.039327e-05 3.331250e-03
+2.913347e-06 2.418240e-03
-6.243834e-06 2.199558e-03
-5.615859e+00 8.271889e+00
+4.322955e+00 1.197951e+01
-1.856046e+00 1.771591e+01
-8.469954e+00 1.665808e+01
+7.584512e-01 1.634669e+01
-2.636683e+00 2.116782e+01
-2.226973e+00 2.421129e+01
-4.533979e+00 2.113873e+01
-1.926057e+00 2.711004e+01
+5.106576e-01 2.346091e+01
-1.270592e-01 2.479007e+01
+1.894968e+00 2.793212e+01
+2.338014e+01 6.881343e-01
-3.546561e-04 4.797519e-01
-4.348152e-04 5.263813e-01
-3.390415e-04 8.890119e-01
+4.544232e-04 9.631364e-01
+6.912685e-04 1.105671e+00
-5.615237e-05 1.414180e+00
+6.249243e-04 1.579592e+00
+2.233548e-04 1.536771e+00
+1.067797e-04 1.785230e+00
+4.864313e-04 1.668529e+00
+3.479741e-04 1.676834e+00
+2.590506e-04 1.628056e+00
-3.353967e-05 3.620845e-02
-5.059563e-06 8.330508e-02
-8.366711e-06 9.128499e-02
-4.490297e-05 1.568562e-01
-2.856064e-05 1.802617e-01
-4.030087e-05 2.143213e-01
+9.678437e-05 2.750755e-01
-1.185232e-04 3.023541e-01
-9.647752e-05 3.039563e-01
-3.332830e-05 3.475671e-01
-3.916903e-05 3.242146e-01
-4.931418e-05 3.227337e-01
-3.545172e-06 3.205260e-01
-2.522041e-05 7.545810e-03
-2.160504e-01 3.441679e+02
+2.817483e-01 2.361694e+02
-1.661020e-01 7.049482e+01
+2.120442e-01 4.550833e+01
+1.090274e-01 3.466101e+01
-3.120326e-01 2.707056e+01
-4.033920e-01 2.419069e+01
+2.705637e-01 2.285308e+01
-6.949189e-02 1.824343e+01
-2.498482e-02 1.661282e+01
-2.225069e-03 2.706892e-02
-4.254768e-04 1.075257e-02
+4.766158e-03 1.433375e-01
-3.668367e-03 8.583568e-02
-1.030545e-03 3.051680e-02
-4.097804e-03 4.904717e-02
-1.653027e-03 4.130773e-02
+4.679580e-04 4.285150e-02
+1.651967e-03 3.125657e-02
+4.487850e-04 2.648745e-02
+1.756975e-05 2.650604e-03
-6.574916e-06 1.013907e-03
+1.599682e-05 9.168580e-03
-1.045532e-05 5.642182e-03
-5.863252e-06 2.081683e-03
+3.315945e-05 3.854993e-03
+2.615297e-05 3.439698e-03
-1.878415e-05 3.332804e-03
+3.363125e-06 2.419221e-03
-6.383746e-06 2.200764e-03
-5.616163e+00 8.271303e+00
+4.322416e+00 1.198018e+01
-1.856393e+00 1.771431e+01
-8.469718e+00 1.665536e+01
+7.588656e-01 1.634766e+01
-2.636622e+00 2.116539e+01
-2.226480e+00 2.421258e+01
-4.533787e+00 2.113547e+01
-1.926066e+00 2.711107e+01
+5.111338e-01 2.345829e+01
-1.266757e-01 2.478869e+01
+1.895294e+00 2.793666e+01
+2.338006e+01 6.880841e-01
-3.454796e-04 4.804830e-01
-4.283613e-04 5.270840e-01
-4.053181e-04 8.900087e-01
+4.297111e-04 9.640212e-01
+6.297602e-04 1.106592e+00
-1.499859e-05 1.415262e+00
+4.821827e-04 1.580816e+00
+1.419952e-04 1.537634e+00
+9.413645e-05 1.786393e+00
+4.197792e-04 1.669487e+00
+3.362159e-04 1.677827e+00
+1.663602e-04 1.629368e+00
-5.229709e-05 3.625013e-02
+2.454148e-06 8.346048e-02
+1.764815e-05 9.146946e-02
-5.706311e-05 1.571714e-01
+7.789156e-06 1.806177e-01
-3.530584e-05 2.147915e-01
+5.728666e-05 2.756724e-01
-1.460377e-04 3.029985e-01
-1.009322e-04 3.046456e-01
+2.914978e-07 3.484072e-01
-5.855356e-05 3.249713e-01
-5.406480e-05 3.234901e-01
-8.399155e-05 3.212621e-01
-1.840016e-05 7.563080e-03
-2.182639e-01 3.442244e+02
+2.813171e-01 2.361433e+02
-1.612884e-01 7.052138e+01
+2.083441e-01 4.553172e+01
+1.079795e-01 3.467302e+01
-3.161000e-01 2.705515e+01
-4.050194e-01 2.419092e+01
+2.710093e-01 2.285688e+01
-6.782676e-02 1.825051e+01
-2.454520e-02 1.662118e+01
-2.210842e-03 2.707442e-02
-4.320599e-04 1.075610e-02
+4.794571e-03 1.433425e-01
-3.686868e-03 8.583891e-02
-1.041778e-03 3.052271e-02
-4.062157e-03 4.905394e-02
-1.621720e-03 4.131668e-02
+4.482331e-04 4.285970e-02
+1.657609e-03 3.125871e-02
+4.408499e-04 2.648934e-02
+1.232748e-05 2.651475e-03
-5.085560e-06 1.014423e-03
+2.452832e-05 9.168944e-03
-1.577774e-05 5.642582e-03
-9.787459e-06 2.082339e-03
+3.075755e-05 3.855477e-03
+2.660766e-05 3.440344e-03
-1.749704e-05 3.333493e-03
+4.626033e-06 2.419575e-03
-6.665870e-06 2.201200e-03
-5.616550e+00 8.271320e+00
+4.322023e+00 1.198081e+01
-1.856930e+00 1.771282e+01
-8.469321e+00 1.665425e+01
+7.593742e-01 1.634887e+01
-2.636665e+00 2.116287e+01
-2.226079e+00 2.421650e+01
-4.533908e+00 2.113568e+01
-1.926009e+00 2.711025e+01
+5.116161e-01 2.345465e+01
-1.264213e-01 2.478565e+01
+1.895346e+00 2.794067e+01
+2.338000e+01 6.880033e-01
-3.463526e-04 4.810373e-01
-3.921406e-04 5.277366e-01
-4.794623e-04 8.908544e-01
+4.781063e-04 9.648201e-01
+5.908028e-04 1.107581e+00
+1.407611e-05 1.416276e+00
+3.011110e-04 1.582067e+00
+1.406126e-05 1.538685e+00
+1.407029e-04 1.787850e+00
+3.564967e-04 1.670719e+00
+2.677446e-04 1.679291e+00
+1.053999e-05 1.631053e+00
-6.460241e-05 3.628905e-02
+5.780814e-06 8.353825e-02
+3.760062e-05 9.157451e-02
-6.198528e-05 1.573548e-01
+3.245864e-05 1.808468e-01
-3.415583e-05 2.150882e-01
+2.295580e-05 2.760171e-01
-1.473509e-04 3.034220e-01
-9.480011e-05 3.050905e-01
+4.202718e-05 3.489168e-01
-6.775811e-05 3.254392e-01
-6.157643e-05 3.239699e-01
-1.347710e-04 3.217128e-01
-1.197831e-05 7.573435e-03
-2.204648e-01 3.442804e+02
+2.808802e-01 2.361173e+02
-1.564773e-01 7.054775e+01
+2.046470e-01 4.555502e+01
+1.069302e-01 3.468503e+01
-3.201330e-01 2.703995e+01
-4.066139e-01 2.419115e+01
+2.714439e-01 2.286079e+01
-6.616793e-02 1.825757e+01
-2.411005e-02 1.662949e+01
-2.203323e-03 2.707198e-02
-4.357203e-04 1.075506e-02
+4.823931e-03 1.433385e-01
-3.705830e-03 8.583540e-02
-1.053732e-03 3.052148e-02
-4.036314e-03 4.905365e-02
-1.597859e-03 4.131727e-02
+4.329134e-04 4.285968e-02
+1.663354e-03 3.125715e-02
+4.344386e-04 2.648715e-02
+8.898184e-06 2.651499e-03
-4.530182e-06 1.014465e-03
+3.280941e-05 9.168822e-03
-2.136067e-05 5.642513e-03
-1.315203e-05 2.082404e-03
+2.885355e-05 3.855546e-03
+2.644219e-05 3.440490e-03
-1.718283e-05 3.333621e-03
+6.825907e-06 2.419580e-03
-7.289871e-06 2.201212e-03
-5.616936e+00 8.271337e+00
+4.321629e+00 1.198144e+01
-1.857467e+00 1.771132e+01
-8.468924e+00 1.665314e+01
+7.598829e-01 1.635008e+01
-2.636707e+00 2.116035e+01
-2.225679e+00 2.422041e+01
-4.534029e+00 2.113589e+01
-1.925952e+00 2.710943e+01
+5.120983e-01 2.345101e+01
-1.261668e-01 2.478261e+01
+1.895398e+00 2.794467e+01
+2.337994e+01 6.879225e-01
-3.472256e-04 4.815917e-01
-3.559199e-04 5.283893e-01
-5.536066e-04 8.917001e-01
+5.265015e-04 9.656189e-01
+5.518454e-04 1.108570e+00
+4.315082e-05 1.417289e+00
+1.200392e-04 1.583317e+00
-1.138727e-04 1.539736e+00
+1.872693e-04 1.789307e+00
+2.932142e-04 1.671952e+00
+1.992732e-04 1.680756e+00
-1.452802e-04 1.632738e+00
-7.690773e-05 3.632796e-02
+9.107480e-06 8.361602e-02
+5.755309e-05 9.167956e-02
-6.690745e-05 1.575382e-01
+5.712812e-05 1.810759e-01
-3.300582e-05 2.153849e-01
-1.137505e-05 2.763617e-01
-1.486641e-04 3.038454e-01
-8.866798e-05 3.055354e-01
+8.376286e-05 3.494264e-01
-7.696267e-05 3.259070e-01
-6.908806e-05 3.244498e-01
-1.855505e-04 3.221636e-01
-5.556472e-06 7.583789e-03
-2.226658e-01 3.443364e+02
+2.804434e-01 2.360913e+02
-1.516661e-01 7.057408e+01
+2.009498e-01 4.557828e+01
+1.058808e-01 3.469704e+01
-3.241659e-01 2.702471e+01
-4.082083e-01 2.419138e+01
+2.718785e-01 2.286470e+01
-6.450909e-02 1.826462e+01
-2.367490e-02 1.663780e+01
-2.195805e-03 2.706954e-02
-4.393807e-04 1.075403e-02
+4.853290e-03 1.433345e-01
-3.724792e-03 8.583189e-02
-1.065687e-03 3.052026e-02
-4.010471e-03 4.905337e-02
-1.573998e-03 4.131785e-02
+4.175937e-04 4.285965e-02
+1.669099e-03 3.125559e-02
+4.280274e-04 2.648495e-02
+5.468886e-06 2.651524e-03
-3.974804e-06 1.014507e-03
+4.109051e-05 9.168699e-03
-2.694359e-05 5.642443e-03
-1.651659e-05 2.082469e-03
+2.694954e-05 3.855616e-03
+2.627673e-05 3.440636e-03
-1.686863e-05 3.333750e-03
+9.025780e-06 2.419586e-03
-7.913872e-06 2.201224e-03
-5.617254e+00 8.271869e+00
+4.321208e+00 1.198236e+01
-1.858017e+00 1.771093e+01
-8.468743e+00 1.665225e+01
+7.603178e-01 1.634998e+01
-2.636606e+00 2.115992e+01
-2.225507e+00 2.422652e+01
-4.534127e+00 2.113702e+01
-1.925765e+00 2.710622e+01
+5.125772e-01 2.344504e+01
-1.262271e-01 2.478319e+01
+1.895394e+00 2.794610e+01
+2.337986e+01 6.877939e-01
-3.504601e-04 4.815588e-01
-2.869400e-04 5.284890e-01
-6.357426e-04 8.915654e-01
+5.469929e-04 9.655867e-01
+4.692963e-04 1.108691e+00
+3.757418e-05 1.417011e+00
-2.953110e-05 1.583000e+00
-2.579963e-04 1.539422e+00
+1.954221e-04 1.789123e+00
+1.857956e-04 1.671473e+00
+1.306232e-04 1.680710e+00
-3.371222e-04 1.632860e+00
-9.274770e-05 3.632080e-02
+1.049653e-05 8.360021e-02
+7.815587e-05 9.166626e-02
-6.675736e-05 1.575233e-01
+9.309482e-05 1.810576e-01
-3.635850e-05 2.153614e-01
-7.087158e-05 2.763114e-01
-1.472578e-04 3.038381e-01
-6.291496e-05 3.055402e-01
+1.420174e-04 3.494093e-01
-6.981218e-05 3.258931e-01
-4.752732e-05 3.244679e-01
-2.412099e-04 3.221788e-01
+4.016474e-06 7.584038e-03
-2.248661e-01 3.443929e+02
+2.800065e-01 2.360654e+02
-1.467935e-01 7.060032e+01
+1.972122e-01 4.560157e+01
+1.048081e-01 3.470924e+01
-3.281812e-01 2.700953e+01
-4.097868e-01 2.419172e+01
+2.722937e-01 2.286870e+01
-6.283396e-02 1.827164e+01
-2.324778e-02 1.664621e+01
-2.188097e-03 2.705523e-02
-4.444673e-04 1.074679e-02
+4.900846e-03 1.433156e-01
-3.756208e-03 8.581688e-02
-1.084351e-03 3.051003e-02
-3.979379e-03 4.904558e-02
-1.544678e-03 4.131100e-02
+3.973635e-04 4.285146e-02
+1.680352e-03 3.124823e-02
+4.187469e-04 2.647594e-02
+2.005714e-06 2.651057e-03
-4.521528e-06 1.014290e-03
+5.038712e-05 9.168263e-03
-3.362699e-05 5.642098e-03
-2.009219e-05 2.082250e-03
+2.537024e-05 3.855433e-03
+2.698390e-05 3.440513e-03
-1.627121e-05 3.333598e-03
+1.203757e-05 2.419398e-03
-9.082763e-06 2.200994e-03
-5.617608e+00 8.272407e+00
+4.320806e+00 1.198446e+01
-1.858637e+00 1.770973e+01
-8.468568e+00 1.665239e+01
+7.604771e-01 1.634898e+01
-2.636481e+00 2.115888e+01
-2.225311e+00 2.423037e+01
-4.534414e+00 2.113938e+01
-1.925666e+00 2.710348e+01
+5.131416e-01 2.343888e+01
-1.262248e-01 2.477801e+01
+1.895448e+00 2.794708e+01
+2.337975e+01 6.876173e-01
-3.573354e-04 4.813340e-01
-2.217685e-04 5.284462e-01
-7.282598e-04 8.912954e-01
+5.348685e-04 9.656276e-01
+3.586931e-04 1.108935e+00
-5.693643e-05 1.417051e+00
-1.422013e-04 1.582969e+00
-3.418623e-04 1.539517e+00
+2.963625e-04 1.789333e+00
+1.548107e-04 1.671421e+00
+1.211853e-04 1.680981e+00
-5.530161e-04 1.632899e+00
-9.885922e-05 3.631938e-02
+8.100600e-06 8.351023e-02
+1.001199e-04 9.157858e-02
-5.953146e-05 1.573717e-01
+1.384482e-04 1.808806e-01
-3.042354e-05 2.151544e-01
-1.323283e-04 2.760059e-01
-1.650894e-04 3.035979e-01
-3.143832e-05 3.053069e-01
+2.094186e-04 3.490889e-01
-6.488080e-05 3.255835e-01
-2.544859e-05 3.242209e-01
-2.899272e-04 3.219533e-01
+1.663904e-05 7.576185e-03
-2.270659e-01 3.444500e+02
+2.795674e-01 2.360393e+02
-1.418598e-01 7.062636e+01
+1.934338e-01 4.562482e+01
+1.037124e-01 3.472154e+01
-3.321790e-01 2.699435e+01
-4.113484e-01 2.419212e+01
+2.726907e-01 2.287272e+01
-6.114164e-02 1.827859e+01
-2.282933e-02 1.665465e+01
-2.180253e-03 2.704057e-02
-4.524862e-04 1.073985e-02
+4.960177e-03 1.432891e-01
-3.796427e-03 8.579712e-02
-1.107039e-03 3.049864e-02
-3.944854e-03 4.903594e-02
-1.510740e-03 4.130283e-02
+3.751724e-04 4.284156e-02
+1.696161e-03 3.124013e-02
+4.068855e-04 2.646664e-02
-1.710642e-06 2.648705e-03
-6.054422e-06 1.013022e-03
+5.758170e-05 9.167051e-03
-3.942579e-05 5.640932e-03
-2.270332e-05 2.080907e-03
+2.326762e-05 3.854393e-03
+2.775507e-05 3.439439e-03
-1.469636e-05 3.332463e-03
+1.498047e-05 2.418459e-03
-1.041011e-05 2.199773e-03
-5.617957e+00 8.273319e+00
+4.320558e+00 1.198660e+01
-1.859262e+00 1.770709e+01
-8.468529e+00 1.665114e+01
+7.605563e-01 1.634914e+01
-2.636541e+00 2.115803e+01
-2.224969e+00 2.423354e+01
-4.534687e+00 2.113906e+01
-1.925716e+00 2.710212e+01
+5.134426e-01 2.343325e+01
-1.262547e-01 2.477738e+01
+1.895292e+00 2.794889e+01
+2.337963e+01 6.874752e-01
-3.720784e-04 4.810926e-01
-1.514412e-04 5.283404e-01
-7.902251e-04 8.910443e-01
+5.955380e-04 9.656081e-01
+2.396035e-04 1.108911e+00
-2.328084e-04 1.417217e+00
-2.597238e-04 1.583076e+00
-3.577525e-04 1.539758e+00
+4.335034e-04 1.789444e+00
+1.673841e-04 1.671612e+00
+2.275032e-04 1.681347e+00
-7.812839e-04 1.632727e+00
-9.407944e-05 3.632291e-02
-3.452737e-06 8.336143e-02
+1.209990e-04 9.144604e-02
-5.619248e-05 1.571254e-01
+2.004219e-04 1.806291e-01
-1.301108e-06 2.148874e-01
-1.582087e-04 2.755974e-01
-2.115362e-04 3.032255e-01
-3.061452e-05 3.049637e-01
+2.692675e-04 3.486421e-01
-7.856037e-05 3.251278e-01
-1.708958e-05 3.238224e-01
-3.210845e-04 3.215648e-01
+2.992725e-05 7.563333e-03
-2.292650e-01 3.445073e+02
+2.791222e-01 2.360131e+02
-1.368656e-01 7.065214e+01
+1.896136e-01 4.564801e+01
+1.025946e-01 3.473390e+01
-3.361592e-01 2.697914e+01
-4.128912e-01 2.419254e+01
+2.730722e-01 2.287672e+01
-5.943037e-02 1.828548e+01
-2.242090e-02 1.666311e+01
-2.172647e-03 2.703341e-02
-4.645494e-04 1.073729e-02
+5.018699e-03 1.432681e-01
-3.837747e-03 8.578227e-02
-1.128770e-03 3.049303e-02
-3.910422e-03 4.903006e-02
-1.474748e-03 4.129866e-02
+3.553778e-04 4.283591e-02
+1.713752e-03 3.123557e-02
+3.935901e-04 2.646199e-02
-6.080113e-06 2.644246e-03
-7.659165e-06 1.010573e-03
+5.964081e-05 9.164805e-03
-4.221032e-05 5.638719e-03
-2.332760e-05 2.078201e-03
+1.984940e-05 3.852344e-03
+2.742602e-05 3.437303e-03
-1.217030e-05 3.330197e-03
+1.660155e-05 2.416625e-03
-1.128795e-05 2.197380e-03
-5.618292e+00 8.274420e+00
+4.320200e+00 1.198786e+01
-1.859944e+00 1.770644e+01
-8.468694e+00 1.664969e+01
+7.604984e-01 1.634899e+01
-2.636881e+00 2.115600e+01
-2.224630e+00 2.423651e+01
-4.534655e+00 2.113949e+01
-1.925162e+00 2.710377e+01
+5.142558e-01 2.343016e+01
-1.261297e-01 2.477279e+01
+1.895093e+00 2.794683e+01
+2.337956e+01 6.873240e-01
-4.029932e-04 4.808152e-01
-6.050617e-05 5.282565e-01
-8.360832e-04 8.907831e-01
+6.527923e-04 9.654953e-01
+1.493994e-04 1.108820e+00
-3.951265e-04 1.417291e+00
-4.552593e-04 1.583365e+00
-3.871074e-04 1.540028e+00
+5.790704e-04 1.789458e+00
+1.250148e-04 1.671702e+00
+2.784439e-04 1.681522e+00
-9.866650e-04 1.632742e+00
-8.126456e-05 3.631661e-02
-2.591171e-05 8.319558e-02
+1.569721e-04 9.130190e-02
-5.785746e-05 1.568705e-01
+2.615386e-04 1.803945e-01
+5.740921e-05 2.146463e-01
-1.383435e-04 2.752204e-01
-2.601624e-04 3.028598e-01
-9.796272e-05 3.046601e-01
+2.722222e-04 3.482349e-01
-1.462617e-04 3.247666e-01
-3.934749e-05 3.234155e-01
-3.432369e-04 3.211121e-01
+3.803361e-05 7.552442e-03
-2.314635e-01 3.445649e+02
+2.786654e-01 2.359865e+02
-1.318121e-01 7.067758e+01
+1.857500e-01 4.567119e+01
+1.014560e-01 3.474626e+01
-3.401222e-01 2.696386e+01
-4.144123e-01 2.419296e+01
+2.734419e-01 2.288064e+01
-5.769764e-02 1.829233e+01
-2.202437e-02 1.667159e+01
-2.166093e-03 2.701900e-02
-4.802343e-04 1.073079e-02
+5.076213e-03 1.432448e-01
-3.880321e-03 8.576481e-02
-1.149513e-03 3.048392e-02
-3.875936e-03 4.902093e-02
-1.436733e-03 4.129080e-02
+3.368168e-04 4.282637e-02
+1.732861e-03 3.122839e-02
+3.787848e-04 2.645393e-02
-1.146939e-05 2.641193e-03
-8.095399e-06 1.008914e-03
+5.913745e-05 9.162978e-03
-4.342853e-05 5.637012e-03
-2.312545e-05 2.076261e-03
+1.593469e-05 3.850856e-03
+2.613026e-05 3.435861e-03
-1.072252e-05 3.328632e-03
+1.697033e-05 2.415302e-03
-1.174142e-05 2.195689e-03
