-7.622449e+00 1.629098e+01
+6.715842e+00 1.634931e+01
-1.659712e+00 2.694455e+01
-4.487929e+00 2.627600e+01
+9.951759e-01 2.114592e+01
-3.904644e+00 2.688678e+01
-2.339208e+00 3.392187e+01
-6.924098e+00 2.829704e+01
-2.145408e+00 2.510793e+01
-1.454755e+00 2.499755e+01
-3.636123e-01 2.477795e+01
+2.104761e+00 2.287501e+01
+2.161784e+01 1.515127e+00
-1.568383e-04 6.439088e-01
+9.333438e-04 7.130667e-01
-8.731961e-04 1.159203e+00
+2.080762e-04 1.433280e+00
-3.495669e-04 1.492855e+00
+8.637422e-04 1.594003e+00
-3.585990e-04 1.757247e+00
-1.852468e-03 1.794206e+00
+4.864429e-04 1.848520e+00
-9.471272e-04 1.811703e+00
-1.345469e-03 1.660578e+00
+6.337497e-05 1.566638e+00
+1.636353e-04 3.949882e-02
+3.264438e-05 9.881278e-02
-4.433831e-06 1.215844e-01
+1.446673e-04 2.002915e-01
+1.609800e-04 2.402900e-01
+6.494069e-05 2.701870e-01
+5.111627e-05 2.898206e-01
+1.021596e-04 3.286459e-01
+6.548298e-05 3.387403e-01
-8.598491e-05 3.541094e-01
+8.199640e-06 3.471080e-01
+4.720125e-05 3.215903e-01
-3.385047e-04 3.010584e-01
+2.012395e-05 7.320072e-03
-2.092769e-01 3.439957e+02
+2.829828e-01 2.362485e+02
-1.805621e-01 7.041409e+01
+2.231531e-01 4.543739e+01
+1.121851e-01 3.462519e+01
-2.996337e-01 2.711752e+01
-3.983597e-01 2.419030e+01
+2.691382e-01 2.284203e+01
-7.448914e-02 1.822201e+01
-2.633516e-02 1.658777e+01
-2.303396e-03 2.704348e-02
-3.872409e-04 1.073676e-02
+4.686655e-03 1.433054e-01
-3.608649e-03 8.581089e-02
-1.006417e-03 3.048764e-02
-4.222186e-03 4.901423e-02
-1.743738e-03 4.126448e-02
+5.478944e-04 4.280784e-02
+1.619559e-03 3.124385e-02
+4.799552e-04 2.647469e-02
+2.649414e-05 2.643010e-03
-9.760124e-06 1.009583e-03
-1.155645e-05 9.165225e-03
+3.936043e-06 5.638856e-03
+4.333728e-06 2.076730e-03
+3.200324e-05 3.851642e-03
+1.807519e-05 3.435433e-03
-2.111433e-05 3.328284e-03
+8.519317e-08 2.416339e-03
-4.956703e-06 2.197127e-03
-7.622682e+00 1.629113e+01
+6.716624e+00 1.634902e+01
-1.660262e+00 2.695072e+01
-4.487529e+00 2.627504e+01
+9.950885e-01 2.114314e+01
-3.903805e+00 2.689127e+01
-2.339572e+00 3.392251e+01
-6.925331e+00 2.830198e+01
-2.145611e+00 2.510567e+01
-1.455900e+00 2.499355e+01
-3.650301e-01 2.477932e+01
+2.104139e+00 2.287665e+01
+2.161802e+01 1.515065e+00
-1.084935e-04 6.446561e-01
+9.647183e-04 7.137212e-01
-7.295971e-04 1.159997e+00
+2.997702e-04 1.434486e+00
-3.051724e-04 1.493875e+00
+9.267651e-04 1.595527e+00
-2.884629e-04 1.758597e+00
-1.708694e-03 1.795645e+00
+4.095571e-04 1.850024e+00
-9.368240e-04 1.813071e+00
-1.224059e-03 1.661939e+00
-1.064177e-04 1.567711e+00
+1.921633e-04 3.956215e-02
+4.531436e-05 9.900156e-02
-2.594166e-05 1.218377e-01
+1.322653e-04 2.007605e-01
+7.855066e-05 2.407857e-01
+6.235972e-05 2.708161e-01
-3.228919e-05 2.905701e-01
+1.412234e-04 3.294303e-01
+1.623944e-04 3.395398e-01
-9.237082e-05 3.549450e-01
+5.851827e-05 3.479765e-01
+7.993664e-05 3.224025e-01
-3.017095e-04 3.017993e-01
+1.112327e-05 7.344369e-03
-2.115639e-01 3.440533e+02
+2.825847e-01 2.362219e+02
-1.757382e-01 7.044114e+01
+2.194501e-01 4.546115e+01
+1.111275e-01 3.463703e+01
-3.037986e-01 2.710176e+01
-4.000563e-01 2.419029e+01
+2.696313e-01 2.284568e+01
-7.282787e-02 1.822916e+01
-2.587863e-02 1.659604e+01
-2.273844e-03 2.705695e-02
-4.024441e-04 1.074480e-02
+4.711958e-03 1.433183e-01
-3.629671e-03 8.582195e-02
-1.013356e-03 3.050052e-02
-4.180768e-03 4.902708e-02
-1.716238e-03 4.128133e-02
+5.187071e-04 4.282589e-02
+1.633038e-03 3.125023e-02
+4.685831e-04 2.648156e-02
+2.651508e-05 2.644932e-03
-9.800734e-06 1.010686e-03
-1.905812e-06 9.166090e-03
-8.610914e-07 5.639685e-03
+1.970784e-06 2.077953e-03
+3.365997e-05 3.852519e-03
+2.057237e-05 3.436578e-03
-2.122435e-05 3.329431e-03
+2.315933e-06 2.417039e-03
-5.827449e-06 2.198063e-03
-7.622795e+00 1.629170e+01
+6.717423e+00 1.634995e+01
-1.660828e+00 2.695570e+01
-4.487134e+00 2.627587e+01
+9.949708e-01 2.113862e+01
-3.902935e+00 2.689490e+01
-2.339444e+00 3.392297e+01
-6.926483e+00 2.830482e+01
-2.145751e+00 2.510366e+01
-1.456845e+00 2.499279e+01
-3.661188e-01 2.477895e+01
+2.103493e+00 2.287881e+01
+2.161824e+01 1.515045e+00
-5.216894e-05 6.453242e-01
+9.396639e-04 7.143377e-01
-6.372153e-04 1.160839e+00
+3.099803e-04 1.435537e+00
-2.669229e-04 1.495028e+00
+7.973413e-04 1.596939e+00
-1.738963e-04 1.759929e+00
-1.457671e-03 1.796935e+00
+2.768096e-04 1.851248e+00
-8.282408e-04 1.814355e+00
-1.106298e-03 1.663225e+00
-2.769086e-04 1.568597e+00
+2.029302e-04 3.962936e-02
+4.518713e-05 9.920703e-02
-6.752744e-05 1.220998e-01
+1.136732e-04 2.012127e-01
+1.201191e-05 2.412769e-01
+7.789484e-05 2.714249e-01
-1.290555e-04 2.913281e-01
+1.187803e-04 3.302109e-01
+2.325713e-04 3.403553e-01
-1.106526e-04 3.558450e-01
+9.039042e-05 3.488723e-01
+6.165834e-05 3.231888e-01
-2.534924e-04 3.025615e-01
-6.835583e-08 7.367870e-03
-2.138196e-01 3.441107e+02
+2.821719e-01 2.361956e+02
-1.709184e-01 7.046806e+01
+2.157466e-01 4.548481e+01
+1.100757e-01 3.464899e+01
-3.079317e-01 2.708610e+01
-4.017355e-01 2.419045e+01
+2.701053e-01 2.284936e+01
-7.116049e-02 1.823630e+01
-2.542907e-02 1.660441e+01
-2.246800e-03 2.706289e-02
-4.154293e-04 1.074864e-02
+4.738661e-03 1.433276e-01
-3.649605e-03 8.582907e-02
-1.020964e-03 3.050867e-02
-4.139571e-03 4.903698e-02
-1.686799e-03 4.129448e-02
+4.919728e-04 4.283905e-02
+1.644352e-03 3.125350e-02
+4.581991e-04 2.648470e-02
+2.317411e-05 2.648093e-03
-8.509395e-06 1.012477e-03
+7.200438e-06 9.167477e-03
-5.513849e-06 5.641051e-03
-1.679929e-06 2.079995e-03
+3.456811e-05 3.853865e-03
+2.413271e-05 3.438281e-03
-2.039327e-05 3.331250e-03
+2.913347e-06 2.418240e-03
-6.243834e-06 2.199558e-03
-7.622900e+00 1.629270e+01
+6.718349e+00 1.635052e+01
-1.661396e+00 2.695931e+01
-4.486784e+00 2.627654e+01
+9.948363e-01 2.113419e+01
-3.902158e+00 2.689836e+01
-2.339430e+00 3.392747e+01
-6.927788e+00 2.831109e+01
-2.145924e+00 2.510248e+01
-1.457566e+00 2.499120e+01
-3.671637e-01 2.478008e+01
+2.102985e+00 2.287739e+01
+2.161845e+01 1.515081e+00
-1.278677e-05 6.459842e-01
+8.336361e-04 7.149285e-01
-5.395701e-04 1.161786e+00
+2.749142e-04 1.436569e+00
-1.929309e-04 1.496158e+00
+5.826748e-04 1.598306e+00
-8.910054e-05 1.761041e+00
-1.155520e-03 1.797975e+00
+1.974833e-04 1.852518e+00
-6.725795e-04 1.815696e+00
-1.042404e-03 1.664288e+00
-4.312726e-04 1.569378e+00
+1.961977e-04 3.969506e-02
+4.203671e-05 9.940445e-02
-1.083821e-04 1.223654e-01
+9.843189e-05 2.016371e-01
-3.284268e-05 2.417688e-01
+9.425254e-05 2.720247e-01
-1.880303e-04 2.920765e-01
+6.945136e-05 3.310477e-01
+2.766025e-04 3.412311e-01
-1.312545e-04 3.567599e-01
+9.063557e-05 3.497615e-01
+2.992925e-05 3.240168e-01
-2.096252e-04 3.033645e-01
-7.589359e-06 7.390261e-03
-2.160504e-01 3.441679e+02
+2.817483e-01 2.361694e+02
-1.661020e-01 7.049482e+01
+2.120442e-01 4.550833e+01
+1.090274e-01 3.466101e+01
-3.120326e-01 2.707056e+01
-4.033920e-01 2.419069e+01
+2.705637e-01 2.285308e+01
-6.949189e-02 1.824343e+01
-2.498482e-02 1.661282e+01
-2.225069e-03 2.706892e-02
-4.254768e-04 1.075257e-02
+4.766158e-03 1.433375e-01
-3.668367e-03 8.583568e-02
-1.030545e-03 3.051680e-02
-4.097804e-03 4.904717e-02
-1.653027e-03 4.130773e-02
+4.679580e-04 4.285150e-02
+1.651967e-03 3.125657e-02
+4.487850e-04 2.648745e-02
+1.756975e-05 2.650604e-03
-6.574916e-06 1.013907e-03
+1.599682e-05 9.168580e-03
-1.045532e-05 5.642182e-03
-5.863252e-06 2.081683e-03
+3.315945e-05 3.854993e-03
+2.615297e-05 3.439698e-03
-1.878415e-05 3.332804e-03
+3.363125e-06 2.419221e-03
-6.383746e-06 2.200764e-03
-7.622863e+00 1.629354e+01
+6.719039e+00 1.635058e+01
-1.661827e+00 2.696489e+01
-4.486439e+00 2.627820e+01
+9.948025e-01 2.113110e+01
-3.901914e+00 2.690127e+01
-2.339276e+00 3.393112e+01
-6.928427e+00 2.831515e+01
-2.145931e+00 2.509846e+01
-1.458177e+00 2.498893e+01
-3.682271e-01 2.478274e+01
+2.102337e+00 2.287732e+01
+2.161863e+01 1.515174e+00
+2.804586e-05 6.466854e-01
+6.992843e-04 7.155043e-01
-4.406926e-04 1.162662e+00
+2.080591e-04 1.437595e+00
-8.688557e-05 1.497329e+00
+3.552421e-04 1.599770e+00
-1.232923e-04 1.762106e+00
-8.435941e-04 1.798993e+00
+6.125016e-05 1.854058e+00
-5.922411e-04 1.817011e+00
-1.042302e-03 1.665147e+00
-5.737400e-04 1.570278e+00
+1.847283e-04 3.975944e-02
+3.409704e-05 9.954172e-02
-1.183561e-04 1.225756e-01
+8.525514e-05 2.019796e-01
-5.083421e-05 2.421526e-01
+1.068697e-04 2.725093e-01
-1.725514e-04 2.926397e-01
+1.880789e-05 3.317351e-01
+2.651223e-04 3.419614e-01
-1.561477e-04 3.574806e-01
+5.344544e-05 3.504853e-01
+2.361240e-06 3.247201e-01
-1.633175e-04 3.040293e-01
-8.310683e-06 7.406702e-03
-2.182639e-01 3.442244e+02
+2.813171e-01 2.361433e+02
-1.612884e-01 7.052138e+01
+2.083441e-01 4.553172e+01
+1.079795e-01 3.467302e+01
-3.161000e-01 2.705515e+01
-4.050194e-01 2.419092e+01
+2.710093e-01 2.285688e+01
-6.782676e-02 1.825051e+01
-2.454520e-02 1.662118e+01
-2.210842e-03 2.707442e-02
-4.320599e-04 1.075610e-02
+4.794571e-03 1.433425e-01
-3.686868e-03 8.583891e-02
-1.041778e-03 3.052271e-02
-4.062157e-03 4.905394e-02
-1.621720e-03 4.131668e-02
+4.482331e-04 4.285970e-02
+1.657609e-03 3.125871e-02
+4.408499e-04 2.648934e-02
+1.232748e-05 2.651475e-03
-5.085560e-06 1.014423e-03
+2.452832e-05 9.168944e-03
-1.577774e-05 5.642582e-03
-9.787459e-06 2.082339e-03
+3.075755e-05 3.855477e-03
+2.660766e-05 3.440344e-03
-1.749704e-05 3.333493e-03
+4.626033e-06 2.419575e-03
-6.665870e-06 2.201200e-03
-7.622870e+00 1.629447e+01
+6.719591e+00 1.635205e+01
-1.662174e+00 2.697130e+01
-4.486297e+00 2.628090e+01
+9.946833e-01 2.112923e+01
-3.901719e+00 2.690421e+01
-2.339578e+00 3.393677e+01
-6.929018e+00 2.831958e+01
-2.145752e+00 2.509426e+01
-1.458600e+00 2.498612e+01
-3.692743e-01 2.478415e+01
+2.101622e+00 2.287856e+01
+2.161880e+01 1.515253e+00
+6.833024e-05 6.472053e-01
+5.640326e-04 7.159609e-01
-3.604543e-04 1.163408e+00
+1.421594e-04 1.438601e+00
+2.885717e-05 1.498432e+00
+1.941702e-04 1.600997e+00
-1.420676e-04 1.763364e+00
-5.645472e-04 1.800194e+00
-1.181283e-04 1.855703e+00
-5.838121e-04 1.818569e+00
-1.046697e-03 1.666347e+00
-7.160106e-04 1.571597e+00
+1.782203e-04 3.980905e-02
+2.698444e-05 9.961426e-02
-1.035092e-04 1.226994e-01
+6.800813e-05 2.021842e-01
-5.362005e-05 2.423693e-01
+1.079505e-04 2.727965e-01
-1.283454e-04 2.929683e-01
-1.245622e-05 3.321488e-01
+2.296085e-04 3.423921e-01
-1.889380e-04 3.579136e-01
+1.143169e-05 3.509354e-01
-8.807132e-06 3.251411e-01
-1.194781e-04 3.044248e-01
-4.557742e-06 7.415346e-03
-2.204648e-01 3.442804e+02
+2.808802e-01 2.361173e+02
-1.564773e-01 7.054775e+01
+2.046470e-01 4.555502e+01
+1.069302e-01 3.468503e+01
-3.201330e-01 2.703995e+01
-4.066139e-01 2.419115e+01
+2.714439e-01 2.286079e+01
-6.616793e-02 1.825757e+01
-2.411005e-02 1.662949e+01
-2.203323e-03 2.707198e-02
-4.357203e-04 1.075506e-02
+4.823931e-03 1.433385e-01
-3.705830e-03 8.583540e-02
-1.053732e-03 3.052148e-02
-4.036314e-03 4.905365e-02
-1.597859e-03 4.131727e-02
+4.329134e-04 4.285968e-02
+1.663354e-03 3.125715e-02
+4.344386e-04 2.648715e-02
+8.898184e-06 2.651499e-03
-4.530182e-06 1.014465e-03
+3.280941e-05 9.168822e-03
-2.136067e-05 5.642513e-03
-1.315203e-05 2.082404e-03
+2.885355e-05 3.855546e-03
+2.644219e-05 3.440490e-03
-1.718283e-05 3.333621e-03
+6.825907e-06 2.419580e-03
-7.289871e-06 2.201212e-03
-7.622877e+00 1.629539e+01
+6.720142e+00 1.635351e+01
-1.662522e+00 2.697770e+01
-4.486154e+00 2.628361e+01
+9.945642e-01 2.112737e+01
-3.901525e+00 2.690716e+01
-2.339880e+00 3.394242e+01
-6.929609e+00 2.832400e+01
-2.145572e+00 2.509007e+01
-1.459023e+00 2.498330e+01
-3.703215e-01 2.478555e+01
+2.100907e+00 2.287981e+01
+2.161898e+01 1.515331e+00
+1.086146e-04 6.477252e-01
+4.287809e-04 7.164175e-01
-2.802160e-04 1.164153e+00
+7.625979e-05 1.439607e+00
+1.445999e-04 1.499536e+00
+3.309824e-05 1.602224e+00
-1.608428e-04 1.764622e+00
-2.855003e-04 1.801395e+00
-2.975068e-04 1.857347e+00
-5.753831e-04 1.820128e+00
-1.051091e-03 1.667547e+00
-8.582811e-04 1.572916e+00
+1.717123e-04 3.985865e-02
+1.987185e-05 9.968681e-02
-8.866230e-05 1.228233e-01
+5.076112e-05 2.023887e-01
-5.640589e-05 2.425861e-01
+1.090313e-04 2.730838e-01
-8.413938e-05 2.932969e-01
-4.372033e-05 3.325625e-01
+1.940946e-04 3.428229e-01
-2.217282e-04 3.583466e-01
-3.058206e-05 3.513855e-01
-1.997550e-05 3.255620e-01
-7.563861e-05 3.048203e-01
-8.048011e-07 7.423989e-03
-2.226658e-01 3.443364e+02
+2.804434e-01 2.360913e+02
-1.516661e-01 7.057408e+01
+2.009498e-01 4.557828e+01
+1.058808e-01 3.469704e+01
-3.241659e-01 2.702471e+01
-4.082083e-01 2.419138e+01
+2.718785e-01 2.286470e+01
-6.450909e-02 1.826462e+01
-2.367490e-02 1.663780e+01
-2.195805e-03 2.706954e-02
-4.393807e-04 1.075403e-02
+4.853290e-03 1.433345e-01
-3.724792e-03 8.583189e-02
-1.065687e-03 3.052026e-02
-4.010471e-03 4.905337e-02
-1.573998e-03 4.131785e-02
+4.175937e-04 4.285965e-02
+1.669099e-03 3.125559e-02
+4.280274e-04 2.648495e-02
+5.468886e-06 2.651524e-03
-3.974804e-06 1.014507e-03
+4.109051e-05 9.168699e-03
-2.694359e-05 5.642443e-03
-1.651659e-05 2.082469e-03
+2.694954e-05 3.855616e-03
+2.627673e-05 3.440636e-03
-1.686863e-05 3.333750e-03
+9.025780e-06 2.419586e-03
-7.913872e-06 2.201224e-03
-7.622933e+00 1.629729e+01
+6.720598e+00 1.635541e+01
-1.662718e+00 2.698493e+01
-4.486002e+00 2.628743e+01
+9.946893e-01 2.112761e+01
-3.901244e+00 2.690967e+01
-2.340008e+00 3.394281e+01
-6.930094e+00 2.832393e+01
-2.145865e+00 2.508483e+01
-1.459666e+00 2.498201e+01
-3.714098e-01 2.478599e+01
+2.099777e+00 2.287952e+01
+2.161915e+01 1.515392e+00
+1.422599e-04 6.477093e-01
+3.064973e-04 7.163428e-01
-2.074094e-04 1.164046e+00
-1.575443e-06 1.439640e+00
+2.606418e-04 1.499391e+00
-1.580294e-04 1.602015e+00
-1.707671e-04 1.764634e+00
+3.423765e-05 1.801256e+00
-4.952401e-04 1.857440e+00
-5.503433e-04 1.820319e+00
-1.063223e-03 1.667468e+00
-9.350644e-04 1.573021e+00
+1.673995e-04 3.984567e-02
+1.455297e-05 9.967202e-02
-7.153973e-05 1.228052e-01
+2.413930e-05 2.023448e-01
-6.303784e-05 2.425422e-01
+9.924996e-05 2.730612e-01
-2.603152e-05 2.932439e-01
-9.377545e-05 3.325123e-01
+1.473286e-04 3.427704e-01
-2.199002e-04 3.582839e-01
-7.064042e-05 3.513295e-01
-3.016937e-05 3.255321e-01
-4.839357e-06 3.047716e-01
+3.437364e-06 7.423919e-03
-2.248661e-01 3.443929e+02
+2.800065e-01 2.360654e+02
-1.467935e-01 7.060032e+01
+1.972122e-01 4.560157e+01
+1.048081e-01 3.470924e+01
-3.281812e-01 2.700953e+01
-4.097868e-01 2.419172e+01
+2.722937e-01 2.286870e+01
-6.283396e-02 1.827164e+01
-2.324778e-02 1.664621e+01
-2.188097e-03 2.705523e-02
-4.444673e-04 1.074679e-02
+4.900846e-03 1.433156e-01
-3.756208e-03 8.581688e-02
-1.084351e-03 3.051003e-02
-3.979379e-03 4.904558e-02
-1.544678e-03 4.131100e-02
+3.973635e-04 4.285146e-02
+1.680352e-03 3.124823e-02
+4.187469e-04 2.647594e-02
+2.005714e-06 2.651057e-03
-4.521528e-06 1.014290e-03
+5.038712e-05 9.168263e-03
-3.362699e-05 5.642098e-03
-2.009219e-05 2.082250e-03
+2.537024e-05 3.855433e-03
+2.698390e-05 3.440513e-03
-1.627121e-05 3.333598e-03
+1.203757e-05 2.419398e-03
-9.082763e-06 2.200994e-03
-7.623019e+00 1.629917e+01
+6.720952e+00 1.635730e+01
-1.662923e+00 2.698933e+01
-4.485756e+00 2.629031e+01
+9.948078e-01 2.112903e+01
-3.901208e+00 2.691349e+01
-2.340049e+00 3.394259e+01
-6.930125e+00 2.832147e+01
-2.146295e+00 2.508101e+01
-1.460090e+00 2.498371e+01
-3.725002e-01 2.478513e+01
+2.098592e+00 2.287706e+01
+2.161932e+01 1.515426e+00
+1.859181e-04 6.474750e-01
+1.817631e-04 7.161692e-01
-1.395488e-04 1.163984e+00
-8.965407e-05 1.439590e+00
+3.527773e-04 1.499340e+00
-3.258479e-04 1.601878e+00
-2.773221e-04 1.764787e+00
+3.473709e-04 1.801529e+00
-6.642150e-04 1.857750e+00
-5.329973e-04 1.820630e+00
-1.037761e-03 1.667625e+00
-9.322763e-04 1.573656e+00
+1.683429e-04 3.982265e-02
+1.036886e-05 9.958891e-02
-5.116756e-05 1.227109e-01
-7.370093e-06 2.021572e-01
-5.941302e-05 2.423406e-01
+8.305025e-05 2.728285e-01
+5.756990e-05 2.929763e-01
-1.622788e-04 3.322219e-01
+5.996997e-05 3.424368e-01
-1.943975e-04 3.579706e-01
-1.031817e-04 3.510335e-01
-4.704777e-05 3.252366e-01
+6.521236e-05 3.044610e-01
+7.621318e-06 7.415430e-03
-2.270659e-01 3.444500e+02
+2.795674e-01 2.360393e+02
-1.418598e-01 7.062636e+01
+1.934338e-01 4.562482e+01
+1.037124e-01 3.472154e+01
-3.321790e-01 2.699435e+01
-4.113484e-01 2.419212e+01
+2.726907e-01 2.287272e+01
-6.114164e-02 1.827859e+01
-2.282933e-02 1.665465e+01
-2.180253e-03 2.704057e-02
-4.524862e-04 1.073985e-02
+4.960177e-03 1.432891e-01
-3.796427e-03 8.579712e-02
-1.107039e-03 3.049864e-02
-3.944854e-03 4.903594e-02
-1.510740e-03 4.130283e-02
+3.751724e-04 4.284156e-02
+1.696161e-03 3.124013e-02
+4.068855e-04 2.646664e-02
-1.710642e-06 2.648705e-03
-6.054422e-06 1.013022e-03
+5.758170e-05 9.167051e-03
-3.942579e-05 5.640932e-03
-2.270332e-05 2.080907e-03
+2.326762e-05 3.854393e-03
+2.775507e-05 3.439439e-03
-1.469636e-05 3.332463e-03
+1.498047e-05 2.418459e-03
-1.041011e-05 2.199773e-03
-7.623123e+00 1.630129e+01
+6.721422e+00 1.636008e+01
-1.663160e+00 2.699398e+01
-4.485617e+00 2.629336e+01
+9.949311e-01 2.113008e+01
-3.901200e+00 2.691601e+01
-2.340089e+00 3.394617e+01
-6.930180e+00 2.832158e+01
-2.146748e+00 2.507666e+01
-1.460541e+00 2.498534e+01
-3.736282e-01 2.478770e+01
+2.097762e+00 2.287535e+01
+2.161950e+01 1.515399e+00
+2.335385e-04 6.471766e-01
+6.963267e-05 7.159204e-01
-1.160892e-04 1.163633e+00
-1.918416e-04 1.439455e+00
+4.025551e-04 1.499336e+00
-4.358117e-04 1.601801e+00
-4.295167e-04 1.764679e+00
+6.075457e-04 1.801595e+00
-6.744775e-04 1.858045e+00
-5.020275e-04 1.820695e+00
-1.026223e-03 1.667755e+00
-8.344749e-04 1.574090e+00
+1.691044e-04 3.981026e-02
+8.424307e-06 9.947013e-02
-2.690546e-05 1.225831e-01
-2.698466e-05 2.019288e-01
-2.983805e-05 2.420763e-01
+6.336109e-05 2.724547e-01
+1.436701e-04 2.925770e-01
-2.291716e-04 3.318438e-01
-6.142272e-05 3.419822e-01
-1.789055e-04 3.574835e-01
-1.513371e-04 3.506494e-01
-7.305010e-05 3.248293e-01
+9.828604e-05 3.040595e-01
+7.848798e-06 7.398941e-03
-2.292650e-01 3.445073e+02
+2.791222e-01 2.360131e+02
-1.368656e-01 7.065214e+01
+1.896136e-01 4.564801e+01
+1.025946e-01 3.473390e+01
-3.361592e-01 2.697914e+01
-4.128912e-01 2.419254e+01
+2.730722e-01 2.287672e+01
-5.943037e-02 1.828548e+01
-2.242090e-02 1.666311e+01
-2.172647e-03 2.703341e-02
-4.645494e-04 1.073729e-02
+5.018699e-03 1.432681e-01
-3.837747e-03 8.578227e-02
-1.128770e-03 3.049303e-02
-3.910422e-03 4.903006e-02
-1.474748e-03 4.129866e-02
+3.553778e-04 4.283591e-02
+1.713752e-03 3.123557e-02
+3.935901e-04 2.646199e-02
-6.080113e-06 2.644246e-03
-7.659165e-06 1.010573e-03
+5.964081e-05 9.164805e-03
-4.221032e-05 5.638719e-03
-2.332760e-05 2.078201e-03
+1.984940e-05 3.852344e-03
+2.742602e-05 3.437303e-03
-1.217030e-05 3.330197e-03
+1.660155e-05 2.416625e-03
-1.128795e-05 2.197380e-03
-7.623192e+00 1.630319e+01
+6.721774e+00 1.636339e+01
-1.663329e+00 2.699928e+01
-4.485472e+00 2.629811e+01
+9.950546e-01 2.113367e+01
-3.901019e+00 2.691727e+01
-2.340525e+00 3.394810e+01
-6.930203e+00 2.832511e+01
-2.147282e+00 2.507068e+01
-1.461127e+00 2.498473e+01
-3.745701e-01 2.478984e+01
+2.096945e+00 2.287615e+01
+2.161970e+01 1.515355e+00
+2.815321e-04 6.468441e-01
-2.606757e-05 7.157765e-01
-9.858284e-05 1.163372e+00
-2.416586e-04 1.439204e+00
+4.415697e-04 1.499260e+00
-4.622628e-04 1.601953e+00
-6.467071e-04 1.764712e+00
+7.115821e-04 1.801395e+00
-6.549004e-04 1.858505e+00
-4.319787e-04 1.821005e+00
-1.045014e-03 1.667778e+00
-7.551743e-04 1.574303e+00
+1.707635e-04 3.979518e-02
+7.283008e-06 9.935366e-02
+1.049980e-06 1.224429e-01
-2.821990e-05 2.017036e-01
+1.472947e-05 2.418245e-01
+3.673938e-05 2.721213e-01
+1.970931e-04 2.921831e-01
-2.824146e-04 3.314735e-01
-1.662271e-04 3.416238e-01
-1.767063e-04 3.570047e-01
-2.095198e-04 3.502414e-01
-1.138475e-04 3.244802e-01
+8.966618e-05 3.037348e-01
+4.309539e-06 7.382684e-03
-2.314635e-01 3.445649e+02
+2.786654e-01 2.359865e+02
-1.318121e-01 7.067758e+01
+1.857500e-01 4.567119e+01
+1.014560e-01 3.474626e+01
-3.401222e-01 2.696386e+01
-4.144123e-01 2.419296e+01
+2.734419e-01 2.288064e+01
-5.769764e-02 1.829233e+01
-2.202437e-02 1.667159e+01
-2.166093e-03 2.701900e-02
-4.802343e-04 1.073079e-02
+5.076213e-03 1.432448e-01
-3.880321e-03 8.576481e-02
-1.149513e-03 3.048392e-02
-3.875936e-03 4.902093e-02
-1.436733e-03 4.129080e-02
+3.368168e-04 4.282637e-02
+1.732861e-03 3.122839e-02
+3.787848e-04 2.645393e-02
-1.146939e-05 2.641193e-03
-8.095399e-06 1.008914e-03
+5.913745e-05 9.162978e-03
-4.342853e-05 5.637012e-03
-2.312545e-05 2.076261e-03
+1.593469e-05 3.850856e-03
+2.613026e-05 3.435861e-03
-1.072252e-05 3.328632e-03
+1.697033e-05 2.415302e-03
-1.174142e-05 2.195689e-03
