+2.983506e+00 1.536898e+01
+4.842990e+00 1.384086e+01
-1.011631e+00 2.326472e+01
-1.857314e+00 2.337111e+01
-3.702168e+00 2.109141e+01
-1.571727e+00 2.198427e+01
-3.739864e-01 2.210281e+01
+1.085787e-01 2.065223e+01
-1.626745e+00 2.061352e+01
-7.684098e-01 2.101869e+01
-6.270723e-01 1.774095e+01
-7.590419e-01 1.434208e+01
+2.220979e+01 1.412017e+00
+1.910117e-04 6.120861e-01
-2.172213e-04 6.463267e-01
+3.381077e-04 9.652597e-01
+1.607683e-04 1.328782e+00
-5.451578e-04 1.280004e+00
-1.282210e-03 1.394376e+00
-1.976945e-04 1.572749e+00
+3.481849e-04 1.671307e+00
-3.279749e-04 1.638038e+00
-5.556523e-04 1.570206e+00
+1.945823e-04 1.371097e+00
+7.471498e-05 1.223016e+00
+1.260525e-05 6.373620e-02
-7.682034e-06 9.347698e-02
+7.759518e-05 1.067035e-01
-1.428144e-04 1.581803e-01
-1.268651e-04 2.265937e-01
-4.991560e-05 2.329297e-01
+1.738127e-04 2.589389e-01
-4.799921e-05 2.984740e-01
+1.570438e-05 3.219772e-01
+1.870859e-04 3.140648e-01
+1.465701e-04 3.028756e-01
+1.103707e-04 2.642553e-01
+8.265169e-05 2.372875e-01
-9.369895e-07 1.290714e-02
-2.092769e-01 3.439957e+02
+2.829828e-01 2.362485e+02
-1.805621e-01 7.041409e+01
+2.231531e-01 4.543739e+01
+1.121851e-01 3.462519e+01
-2.996337e-01 2.711752e+01
-3.983597e-01 2.419030e+01
+2.691382e-01 2.284203e+01
-7.448914e-02 1.822201e+01
-2.633516e-02 1.658777e+01
-2.303396e-03 2.704348e-02
-3.872409e-04 1.073676e-02
+4.686655e-03 1.433054e-01
-3.608649e-03 8.581089e-02
-1.006417e-03 3.048764e-02
-4.222186e-03 4.901423e-02
-1.743738e-03 4.126448e-02
+5.478944e-04 4.280784e-02
+1.619559e-03 3.124385e-02
+4.799552e-04 2.647469e-02
+2.649414e-05 2.643010e-03
-9.760124e-06 1.009583e-03
-1.155645e-05 9.165225e-03
+3.936043e-06 5.638856e-03
+4.333728e-06 2.076730e-03
+3.200324e-05 3.851642e-03
+1.807519e-05 3.435433e-03
-2.111433e-05 3.328284e-03
+8.519317e-08 2.416339e-03
-4.956703e-06 2.197127e-03
+2.983670e+00 1.536894e+01
+4.842889e+00 1.384077e+01
-1.011623e+00 2.326521e+01
-1.857399e+00 2.337024e+01
-3.702802e+00 2.109108e+01
-1.572392e+00 2.198613e+01
-3.740996e-01 2.210562e+01
+1.086412e-01 2.065327e+01
-1.627004e+00 2.061035e+01
-7.687815e-01 2.101755e+01
-6.269668e-01 1.774098e+01
-7.588538e-01 1.434229e+01
+2.220979e+01 1.412093e+00
+1.883337e-04 6.120443e-01
-1.752144e-04 6.462402e-01
+2.459892e-04 9.651192e-01
+7.372494e-05 1.328381e+00
-5.967992e-04 1.279531e+00
-1.116076e-03 1.393839e+00
-2.039555e-04 1.572303e+00
+3.102770e-04 1.670843e+00
-2.548002e-04 1.637060e+00
-4.349717e-04 1.569317e+00
+2.028617e-04 1.370653e+00
+3.133157e-05 1.222383e+00
+7.271427e-06 6.383294e-02
-1.811693e-05 9.353256e-02
+6.578561e-05 1.068335e-01
-1.014999e-04 1.583498e-01
-1.182502e-04 2.268408e-01
-1.303711e-05 2.332703e-01
+2.070661e-04 2.593876e-01
-3.939389e-05 2.990081e-01
+3.711068e-06 3.225883e-01
+1.982815e-04 3.146716e-01
+1.409677e-04 3.034737e-01
+1.039360e-04 2.647061e-01
+5.238210e-05 2.377391e-01
+6.303774e-06 1.295026e-02
-2.115639e-01 3.440533e+02
+2.825847e-01 2.362219e+02
-1.757382e-01 7.044114e+01
+2.194501e-01 4.546115e+01
+1.111275e-01 3.463703e+01
-3.037986e-01 2.710176e+01
-4.000563e-01 2.419029e+01
+2.696313e-01 2.284568e+01
-7.282787e-02 1.822916e+01
-2.587863e-02 1.659604e+01
-2.273844e-03 2.705695e-02
-4.024441e-04 1.074480e-02
+4.711958e-03 1.433183e-01
-3.629671e-03 8.582195e-02
-1.013356e-03 3.050052e-02
-4.180768e-03 4.902708e-02
-1.716238e-03 4.128133e-02
+5.187071e-04 4.282589e-02
+1.633038e-03 3.125023e-02
+4.685831e-04 2.648156e-02
+2.651508e-05 2.644932e-03
-9.800734e-06 1.010686e-03
-1.905812e-06 9.166090e-03
-8.610914e-07 5.639685e-03
+1.970784e-06 2.077953e-03
+3.365997e-05 3.852519e-03
+2.057237e-05 3.436578e-03
-2.122435e-05 3.329431e-03
+2.315933e-06 2.417039e-03
-5.827449e-06 2.198063e-03
+2.983779e+00 1.536873e+01
+4.842725e+00 1.384059e+01
-1.011520e+00 2.326554e+01
-1.857583e+00 2.336985e+01
-3.703279e+00 2.109046e+01
-1.572914e+00 2.198732e+01
-3.741119e-01 2.210497e+01
+1.088480e-01 2.065355e+01
-1.627037e+00 2.060746e+01
-7.691072e-01 2.101638e+01
-6.270938e-01 1.774036e+01
-7.590037e-01 1.434246e+01
+2.220976e+01 1.412111e+00
+1.779301e-04 6.119899e-01
-1.292667e-04 6.461658e-01
+2.198382e-04 9.650131e-01
-9.380180e-06 1.328000e+00
-5.670214e-04 1.279014e+00
-8.652432e-04 1.393307e+00
-1.989332e-04 1.571890e+00
+2.984560e-04 1.670267e+00
-5.126610e-05 1.636322e+00
-2.560437e-04 1.568386e+00
+2.357981e-04 1.370218e+00
-1.013148e-05 1.221622e+00
+3.075833e-07 6.392962e-02
-1.888097e-05 9.358618e-02
+5.744631e-05 1.069563e-01
-6.036936e-05 1.585170e-01
-9.012467e-05 2.270858e-01
+3.327914e-05 2.336084e-01
+2.210282e-04 2.598377e-01
-2.825402e-05 2.995237e-01
-2.448784e-06 3.231952e-01
+1.759724e-04 3.152205e-01
+1.042270e-04 3.040620e-01
+9.860583e-05 2.651698e-01
+4.600970e-05 2.382371e-01
+1.112307e-05 1.299376e-02
-2.138196e-01 3.441107e+02
+2.821719e-01 2.361956e+02
-1.709184e-01 7.046806e+01
+2.157466e-01 4.548481e+01
+1.100757e-01 3.464899e+01
-3.079317e-01 2.708610e+01
-4.017355e-01 2.419045e+01
+2.701053e-01 2.284936e+01
-7.116049e-02 1.823630e+01
-2.542907e-02 1.660441e+01
-2.246800e-03 2.706289e-02
-4.154293e-04 1.074864e-02
+4.738661e-03 1.433276e-01
-3.649605e-03 8.582907e-02
-1.020964e-03 3.050867e-02
-4.139571e-03 4.903698e-02
-1.686799e-03 4.129448e-02
+4.919728e-04 4.283905e-02
+1.644352e-03 3.125350e-02
+4.581991e-04 2.648470e-02
+2.317411e-05 2.648093e-03
-8.509395e-06 1.012477e-03
+7.200438e-06 9.167477e-03
-5.513849e-06 5.641051e-03
-1.679929e-06 2.079995e-03
+3.456811e-05 3.853865e-03
+2.413271e-05 3.438281e-03
-2.039327e-05 3.331250e-03
+2.913347e-06 2.418240e-03
-6.243834e-06 2.199558e-03
+2.983971e+00 1.536873e+01
+4.842670e+00 1.384012e+01
-1.011461e+00 2.326564e+01
-1.857590e+00 2.336986e+01
-3.703785e+00 2.108918e+01
-1.573233e+00 2.198708e+01
-3.743444e-01 2.210585e+01
+1.090837e-01 2.065400e+01
-1.626852e+00 2.060419e+01
-7.689031e-01 2.101446e+01
-6.266929e-01 1.773947e+01
-7.591688e-01 1.434106e+01
+2.220976e+01 1.412070e+00
+1.559661e-04 6.119438e-01
-9.945192e-05 6.460751e-01
+2.336661e-04 9.648969e-01
-7.523018e-05 1.327579e+00
-4.616602e-04 1.278576e+00
-6.354266e-04 1.392927e+00
-2.032830e-04 1.571453e+00
+2.671926e-04 1.669590e+00
+9.244252e-05 1.635536e+00
-1.875664e-04 1.567663e+00
+2.670889e-04 1.369788e+00
+7.036252e-06 1.220900e+00
+6.796787e-06 6.402703e-02
-1.277190e-05 9.364769e-02
+4.559386e-05 1.071020e-01
-3.133630e-05 1.587161e-01
-6.096841e-05 2.273668e-01
+6.107481e-05 2.339814e-01
+2.035032e-04 2.603241e-01
-7.885204e-06 3.001278e-01
+4.541173e-06 3.239162e-01
+1.097994e-04 3.158435e-01
+2.514758e-05 3.047177e-01
+5.782935e-05 2.657011e-01
+4.047191e-05 2.387880e-01
+1.279474e-05 1.303512e-02
-2.160504e-01 3.441679e+02
+2.817483e-01 2.361694e+02
-1.661020e-01 7.049482e+01
+2.120442e-01 4.550833e+01
+1.090274e-01 3.466101e+01
-3.120326e-01 2.707056e+01
-4.033920e-01 2.419069e+01
+2.705637e-01 2.285308e+01
-6.949189e-02 1.824343e+01
-2.498482e-02 1.661282e+01
-2.225069e-03 2.706892e-02
-4.254768e-04 1.075257e-02
+4.766158e-03 1.433375e-01
-3.668367e-03 8.583568e-02
-1.030545e-03 3.051680e-02
-4.097804e-03 4.904717e-02
-1.653027e-03 4.130773e-02
+4.679580e-04 4.285150e-02
+1.651967e-03 3.125657e-02
+4.487850e-04 2.648745e-02
+1.756975e-05 2.650604e-03
-6.574916e-06 1.013907e-03
+1.599682e-05 9.168580e-03
-1.045532e-05 5.642182e-03
-5.863252e-06 2.081683e-03
+3.315945e-05 3.854993e-03
+2.615297e-05 3.439698e-03
-1.878415e-05 3.332804e-03
+3.363125e-06 2.419221e-03
-6.383746e-06 2.200764e-03
+2.984149e+00 1.536858e+01
+4.842655e+00 1.383949e+01
-1.011249e+00 2.326525e+01
-1.857805e+00 2.336924e+01
-3.704151e+00 2.108811e+01
-1.573618e+00 2.198712e+01
-3.744957e-01 2.210676e+01
+1.092924e-01 2.065500e+01
-1.626437e+00 2.060301e+01
-7.687935e-01 2.101055e+01
-6.263717e-01 1.773929e+01
-7.590917e-01 1.433999e+01
+2.220973e+01 1.411933e+00
+1.568955e-04 6.118942e-01
-6.260838e-05 6.460253e-01
+2.255367e-04 9.648114e-01
-9.860028e-05 1.327251e+00
-3.979132e-04 1.278089e+00
-4.708274e-04 1.392423e+00
-1.980759e-04 1.570845e+00
+2.707888e-04 1.669058e+00
+1.131730e-04 1.634611e+00
-2.339812e-04 1.567024e+00
+2.983607e-04 1.369436e+00
+4.647946e-05 1.220332e+00
+2.057415e-05 6.411949e-02
+4.523404e-07 9.370474e-02
+3.483545e-05 1.072360e-01
-2.796831e-05 1.589108e-01
-2.613888e-05 2.276357e-01
+5.800306e-05 2.343417e-01
+1.686137e-04 2.607878e-01
+1.240950e-05 3.007171e-01
+1.578587e-05 3.246013e-01
+1.801462e-05 3.165112e-01
-4.422109e-05 3.053356e-01
+6.762217e-06 2.662079e-01
+9.173908e-06 2.392941e-01
+1.241273e-05 1.306723e-02
-2.182639e-01 3.442244e+02
+2.813171e-01 2.361433e+02
-1.612884e-01 7.052138e+01
+2.083441e-01 4.553172e+01
+1.079795e-01 3.467302e+01
-3.161000e-01 2.705515e+01
-4.050194e-01 2.419092e+01
+2.710093e-01 2.285688e+01
-6.782676e-02 1.825051e+01
-2.454520e-02 1.662118e+01
-2.210842e-03 2.707442e-02
-4.320599e-04 1.075610e-02
+4.794571e-03 1.433425e-01
-3.686868e-03 8.583891e-02
-1.041778e-03 3.052271e-02
-4.062157e-03 4.905394e-02
-1.621720e-03 4.131668e-02
+4.482331e-04 4.285970e-02
+1.657609e-03 3.125871e-02
+4.408499e-04 2.648934e-02
+1.232748e-05 2.651475e-03
-5.085560e-06 1.014423e-03
+2.452832e-05 9.168944e-03
-1.577774e-05 5.642582e-03
-9.787459e-06 2.082339e-03
+3.075755e-05 3.855477e-03
+2.660766e-05 3.440344e-03
-1.749704e-05 3.333493e-03
+4.626033e-06 2.419575e-03
-6.665870e-06 2.201200e-03
+2.984196e+00 1.536829e+01
+4.842504e+00 1.383922e+01
-1.010990e+00 2.326469e+01
-1.858010e+00 2.336908e+01
-3.704430e+00 2.108720e+01
-1.574017e+00 2.198858e+01
-3.746276e-01 2.210714e+01
+1.094043e-01 2.065376e+01
-1.626516e+00 2.060101e+01
-7.693603e-01 2.100956e+01
-6.262372e-01 1.773985e+01
-7.588309e-01 1.433985e+01
+2.220978e+01 1.411576e+00
+1.594628e-04 6.119241e-01
-4.201787e-05 6.461474e-01
+2.046717e-04 9.650111e-01
-1.169551e-04 1.327374e+00
-3.531466e-04 1.278141e+00
-3.475699e-04 1.392555e+00
-1.540606e-04 1.571265e+00
+3.094510e-04 1.669773e+00
+6.417200e-05 1.634686e+00
-3.694540e-04 1.567217e+00
+2.445001e-04 1.369958e+00
+3.213291e-05 1.220561e+00
+3.190620e-05 6.419699e-02
+1.582441e-05 9.374206e-02
+2.754784e-05 1.073216e-01
-3.400045e-05 1.590414e-01
+4.834100e-06 2.278155e-01
+4.141244e-05 2.345935e-01
+1.452530e-04 2.611002e-01
+3.230520e-05 3.011162e-01
+2.944375e-05 3.250460e-01
-4.878190e-05 3.169713e-01
-7.039995e-05 3.057710e-01
-4.247920e-05 2.665443e-01
-4.314484e-05 2.396368e-01
+8.216377e-06 1.308567e-02
-2.204648e-01 3.442804e+02
+2.808802e-01 2.361173e+02
-1.564773e-01 7.054775e+01
+2.046470e-01 4.555502e+01
+1.069302e-01 3.468503e+01
-3.201330e-01 2.703995e+01
-4.066139e-01 2.419115e+01
+2.714439e-01 2.286079e+01
-6.616793e-02 1.825757e+01
-2.411005e-02 1.662949e+01
-2.203323e-03 2.707198e-02
-4.357203e-04 1.075506e-02
+4.823931e-03 1.433385e-01
-3.705830e-03 8.583540e-02
-1.053732e-03 3.052148e-02
-4.036314e-03 4.905365e-02
-1.597859e-03 4.131727e-02
+4.329134e-04 4.285968e-02
+1.663354e-03 3.125715e-02
+4.344386e-04 2.648715e-02
+8.898184e-06 2.651499e-03
-4.530182e-06 1.014465e-03
+3.280941e-05 9.168822e-03
-2.136067e-05 5.642513e-03
-1.315203e-05 2.082404e-03
+2.885355e-05 3.855546e-03
+2.644219e-05 3.440490e-03
-1.718283e-05 3.333621e-03
+6.825907e-06 2.419580e-03
-7.289871e-06 2.201212e-03
+2.984242e+00 1.536799e+01
+4.842354e+00 1.383896e+01
-1.010730e+00 2.326413e+01
-1.858215e+00 2.336892e+01
-3.704709e+00 2.108630e+01
-1.574417e+00 2.199004e+01
-3.747595e-01 2.210753e+01
+1.095161e-01 2.065252e+01
-1.626595e+00 2.059901e+01
-7.699271e-01 2.100858e+01
-6.261027e-01 1.774040e+01
-7.585700e-01 1.433972e+01
+2.220984e+01 1.411219e+00
+1.620301e-04 6.119539e-01
-2.142737e-05 6.462695e-01
+1.838066e-04 9.652109e-01
-1.353100e-04 1.327497e+00
-3.083799e-04 1.278194e+00
-2.243125e-04 1.392686e+00
-1.100453e-04 1.571684e+00
+3.481133e-04 1.670487e+00
+1.517098e-05 1.634761e+00
-5.049267e-04 1.567410e+00
+1.906396e-04 1.370479e+00
+1.778636e-05 1.220790e+00
+4.323825e-05 6.427449e-02
+3.119648e-05 9.377938e-02
+2.026023e-05 1.074072e-01
-4.003259e-05 1.591721e-01
+3.580707e-05 2.279953e-01
+2.482183e-05 2.348454e-01
+1.218924e-04 2.614125e-01
+5.220090e-05 3.015153e-01
+4.310162e-05 3.254908e-01
-1.155784e-04 3.174313e-01
-9.657881e-05 3.062065e-01
-9.172062e-05 2.668807e-01
-9.546359e-05 2.399795e-01
+4.020026e-06 1.310411e-02
-2.226658e-01 3.443364e+02
+2.804434e-01 2.360913e+02
-1.516661e-01 7.057408e+01
+2.009498e-01 4.557828e+01
+1.058808e-01 3.469704e+01
-3.241659e-01 2.702471e+01
-4.082083e-01 2.419138e+01
+2.718785e-01 2.286470e+01
-6.450909e-02 1.826462e+01
-2.367490e-02 1.663780e+01
-2.195805e-03 2.706954e-02
-4.393807e-04 1.075403e-02
+4.853290e-03 1.433345e-01
-3.724792e-03 8.583189e-02
-1.065687e-03 3.052026e-02
-4.010471e-03 4.905337e-02
-1.573998e-03 4.131785e-02
+4.175937e-04 4.285965e-02
+1.669099e-03 3.125559e-02
+4.280274e-04 2.648495e-02
+5.468886e-06 2.651524e-03
-3.974804e-06 1.014507e-03
+4.109051e-05 9.168699e-03
-2.694359e-05 5.642443e-03
-1.651659e-05 2.082469e-03
+2.694954e-05 3.855616e-03
+2.627673e-05 3.440636e-03
-1.686863e-05 3.333750e-03
+9.025780e-06 2.419586e-03
-7.913872e-06 2.201224e-03
+2.984303e+00 1.536778e+01
+4.842372e+00 1.383899e+01
-1.010544e+00 2.326388e+01
-1.858461e+00 2.336988e+01
-3.705000e+00 2.108614e+01
-1.574384e+00 2.199105e+01
-3.750551e-01 2.210835e+01
+1.095657e-01 2.065368e+01
-1.626371e+00 2.060046e+01
-7.703702e-01 2.100934e+01
-6.259168e-01 1.774022e+01
-7.584539e-01 1.433870e+01
+2.220990e+01 1.410782e+00
+1.793932e-04 6.118918e-01
-5.980831e-06 6.462385e-01
+1.745304e-04 9.651791e-01
-1.287662e-04 1.327412e+00
-2.352746e-04 1.277941e+00
-5.251638e-05 1.392444e+00
-5.282894e-05 1.571663e+00
+3.254830e-04 1.670424e+00
-1.205998e-04 1.634410e+00
-6.443550e-04 1.566999e+00
+7.118593e-05 1.370397e+00
-1.766533e-05 1.220625e+00
+4.641963e-05 6.426056e-02
+4.837802e-05 9.377359e-02
+5.421521e-06 1.074004e-01
-3.968137e-05 1.591653e-01
+6.678184e-05 2.279626e-01
+3.793606e-06 2.348169e-01
+5.887313e-05 2.613565e-01
+8.497592e-05 3.014964e-01
+8.134758e-05 3.254734e-01
-1.816989e-04 3.174207e-01
-1.362699e-04 3.061933e-01
-1.350726e-04 2.668411e-01
-1.431844e-04 2.399457e-01
+9.629111e-07 1.310374e-02
-2.248661e-01 3.443929e+02
+2.800065e-01 2.360654e+02
-1.467935e-01 7.060032e+01
+1.972122e-01 4.560157e+01
+1.048081e-01 3.470924e+01
-3.281812e-01 2.700953e+01
-4.097868e-01 2.419172e+01
+2.722937e-01 2.286870e+01
-6.283396e-02 1.827164e+01
-2.324778e-02 1.664621e+01
-2.188097e-03 2.705523e-02
-4.444673e-04 1.074679e-02
+4.900846e-03 1.433156e-01
-3.756208e-03 8.581688e-02
-1.084351e-03 3.051003e-02
-3.979379e-03 4.904558e-02
-1.544678e-03 4.131100e-02
+3.973635e-04 4.285146e-02
+1.680352e-03 3.124823e-02
+4.187469e-04 2.647594e-02
+2.005714e-06 2.651057e-03
-4.521528e-06 1.014290e-03
+5.038712e-05 9.168263e-03
-3.362699e-05 5.642098e-03
-2.009219e-05 2.082250e-03
+2.537024e-05 3.855433e-03
+2.698390e-05 3.440513e-03
-1.627121e-05 3.333598e-03
+1.203757e-05 2.419398e-03
-9.082763e-06 2.200994e-03
+2.984316e+00 1.536775e+01
+4.842260e+00 1.383895e+01
-1.010485e+00 2.326343e+01
-1.858839e+00 2.337009e+01
-3.705156e+00 2.108517e+01
-1.574184e+00 2.198975e+01
-3.750387e-01 2.210884e+01
+1.095021e-01 2.065192e+01
-1.626286e+00 2.059874e+01
-7.706790e-01 2.101136e+01
-6.259047e-01 1.774101e+01
-7.582212e-01 1.433876e+01
+2.220992e+01 1.410309e+00
+1.941962e-04 6.119129e-01
-1.611212e-05 6.464184e-01
+2.127720e-04 9.654566e-01
-1.123451e-04 1.327834e+00
-1.790916e-04 1.278521e+00
+4.483995e-05 1.393051e+00
+3.606115e-05 1.572492e+00
+3.454626e-04 1.671499e+00
-2.435034e-04 1.635185e+00
-8.044222e-04 1.567804e+00
-9.078815e-05 1.370953e+00
-1.186382e-04 1.221401e+00
+4.314885e-05 6.424569e-02
+6.289732e-05 9.374751e-02
-1.263975e-05 1.073443e-01
-5.098320e-05 1.590960e-01
+9.638448e-05 2.278362e-01
-2.183586e-05 2.346620e-01
-4.134712e-05 2.611420e-01
+1.090486e-04 3.013085e-01
+1.486540e-04 3.251963e-01
-2.380667e-04 3.171639e-01
-1.783466e-04 3.059655e-01
-1.438989e-04 2.666498e-01
-1.694503e-04 2.397640e-01
+3.711632e-06 1.308853e-02
-2.270659e-01 3.444500e+02
+2.795674e-01 2.360393e+02
-1.418598e-01 7.062636e+01
+1.934338e-01 4.562482e+01
+1.037124e-01 3.472154e+01
-3.321790e-01 2.699435e+01
-4.113484e-01 2.419212e+01
+2.726907e-01 2.287272e+01
-6.114164e-02 1.827859e+01
-2.282933e-02 1.665465e+01
-2.180253e-03 2.704057e-02
-4.524862e-04 1.073985e-02
+4.960177e-03 1.432891e-01
-3.796427e-03 8.579712e-02
-1.107039e-03 3.049864e-02
-3.944854e-03 4.903594e-02
-1.510740e-03 4.130283e-02
+3.751724e-04 4.284156e-02
+1.696161e-03 3.124013e-02
+4.068855e-04 2.646664e-02
-1.710642e-06 2.648705e-03
-6.054422e-06 1.013022e-03
+5.758170e-05 9.167051e-03
-3.942579e-05 5.640932e-03
-2.270332e-05 2.080907e-03
+2.326762e-05 3.854393e-03
+2.775507e-05 3.439439e-03
-1.469636e-05 3.332463e-03
+1.498047e-05 2.418459e-03
-1.041011e-05 2.199773e-03
+2.984426e+00 1.536751e+01
+4.842188e+00 1.383856e+01
-1.010304e+00 2.326264e+01
-1.859026e+00 2.337047e+01
-3.705238e+00 2.108490e+01
-1.573824e+00 2.199091e+01
-3.751123e-01 2.211000e+01
+1.091887e-01 2.064985e+01
-1.626566e+00 2.059939e+01
-7.710748e-01 2.101371e+01
-6.261337e-01 1.774125e+01
-7.581523e-01 1.433904e+01
+2.220993e+01 1.409798e+00
+2.193265e-04 6.119583e-01
-5.121000e-05 6.466288e-01
+2.591714e-04 9.657227e-01
-1.008537e-04 1.328299e+00
-1.366354e-04 1.279028e+00
-1.887687e-05 1.393648e+00
+1.735110e-04 1.573365e+00
+4.670776e-04 1.672837e+00
-3.694604e-04 1.636045e+00
-1.021731e-03 1.568945e+00
-2.020550e-04 1.371743e+00
-1.638606e-04 1.222477e+00
+4.880034e-05 6.423429e-02
+7.705527e-05 9.371060e-02
-2.328223e-05 1.072783e-01
-8.663591e-05 1.590222e-01
+1.080814e-04 2.277029e-01
-5.314391e-05 2.345125e-01
-1.459384e-04 2.609380e-01
+1.139088e-04 3.010995e-01
+2.224745e-04 3.248736e-01
-2.591255e-04 3.168926e-01
-2.010643e-04 3.057044e-01
-1.168577e-04 2.664022e-01
-1.713354e-04 2.395484e-01
+1.123345e-05 1.306384e-02
-2.292650e-01 3.445073e+02
+2.791222e-01 2.360131e+02
-1.368656e-01 7.065214e+01
+1.896136e-01 4.564801e+01
+1.025946e-01 3.473390e+01
-3.361592e-01 2.697914e+01
-4.128912e-01 2.419254e+01
+2.730722e-01 2.287672e+01
-5.943037e-02 1.828548e+01
-2.242090e-02 1.666311e+01
-2.172647e-03 2.703341e-02
-4.645494e-04 1.073729e-02
+5.018699e-03 1.432681e-01
-3.837747e-03 8.578227e-02
-1.128770e-03 3.049303e-02
-3.910422e-03 4.903006e-02
-1.474748e-03 4.129866e-02
+3.553778e-04 4.283591e-02
+1.713752e-03 3.123557e-02
+3.935901e-04 2.646199e-02
-6.080113e-06 2.644246e-03
-7.659165e-06 1.010573e-03
+5.964081e-05 9.164805e-03
-4.221032e-05 5.638719e-03
-2.332760e-05 2.078201e-03
+1.984940e-05 3.852344e-03
+2.742602e-05 3.437303e-03
-1.217030e-05 3.330197e-03
+1.660155e-05 2.416625e-03
-1.128795e-05 2.197380e-03
+2.984482e+00 1.536711e+01
+4.842052e+00 1.383810e+01
-1.009983e+00 2.326211e+01
-1.859280e+00 2.337095e+01
-3.705448e+00 2.108679e+01
-1.573701e+00 2.199110e+01
-3.750644e-01 2.210974e+01
+1.091821e-01 2.064758e+01
-1.626448e+00 2.059884e+01
-7.714685e-01 2.101444e+01
-6.264291e-01 1.774021e+01
-7.584015e-01 1.433838e+01
+2.220992e+01 1.409250e+00
+2.333799e-04 6.120059e-01
-9.250936e-05 6.468059e-01
+2.490211e-04 9.660030e-01
-8.130876e-05 1.328689e+00
-9.615272e-05 1.279421e+00
-1.637928e-04 1.394258e+00
+2.497700e-04 1.574375e+00
+6.525310e-04 1.673880e+00
-4.885121e-04 1.636661e+00
-1.224325e-03 1.569984e+00
-1.988431e-04 1.372617e+00
-1.402368e-04 1.223626e+00
+7.494454e-05 6.421286e-02
+9.704202e-05 9.368201e-02
-1.255093e-05 1.072357e-01
-1.350050e-04 1.589744e-01
+1.187192e-04 2.276198e-01
-7.619349e-05 2.344430e-01
-2.109980e-04 2.608110e-01
+8.450055e-05 3.009566e-01
+2.528477e-04 3.246584e-01
-2.893439e-04 3.167439e-01
-2.029866e-04 3.055588e-01
-8.738964e-05 2.662061e-01
-1.593139e-04 2.394068e-01
+1.708405e-05 1.304189e-02
-2.314635e-01 3.445649e+02
+2.786654e-01 2.359865e+02
-1.318121e-01 7.067758e+01
+1.857500e-01 4.567119e+01
+1.014560e-01 3.474626e+01
-3.401222e-01 2.696386e+01
-4.144123e-01 2.419296e+01
+2.734419e-01 2.288064e+01
-5.769764e-02 1.829233e+01
-2.202437e-02 1.667159e+01
-2.166093e-03 2.701900e-02
-4.802343e-04 1.073079e-02
+5.076213e-03 1.432448e-01
-3.880321e-03 8.576481e-02
-1.149513e-03 3.048392e-02
-3.875936e-03 4.902093e-02
-1.436733e-03 4.129080e-02
+3.368168e-04 4.282637e-02
+1.732861e-03 3.122839e-02
+3.787848e-04 2.645393e-02
-1.146939e-05 2.641193e-03
-8.095399e-06 1.008914e-03
+5.913745e-05 9.162978e-03
-4.342853e-05 5.637012e-03
-2.312545e-05 2.076261e-03
+1.593469e-05 3.850856e-03
+2.613026e-05 3.435861e-03
-1.072252e-05 3.328632e-03
+1.697033e-05 2.415302e-03
-1.174142e-05 2.195689e-03
